20050101
0.17
0.45
0.3
0.29
0.78
0.76
0.31
0.36
0.55
0.65
0.32
0.43
0.51
0.55
0.4
0.28
0.48
0.68
0.55
0.62
0.62
0.82
0.33
0.51
0.71
0.77
0.75
0.66
0.46
0.38
0.56
0.33
0.36
0.7
0.55
0.9
0.91
0.92
0.92
0.61
0.38
0.51
0.48
0.58
0.87
0.94
0.93
0.92
0.76
0.61
0.59
0.59
0.66
0.85
0.75
0.48
0.29
0.39
0.59
0.67
0.56
0.87
0.73
0.45
0.25
0.33
0.34
0.36
0.48
0.41
0.32
0.22
0.52
0.54
0.33
0.87
0.36
0.32
0.33
0.87
0.42
0.42
0.27
0.28
0.29
0.29
0.3
0.26
0.15
0.46
0.76
0.63
0.31
0.21
0.23
0.3
0.42
0.75
0.74
0.31
0.39
0.59
0.27
0.27
0.22
0.21
0.25
0.27
0.51
0.28
0.24
0.18
0.43
0.4
0.23
0.18
0.23
0.27
0.45
0.33
0.16
0.21
0.53
0.74
0.67
0.33
0.35
0.22
0.34
0.64
0.32
0.4
0.79
0.74
0.57
0.96
0.83
0.51
0.54
0.63
0.8
0.46
0.31
0.39
0.72
0.62
0.91
0.57
0.99
0.72
0.6
0.44
0.34
0.48
0.7
0.82
0.65
0.72
0.71
0.93
0.46
0.29
0.47
0.46
0.46
0.4
0.36
0.51
0.6
0.58
0.42
0.4
0.38
0.42
0.59
0.72
0.98
0.95
0.91
0.79
0.52
0.42
0.62
0.64
0.5
0.33
0.36
0.51
0.67
0.43
0.55
0.56
0.65
0.72
0.75
0.82
0.9
0.98
0.95
0.86
0.84
0.84
0.95
0.99
0.97
0.88
0.61
0.84
0.63
0.72
0.83
0.83
0.61
0.81
0.83
0.82
0.94
0.89
0.95
0.91
0.86
0.85
0.86
0.98
0.86
0.92
0.85
0.96
0.91
0.73
0.61
0.68
0.72
0.84
0.93
0.9
0.93
0.75
0.72
0.67
0.64
0.62
0.68
0.67
0.87
0.67
0.73
0.57
0.68
0.69
0.67
0.55
0.56
0.59
0.96
0.98
0.73
0.98
0.75
0.43
0.69
0.95
0.98
0.97
0.9
0.98
0.67
0.64
0.78
0.87
0.85
0.98
0.72
0.67
0.71
0.47
0.47
0.55
0.77
0.61
0.44
0.39
0.56
0.65
0.89
0.75
0.37
0.35
0.34
0.46
0.59
0.72
0.9
0.86
0.83
0.49
0.31
0.49
0.65
0.75
0.67
0.6
0.48
0.37
0.2
0.53
0.31
0.32
0.37
0.27
0.37
0.34
0.26
0.29
0.4
0.5
0.66
0.3
0.35
0.39
0.5
0.53
0.58
0.44
0.4
0.51
0.41
0.34
0.33
0.35
0.48
0.62
0.47
0.52
0.7
0.69
0.86
0.74
0.6
0.52
0.41
0.49
0.49
0.62
0.41
0.51
0.6
0.57
0.3
0.42
0.36
0.19
0.46
0.67
0.65
0.6
0.41
0.31
0.38
0.41
0.4
0.31
0.3
0.29
0.69
0.45
0.43
0.62
0.72
0.32
0.4
0.21
0.27
0.32
0.37
0.47
0.93
0.32
0.36
0.53
0.74
0.84
0.87
0.76
0.91
0.77
0.46
0.69
0.74
0.45
0.33
0.39
0.59
0.88
0.92
0.92
0.67
0.42
0.32
0.67
0.71
0.87
0.81
0.41
0.42
0.76
0.8
0.49
0.67
0.57
0.63
0.45
0.43
0.33
0.24
0.3
0.45
0.37
0.38
0.63
0.47
0.78
0.86
0.86
0.54
0.41
0.42
0.46
0.29
0.54
0.34
0.57
0.5
0.39
0.56
0.48
0.45
0.35
0.39
0.29
0.22
0.25
0.2
0.2
0.21
0.3
0.25
0.22
0.19
0.3
0.51
0.31
0.17
0.29
0.2
0.69
0.22
0.16
0.59
0.7
0.78
0.31
0.31
0.33
0.41
0.75
0.64
0.57
0.51
0.38
0.47
0.4
0.36
0.28
0.24
0.37
0.2
0.16
0.19
0.36
0.34
0.61
0.35
0.24
0.23
0.51
0.38
0.47
0.8
0.74
0.62
0.43
0.87
0.88
0.46
0.71
0.98
0.61
0.31
0.23
0.33
0.38
0.49
0.58
0.65
0.86
0.48
0.29
0.63
0.98
0.95
0.47
0.3
0.46
0.5
0.66
0.74
0.89
0.84
0.69
0.71
0.74
0.64
0.32
0.57
0.59
0.55
0.63
0.83
0.35
0.3
0.37
0.55
0.43
0.63
0.9
0.51
0.47
0.4
0.61
0.71
0.54
0.64
0.96
0.76
0.6
0.93
0.97
0.94
0.65
0.52
0.71
0.87
0.96
0.95
0.83
0.75
0.81
0.82
0.9
0.98
0.98
0.82
0.98
0.89
0.68
0.57
0.7
0.85
0.78
0.97
0.98
0.96
0.92
0.9
0.85
0.96
0.74
0.75
0.85
0.96
0.96
0.93
0.92
0.92
0.97
0.95
0.92
0.93
0.97
0.69
0.85
0.84
0.92
0.88
0.87
0.78
0.78
0.93
0.74
0.55
0.74
0.91
0.69
0.86
0.92
0.99
0.97
0.92
0.91
0.98
0.87
0.62
0.53
0.7
0.78
0.66
0.48
0.51
0.72
0.48
0.8
0.81
0.72
0.72
0.57
0.45
0.8
0.86
0.58
0.75
0.97
0.86
0.75
0.72
0.5
0.53
0.59
0.49
0.38
0.53
0.52
0.67
0.53
0.68
0.75
0.54
0.4
0.52
0.54
0.68
0.47
0.53
0.75
0.87
0.69
0.73
0.95
0.98
0.72
0.59
0.92
0.83
0.9
0.78
0.52
0.38
0.51
0.49
0.45
0.54
0.5
0.61
0.49
0.45
0.5
0.46
0.46
0.67
0.41
0.25
0.47
0.44
0.29
0.35
0.68
0.59
0.74
0.55
0.35
0.77
0.97
0.96
0.96
0.95
0.95
0.88
0.72
0.61
0.72
0.46
0.29
0.27
0.63
0.86
0.9
0.84
0.45
0.43
0.56
0.58
0.4
0.41
0.76
0.63
0.35
0.58
0.73
0.74
0.3
0.28
0.4
0.73
0.48
0.56
0.51
0.15
0.24
0.91
0.9
0.38
0.19
0.28
0.5
0.82
0.51
0.26
0.31
0.28
0.46
0.48
0.37
0.26
0.31
0.47
0.46
0.44
0.41
0.5
0.45
0.38
0.43
0.49
0.62
0.64
0.73
0.74
0.43
0.42
0.25
0.4
0.47
0.42
0.14
0.3
0.34
0.39
0.82
0.91
0.69
0.29
0.48
0.59
0.5
0.32
0.33
0.48
0.55
0.48
0.42
0.45
0.36
0.39
0.47
0.51
0.26
0.48
0.85
0.95
0.96
0.95
0.97
0.92
0.4
0.34
0.61
0.72
0.73
0.63
0.41
0.59
0.45
0.51
0.76
0.96
0.95
0.96
0.91
0.78
0.57
0.69
0.86
0.43
0.4
0.4
0.41
0.56
0.53
0.77
0.2
0.44
0.6
0.28
0.23
0.57
0.37
0.52
0.4
0.25
0.41
0.54
0.78
0.4
0.52
0.95
0.72
0.47
0.42
0.36
0.36
0.56
0.44
0.94
0.55
0.26
0.31
0.47
0.28
0.32
0.65
0.29
0.34
0.48
0.23
0.24
0.19
0.18
0.49
0.53
0.37
0.5
0.23
0.15
0.23
0.3
0.57
0.31
0.25
0.23
0.44
0.53
0.98
0.79
0.41
0.26
0.25
0.23
0.21
0.47
0.67
0.65
0.25
0.4
0.46
0.71
0.51
0.46
0.42
0.24
0.54
0.61
0.53
0.6
0.98
0.95
0.7
0.66
0.79
0.9
0.97
0.98
0.84
0.59
0.62
0.6
0.64
0.52
0.8
0.74
0.82
0.96
0.59
0.67
0.77
0.64
0.69
0.7
0.75
0.69
0.69
0.56
0.4
0.84
0.93
0.96
0.96
0.76
0.76
0.93
0.57
0.56
0.67
0.97
0.95
0.93
0.51
0.64
0.88
0.92
0.99
0.99
0.87
0.65
0.93
0.87
0.96
0.85
0.95
0.96
0.82
0.7
0.74
0.54
0.54
0.47
0.67
0.71
0.77
0.78
0.81
0.88
0.67
0.69
0.81
0.81
0.48
0.66
0.99
0.84
0.79
0.97
0.86
0.85
0.64
0.8
0.92
0.73
0.6
0.6
0.57
0.58
0.49
0.42
0.4
0.51
0.92
0.94
0.69
0.49
0.73
0.76
0.63
0.31
0.39
0.41
0.42
0.46
0.77
0.98
0.87
0.62
0.98
0.88
0.98
0.71
0.89
0.84
0.98
0.95
0.67
0.48
0.63
0.76
0.63
0.62
0.74
0.45
0.5
0.44
0.41
0.51
0.4
0.47
0.4
0.44
0.61
0.81
0.61
0.63
0.72
0.7
0.48
0.51
0.46
0.42
0.37
0.49
0.57
0.64
0.63
0.6
0.66
0.63
0.49
0.33
0.94
0.94
0.92
0.89
0.35
0.46
0.45
0.61
0.5
0.39
0.34
0.27
0.45
0.61
0.28
0.28
0.42
0.61
0.54
0.43
0.5
0.64
0.29
0.58
0.51
0.38
0.37
0.45
0.94
0.71
0.64
0.47
0.55
0.47
0.42
0.45
0.51
0.32
0.3
0.4
0.45
0.27
0.8
0.93
0.55
0.94
0.58
0.53
0.41
0.55
0.41
0.29
0.2
0.19
0.12
0.19
0.35
0.28
0.43
0.42
0.47
0.6
0.76
0.86
0.87
0.66
0.86
0.64
0.81
0.86
0.86
0.77
0.28
0.25
0.34
0.51
0.59
0.81
0.42
0.36
0.25
0.38
0.48
0.33
0.52
0.57
0.31
0.53
0.63
0.41
0.37
0.31
0.27
0.55
0.6
0.4
0.35
0.41
0.84
0.6
0.38
0.45
0.45
0.35
0.86
0.81
0.56
0.29
0.3
0.39
0.59
0.87
0.49
0.39
0.34
0.43
0.35
0.88
0.75
0.37
0.35
0.53
0.36
0.63
0.34
0.36
0.5
0.5
0.67
0.89
0.8
0.68
0.43
0.33
0.41
0.4
0.37
0.88
0.59
0.61
0.71
0.78
0.63
0.42
0.33
0.54
0.59
0.49
0.88
0.65
0.97
0.95
0.82
0.58
0.45
0.47
0.53
0.49
0.39
0.75
0.94
0.94
0.88
0.55
0.31
0.29
0.26
0.32
0.32
0.3
0.28
0.42
0.62
0.7
0.29
0.27
0.44
0.59
0.56
0.86
0.48
0.74
0.75
0.46
0.42
0.53
0.63
0.82
0.27
0.24
0.27
0.21
0.29
0.33
0.42
0.34
0.58
0.39
0.24
0.2
0.24
0.24
0.49
0.52
0.92
0.62
0.75
0.8
0.5
0.52
0.66
0.67
0.82
0.87
0.87
0.92
0.94
0.92
0.89
0.85
0.76
0.83
0.41
0.59
0.64
0.54
0.62
0.66
0.81
0.83
0.89
0.82
0.71
0.65
0.61
0.72
0.73
0.59
0.7
0.87
0.85
0.76
0.8
0.51
0.62
0.93
0.79
0.63
0.8
0.77
0.78
0.87
0.73
0.69
0.5
0.53
0.57
0.6
0.54
0.79
0.84
0.94
0.94
0.69
0.59
0.5
0.64
0.62
0.88
0.89
0.9
0.91
0.89
0.86
0.92
0.94
0.95
0.92
0.82
0.89
0.91
0.71
0.8
0.84
0.61
0.54
0.59
0.69
0.8
0.79
0.72
0.88
0.84
0.59
0.46
0.6
0.67
0.71
0.54
0.69
0.9
0.86
0.93
0.55
0.41
0.42
0.54
0.74
0.61
0.64
0.73
0.54
0.78
0.54
0.71
0.82
0.86
0.95
0.76
0.77
0.83
0.82
0.69
0.49
0.36
0.41
0.61
0.93
0.95
0.82
0.79
0.57
0.64
0.4
0.46
0.39
0.55
0.34
0.49
0.57
0.62
0.51
0.23
0.63
0.94
0.92
0.7
0.53
0.35
0.31
0.26
0.31
0.51
0.39
0.3
0.33
0.32
0.37
0.35
0.32
0.33
0.47
0.67
0.59
0.62
0.55
0.72
0.7
0.4
0.57
0.58
0.62
0.65
0.56
0.38
0.27
0.23
0.47
0.84
0.6
0.67
0.57
0.58
0.53
0.42
0.53
0.46
0.5
0.68
0.49
0.49
0.43
0.61
0.44
0.68
0.37
0.44
0.62
0.38
0.26
0.42
0.47
0.45
0.27
0.41
0.59
0.2
0.17
0.45
0.32
0.4
0.44
0.64
0.61
0.49
0.33
0.3
0.24
0.37
0.75
0.7
0.53
0.36
0.7
0.47
0.38
0.37
0.31
0.22
0.33
0.2
0.22
0.5
0.69
0.36
0.49
0.4
0.56
0.44
0.46
0.36
0.41
0.44
0.23
0.36
0.34
0.31
0.34
0.37
0.71
0.67
0.56
0.6
0.49
0.64
0.55
0.33
0.27
0.81
0.69
0.45
0.39
0.47
0.84
0.91
0.6
0.38
0.36
0.42
0.63
0.6
0.72
0.2
0.15
0.18
0.22
0.69
0.87
0.88
0.64
0.36
0.4
0.27
0.33
0.48
0.61
0.71
0.45
0.45
0.41
0.28
0.19
0.16
0.44
0.68
0.84
0.25
0.38
0.61
0.24
0.21
0.29
0.3
0.69
0.6
0.61
0.38
0.33
0.57
0.39
0.24
0.2
0.19
0.3
0.65
0.77
0.74
0.35
0.47
0.73
0.7
0.43
0.47
0.78
0.88
0.67
0.43
0.47
0.79
0.59
0.31
0.24
0.19
0.45
0.63
0.47
0.54
0.23
0.21
0.36
0.59
0.52
0.51
0.61
0.85
0.92
0.76
0.42
0.51
0.92
0.95
0.66
0.26
0.25
0.26
0.42
0.78
0.33
0.32
0.32
0.52
0.47
0.5
0.9
0.46
0.28
0.24
0.19
0.29
0.47
0.36
0.44
0.78
0.79
0.84
0.66
0.5
0.32
0.56
0.6
0.65
0.78
0.86
0.77
0.94
0.68
0.3
0.43
0.41
0.33
0.28
0.28
0.59
0.66
0.22
0.2
0.39
0.4
0.44
0.47
0.54
0.62
0.79
0.79
0.91
0.49
0.48
0.76
0.66
0.63
0.57
0.57
0.92
0.95
0.74
0.81
0.8
0.57
0.57
0.64
0.7
0.9
0.81
0.91
0.79
0.82
0.88
0.88
0.89
0.68
0.83
0.84
0.92
0.91
0.9
0.92
0.85
0.55
0.35
0.3
0.34
0.44
0.63
0.91
0.92
0.89
0.82
0.54
0.95
0.59
0.44
0.59
0.94
0.69
0.5
0.72
0.92
0.74
0.74
0.8
0.92
0.88
0.95
0.94
0.96
0.96
0.69
0.43
0.74
0.54
0.46
0.41
0.39
0.43
0.58
0.56
0.73
0.94
0.46
0.37
0.44
0.53
0.72
0.59
0.73
0.35
0.51
0.67
0.85
0.55
0.29
0.38
0.26
0.2
0.38
0.87
0.83
0.82
0.91
0.95
0.61
0.54
0.29
0.46
0.45
0.38
0.42
0.46
0.4
0.36
0.45
0.41
0.45
0.49
0.47
0.55
0.42
0.54
0.83
0.64
0.65
0.23
0.14
0.23
0.14
0.24
0.22
0.34
0.95
0.92
0.88
0.88
0.88
0.6
0.44
0.32
0.69
0.47
0.5
0.74
0.39
0.58
0.29
0.39
0.45
0.64
0.83
0.79
0.62
0.56
0.43
0.82
0.47
0.71
0.41
0.31
0.53
0.52
0.65
0.81
0.44
0.25
0.46
0.59
0.83
0.59
0.53
0.34
0.28
0.2
0.13
0.38
0.49
0.49
0.31
0.45
0.63
0.41
0.75
0.62
0.34
0.62
0.78
0.86
0.56
0.37
0.82
0.82
0.78
0.67
0.69
0.68
0.69
0.44
0.49
0.24
0.31
0.23
0.3
0.75
0.77
0.42
0.58
0.38
0.46
0.22
0.34
0.64
0.65
0.2
0.34
0.37
0.58
0.61
0.62
0.63
0.6
0.86
0.86
0.56
0.82
0.86
0.83
0.68
0.55
0.77
0.57
0.68
0.63
0.54
0.53
0.37
0.38
0.47
0.46
0.42
0.45
0.67
0.91
0.85
0.81
0.34
0.55
0.9
0.58
0.86
0.85
0.8
0.59
0.41
0.5
0.58
0.85
0.89
0.49
0.59
0.77
0.83
0.41
0.56
0.4
0.5
0.39
0.5
0.46
0.23
0.43
0.41
0.79
0.95
0.51
0.44
0.32
0.41
0.41
0.28
0.4
0.27
0.44
0.48
0.44
0.89
0.76
0.43
0.49
0.87
0.47
0.87
0.48
0.58
0.88
0.94
0.89
0.36
0.55
0.85
0.86
0.84
0.67
0.41
0.36
0.24
0.24
0.48
0.75
0.8
0.47
0.31
0.42
0.44
0.27
0.43
0.66
0.74
0.95
0.64
0.92
0.94
0.68
0.32
0.24
0.4
0.48
0.47
0.28
0.37
0.71
0.95
0.77
0.47
0.57
0.68
0.57
0.71
0.88
0.45
0.67
0.82
0.8
0.84
0.98
0.96
0.8
0.56
0.66
0.66
0.49
0.56
0.71
0.79
0.64
0.73
0.72
0.76
0.92
0.75
0.78
0.82
0.61
0.55
0.56
0.82
0.97
0.6
0.71
0.6
0.35
0.34
0.67
0.8
0.94
0.88
0.92
0.81
0.85
0.88
0.99
0.65
0.8
0.62
0.83
0.64
0.82
0.96
0.74
0.76
0.84
0.59
0.63
0.74
0.6
0.7
0.81
0.99
0.93
0.93
0.83
0.6
0.94
0.82
0.91
0.75
0.94
0.99
0.72
0.71
0.62
0.68
0.65
0.87
0.99
0.89
0.7
0.99
0.92
0.83
0.78
0.76
0.74
0.82
0.79
0.81
0.67
0.98
0.93
0.87
0.97
0.99
0.96
0.77
0.99
0.99
0.92
0.8
0.81
0.84
0.87
0.73
0.99
0.99
0.99
0.99
0.99
0.99
0.99
0.63
0.68
0.82
0.77
0.82
0.38
0.52
0.74
0.87
0.82
0.99
0.73
0.59
0.52
0.46
0.46
0.7
0.79
0.95
0.63
0.84
0.59
0.51
0.48
0.45
0.78
0.93
0.53
0.63
0.83
0.69
0.99
0.99
0.64
0.83
0.95
0.69
0.6
0.66
0.56
0.59
0.69
0.47
0.5
0.41
0.4
0.85
0.75
0.59
0.63
0.79
0.51
0.59
0.58
0.25
0.57
0.43
0.48
0.57
0.51
0.45
0.31
0.36
0.35
0.43
0.47
0.46
0.49
0.39
0.45
0.28
0.47
0.25
0.26
0.31
0.35
0.39
0.58
0.47
0.72
0.49
0.44
0.78
0.6
0.48
0.27
0.28
0.16
0.31
0.19
0.32
0.59
0.47
0.14
0.44
0.39
0.76
0.58
0.65
0.63
0.43
0.3
0.32
0.72
0.56
0.36
0.51
0.29
0.63
0.37
0.3
0.64
0.41
0.46
0.64
0.31
0.3
0.4
0.36
0.21
0.18
0.48
0.47
0.51
0.31
0.31
0.19
0.35
0.55
0.46
0.36
0.27
0.18
0.37
0.29
0.41
0.39
0.19
0.36
0.45
0.65
0.87
0.47
0.5
0.71
0.3
0.29
0.65
0.65
0.54
0.47
0.52
0.68
0.75
0.46
0.46
0.66
0.93
0.91
0.91
0.49
0.56
0.41
0.3
0.59
0.41
0.44
0.34
0.39
0.25
0.26
0.23
0.31
0.64
0.47
0.29
0.17
0.32
0.33
0.5
0.43
0.28
0.33
0.42
0.35
0.29
0.22
0.2
0.15
0.22
0.3
0.81
0.92
0.44
0.28
0.4
0.83
0.35
0.29
0.26
0.34
0.16
0.17
0.28
0.18
0.18
0.36
0.4
0.23
0.27
0.36
0.61
0.62
0.76
0.5
0.39
0.38
0.38
0.3
0.44
0.3
0.31
0.2
0.3
0.95
0.47
0.2
0.33
0.76
0.79
0.89
0.43
0.35
0.27
0.22
0.32
0.29
0.31
0.43
0.63
0.47
0.35
0.27
0.22
0.49
0.64
0.55
0.54
0.42
0.61
0.45
0.65
0.39
0.37
0.51
0.84
0.77
0.68
0.58
0.49
0.47
0.67
0.64
0.49
0.49
0.64
0.78
0.85
0.92
0.59
0.49
0.65
0.73
0.87
0.69
0.97
0.93
0.8
0.63
0.78
0.86
0.9
0.92
0.95
0.91
0.76
0.77
0.55
0.61
0.63
0.6
0.73
0.65
0.75
0.69
0.67
0.68
0.75
0.88
0.93
0.93
0.88
0.9
0.92
0.82
0.9
0.74
0.72
0.71
0.66
0.83
0.65
0.57
0.52
0.65
0.67
0.65
0.77
0.92
0.9
0.73
0.45
0.82
0.89
0.9
0.85
0.9
0.92
0.96
0.83
0.73
0.67
0.55
0.56
0.67
0.75
0.95
0.91
0.97
0.94
0.92
0.81
0.85
0.73
0.96
0.93
0.94
0.8
0.49
0.57
0.79
0.88
0.94
0.98
0.8
0.95
0.84
0.74
0.73
0.96
0.91
0.68
0.58
0.46
0.33
0.33
0.4
0.55
0.6
0.77
0.54
0.92
0.35
0.65
0.6
0.62
0.79
0.91
0.55
0.33
0.42
0.64
0.76
0.92
0.81
0.97
0.77
0.8
0.88
0.58
0.41
0.38
0.62
0.79
0.64
0.53
0.67
0.65
0.41
0.9
0.67
0.38
0.53
0.45
0.65
0.93
0.98
0.92
0.98
0.98
0.98
0.94
0.9
0.66
0.64
0.78
0.56
0.45
0.53
0.53
0.75
0.97
0.88
0.69
0.51
0.53
0.7
0.34
0.42
0.75
0.79
0.54
0.68
0.93
0.9
0.46
0.83
0.33
0.77
0.93
0.93
0.84
0.47
0.48
0.69
0.54
0.56
0.75
0.58
0.59
0.22
0.36
0.46
0.74
0.66
0.52
0.54
0.62
0.65
0.56
0.6
0.78
0.71
0.67
0.62
0.54
0.44
0.69
0.64
0.29
0.29
0.36
0.73
0.7
0.51
0.59
0.42
0.36
0.43
0.43
0.46
0.69
0.51
0.48
0.59
0.85
0.71
0.38
0.47
0.56
0.59
0.39
0.49
0.48
0.48
0.5
0.56
0.38
0.25
0.33
0.33
0.5
0.42
0.44
0.4
0.4
0.36
0.29
0.5
0.64
0.65
0.53
0.42
0.45
0.28
0.25
0.43
0.48
0.65
0.23
0.66
0.61
0.53
0.6
0.7
0.63
0.79
0.92
0.9
0.9
0.9
0.45
0.43
0.64
0.75
0.67
0.26
0.24
0.27
0.25
0.68
0.62
0.4
0.68
0.93
0.87
0.68
0.92
0.69
0.36
0.33
0.19
0.2
0.26
0.68
0.34
0.16
0.35
0.53
0.25
0.23
0.29
0.29
0.22
0.22
0.41
0.75
0.7
0.39
0.34
0.26
0.25
0.46
0.32
0.56
0.59
0.4
0.65
0.45
0.55
0.8
0.45
0.21
0.21
0.41
0.39
0.46
0.68
0.59
0.47
0.29
0.17
0.17
0.46
0.62
0.76
0.67
0.93
0.61
0.33
0.28
0.3
0.34
0.3
0.38
0.51
0.89
0.88
0.78
0.35
0.3
0.61
0.38
0.29
0.35
0.76
0.48
0.81
0.87
0.78
0.88
0.62
0.45
0.66
0.78
0.65
0.56
0.39
0.33
0.47
0.51
0.74
0.59
0.43
0.41
0.54
0.6
0.61
0.67
0.76
0.82
0.94
0.83
0.96
0.98
0.98
0.81
0.71
0.56
0.55
0.48
0.66
0.91
0.86
0.87
0.84
0.95
0.76
0.58
0.65
0.91
0.98
0.95
0.86
0.83
0.89
0.79
0.88
0.97
0.68
0.72
0.88
0.97
0.95
0.94
0.97
0.73
0.97
0.98
0.97
0.81
0.74
0.83
0.94
0.91
0.92
0.9
0.7
0.73
0.79
0.86
0.95
0.88
0.84
0.86
0.97
0.83
0.7
0.8
0.55
0.57
0.68
0.54
0.73
0.84
0.91
0.61
0.49
0.66
0.83
0.97
0.81
0.74
0.51
0.69
0.96
0.88
0.53
0.49
0.59
0.82
0.76
0.74
0.66
0.68
0.6
0.7
0.74
0.82
0.76
0.92
0.72
0.73
0.9
0.94
0.58
0.59
0.53
0.31
0.36
0.35
0.49
0.42
0.76
0.87
0.57
0.64
0.75
0.69
0.53
0.44
0.3
0.35
0.62
0.84
0.74
0.4
0.31
0.32
0.43
0.8
0.6
0.46
0.4
0.39
0.53
0.72
0.49
0.65
0.32
0.42
0.41
0.41
0.89
0.73
0.7
0.35
0.29
0.37
0.81
0.92
0.75
0.41
0.45
0.28
0.59
0.81
0.55
0.49
0.32
0.4
0.69
0.79
0.65
0.39
0.5
0.55
0.31
0.39
0.24
0.34
0.62
0.49
0.59
0.66
0.69
0.62
0.84
0.46
0.3
0.56
0.65
0.67
0.78
0.91
0.61
0.89
0.44
0.23
0.42
0.71
0.88
0.76
0.53
0.36
0.27
0.71
0.62
0.8
0.75
0.58
0.68
0.8
0.39
0.26
0.17
0.24
0.19
0.43
0.62
0.49
0.4
0.66
0.26
0.28
0.17
0.6
0.65
0.24
0.35
0.53
0.91
0.81
0.7
0.66
0.52
0.36
0.47
0.45
0.37
0.44
0.36
0.78
0.36
0.41
0.93
0.85
0.9
0.5
0.31
0.45
0.69
0.77
0.84
0.41
0.24
0.4
0.51
0.49
0.35
0.39
0.28
0.29
0.26
0.28
0.24
0.47
0.67
0.27
0.29
0.35
0.31
0.24
0.26
0.26
0.21
0.26
0.3
0.3
0.19
0.13
0.38
0.79
0.57
0.79
0.54
0.42
0.57
0.38
0.45
0.34
0.3
0.34
0.39
0.36
0.28
0.4
0.4
0.62
0.53
0.42
0.34
0.33
0.16
0.3
0.9
0.6
0.41
0.35
0.38
0.39
0.56
0.44
0.37
0.34
0.36
0.13
0.38
0.71
0.75
0.9
0.78
0.66
0.75
0.53
0.38
0.32
0.23
0.38
0.61
0.18
0.14
0.31
0.49
0.42
0.46
0.36
0.24
0.55
0.7
0.73
0.26
0.16
0.13
0.29
0.25
0.45
0.74
0.69
0.61
0.42
0.2
0.3
0.74
0.75
0.73
0.83
0.9
0.85
0.71
0.41
0.2
0.2
0.46
0.56
0.43
0.65
0.63
0.87
0.97
0.96
0.9
0.62
0.51
0.56
0.59
0.75
0.72
0.91
0.92
0.7
0.74
0.86
0.98
0.98
0.8
0.78
0.71
0.57
0.46
0.75
0.8
0.88
0.96
0.74
0.53
0.56
0.62
0.75
0.74
0.95
0.96
0.98
0.98
0.78
0.66
0.89
0.98
0.57
0.78
0.96
0.82
0.74
0.85
0.82
0.72
0.68
0.73
0.97
0.97
0.81
0.76
0.65
0.65
0.87
0.8
0.72
0.75
0.71
0.7
0.95
0.7
0.64
0.71
0.87
0.8
0.89
0.88
0.93
0.84
0.47
0.53
0.69
0.77
0.97
0.88
0.79
0.84
0.65
0.72
0.7
0.86
0.74
0.76
0.56
0.59
0.73
0.79
0.88
0.71
0.63
0.68
0.94
0.85
0.69
0.73
0.9
0.7
0.58
0.78
0.94
0.99
0.82
0.84
0.64
0.97
0.99
0.99
0.77
0.34
0.37
0.26
0.54
0.51
0.75
0.76
0.34
0.47
0.57
0.64
0.86
0.75
0.89
0.62
0.44
0.38
0.55
0.9
0.91
0.5
0.35
0.63
0.77
0.41
0.45
0.59
0.64
0.27
0.34
0.36
0.41
0.72
0.57
0.7
0.66
0.56
0.96
0.83
0.52
0.33
0.81
0.49
0.36
0.49
0.73
0.31
0.43
0.4
0.46
0.47
0.32
0.55
0.4
0.5
0.46
0.45
0.45
0.38
0.51
0.76
0.69
0.74
0.58
0.33
0.34
0.4
0.31
0.45
0.41
0.18
0.56
0.33
0.18
0.52
0.5
0.46
0.48
0.43
0.19
0.37
0.46
0.66
0.88
0.54
0.32
0.21
0.26
0.45
0.55
0.51
0.71
0.35
0.45
0.5
0.3
0.41
0.51
0.46
0.42
0.48
0.49
0.41
0.52
0.66
0.5
0.3
0.3
0.27
0.41
0.44
0.34
0.19
0.39
0.36
0.13
0.39
0.54
0.3
0.16
0.17
0.19
0.25
0.38
0.4
0.21
0.36
0.25
0.24
0.27
0.26
0.46
0.26
0.87
0.87
0.86
0.74
0.76
0.5
0.51
0.64
0.8
0.83
0.58
0.57
0.9
0.89
0.73
0.52
0.57
0.61
0.9
0.91
0.84
0.93
0.4
0.89
0.37
0.29
0.52
0.45
0.47
0.28
0.42
0.61
0.32
0.55
0.58
0.65
0.38
0.3
0.18
0.21
0.25
0.49
0.68
0.33
0.23
0.15
0.39
0.35
0.35
0.31
0.45
0.54
0.42
0.36
0.92
0.56
0.5
0.32
0.25
0.23
0.19
0.23
0.22
0.34
0.97
0.99
0.68
0.53
0.43
0.71
0.97
0.84
0.88
0.99
0.47
0.57
0.69
0.61
0.56
0.9
0.43
0.36
0.45
0.54
0.44
0.56
0.51
0.34
0.45
0.28
0.26
0.26
0.65
0.89
0.94
0.96
0.42
0.41
0.28
0.33
0.4
0.6
0.64
0.39
0.26
0.53
0.42
0.72
0.81
0.39
0.21
0.24
0.26
0.25
0.38
0.54
0.72
0.99
0.59
0.87
0.77
0.8
0.38
0.38
0.34
0.53
0.65
0.53
0.54
0.74
0.68
0.76
0.78
0.83
0.77
0.77
0.9
0.84
0.81
0.83
0.93
0.64
0.57
0.43
0.64
0.75
0.87
0.76
0.74
0.72
0.95
0.83
0.9
0.77
0.85
0.58
0.52
0.63
0.48
0.59
0.63
0.64
0.8
0.73
0.8
0.89
0.88
0.96
0.64
0.65
0.75
0.58
0.7
0.61
0.89
0.64
0.68
0.95
0.84
0.87
0.98
0.83
0.65
0.69
0.78
0.86
0.6
0.56
0.7
0.85
0.66
0.58
0.6
0.87
0.73
0.58
0.53
0.62
0.78
0.73
0.68
0.45
0.43
0.66
0.94
0.92
0.95
0.93
0.98
0.9
0.62
0.46
0.62
0.95
0.89
0.82
0.81
0.89
0.98
0.99
0.97
0.95
0.59
0.75
0.95
0.63
0.75
0.53
0.74
0.87
0.98
0.83
0.92
0.89
0.56
0.96
0.76
0.98
0.98
0.68
0.74
0.77
0.59
0.67
0.81
0.86
0.77
0.88
0.97
0.94
0.55
0.57
0.36
0.31
0.33
0.28
0.57
0.39
0.87
0.5
0.58
0.37
0.32
0.57
0.51
0.87
0.92
0.99
0.99
0.66
0.49
0.38
0.37
0.35
0.49
0.86
0.75
0.38
0.56
0.77
0.48
0.41
0.38
0.73
0.77
0.35
0.44
0.63
0.34
0.28
0.33
0.68
0.36
0.62
0.61
0.92
0.7
0.74
0.64
0.24
0.31
0.51
0.44
0.27
0.22
0.62
0.24
0.67
0.61
0.52
0.56
0.36
0.26
0.66
0.69
0.56
0.35
0.51
0.36
0.57
0.48
0.4
0.4
0.28
0.52
0.69
0.58
0.39
0.49
0.46
