20050101
0.36
0.47
0.3
0.5
0.81
0.65
0.52
0.38
0.62
0.64
0.58
0.56
0.55
0.47
0.43
0.48
0.44
0.39
0.4
0.53
0.68
0.7
0.68
0.51
0.56
0.72
0.75
0.7
0.3
0.33
0.22
0.19
0.27
0.42
0.56
0.51
0.79
0.82
0.81
0.75
0.65
0.64
0.59
0.64
0.78
0.82
0.76
0.82
0.47
0.22
0.37
0.5
0.4
0.58
0.75
0.68
0.52
0.48
0.65
0.69
0.47
0.26
0.24
0.22
0.21
0.32
0.57
0.54
0.72
0.47
0.13
0.08
0.32
0.31
0.19
0.14
0.19
0.25
0.32
0.52
0.52
0.29
0.13
0.17
0.25
0.43
0.4
0.36
0.31
0.42
0.38
0.39
0.37
0.13
0.22
0.27
0.21
0.52
0.44
0.32
0.35
0.22
0.17
0.18
0.29
0.25
0.16
0.15
0.24
0.12
0.07
0.28
0.33
0.27
0.19
0.18
0.14
0.22
0.41
0.43
0.21
0.32
0.44
0.67
0.43
0.31
0.34
0.13
0.31
0.5
0.45
0.52
0.64
0.58
0.68
0.82
0.87
0.52
0.49
0.49
0.37
0.28
0.3
0.44
0.6
0.58
0.69
0.63
0.78
0.55
0.46
0.35
0.27
0.4
0.49
0.76
0.55
0.43
0.69
0.76
0.54
0.42
0.34
0.32
0.23
0.23
0.29
0.38
0.65
0.5
0.4
0.37
0.35
0.32
0.52
0.57
0.88
0.71
0.89
0.67
0.56
0.52
0.8
0.63
0.46
0.46
0.43
0.41
0.48
0.45
0.57
0.49
0.64
0.74
0.69
0.69
0.8
0.82
0.89
0.73
0.66
0.72
0.92
0.93
0.86
0.77
0.72
0.85
0.61
0.59
0.76
0.78
0.73
0.75
0.81
0.75
0.8
0.82
0.89
0.78
0.71
0.74
0.74
0.79
0.8
0.87
0.78
0.92
0.81
0.68
0.65
0.62
0.64
0.72
0.8
0.74
0.77
0.74
0.76
0.72
0.76
0.69
0.6
0.64
0.7
0.59
0.55
0.57
0.57
0.61
0.62
0.66
0.6
0.66
0.72
0.7
0.74
0.84
0.73
0.48
0.7
0.85
0.96
0.8
0.79
0.74
0.7
0.84
0.77
0.82
0.89
0.93
0.79
0.83
0.74
0.61
0.63
0.69
0.86
0.41
0.5
0.57
0.62
0.75
0.79
0.47
0.33
0.33
0.38
0.5
0.6
0.75
0.75
0.79
0.71
0.58
0.45
0.63
0.69
0.4
0.36
0.41
0.39
0.39
0.46
0.52
0.53
0.5
0.35
0.14
0.14
0.27
0.34
0.23
0.47
0.74
0.6
0.55
0.4
0.46
0.44
0.51
0.78
0.54
0.27
0.28
0.26
0.25
0.26
0.24
0.33
0.24
0.26
0.26
0.31
0.63
0.41
0.26
0.32
0.43
0.32
0.46
0.55
0.64
0.41
0.23
0.26
0.25
0.24
0.23
0.24
0.35
0.36
0.41
0.3
0.31
0.25
0.34
0.34
0.51
0.71
0.83
0.71
0.7
0.77
0.55
0.52
0.62
0.88
0.45
0.39
0.42
0.47
0.42
0.64
0.77
0.8
0.5
0.57
0.48
0.76
0.93
0.83
0.82
0.78
0.75
0.68
0.72
0.66
0.65
0.59
0.65
0.83
0.85
0.77
0.7
0.82
0.62
0.42
0.53
0.54
0.52
0.37
0.38
0.43
0.43
0.61
0.68
0.58
0.32
0.39
0.36
0.35
0.41
0.33
0.39
0.51
0.38
0.45
0.61
0.84
0.85
0.96
0.61
0.35
0.43
0.45
0.32
0.31
0.44
0.43
0.48
0.6
0.16
0.31
0.26
0.24
0.28
0.28
0.31
0.24
0.2
0.27
0.33
0.27
0.17
0.3
0.25
0.14
0.26
0.3
0.2
0.15
0.39
0.42
0.37
0.28
0.23
0.37
0.49
0.57
0.25
0.44
0.56
0.55
0.79
0.74
0.42
0.39
0.39
0.62
0.27
0.3
0.14
0.31
0.48
0.25
0.05
0.2
0.43
0.2
0.6
0.27
0.2
0.28
0.34
0.41
0.51
0.65
0.76
0.54
0.61
0.79
0.92
0.43
0.68
0.65
0.27
0.24
0.26
0.27
0.26
0.35
0.54
0.84
0.83
0.55
0.4
0.65
0.97
0.79
0.4
0.52
0.55
0.52
0.68
0.63
0.69
0.75
0.65
0.62
0.47
0.39
0.22
0.31
0.35
0.36
0.49
0.84
0.57
0.38
0.33
0.48
0.46
0.51
0.75
0.6
0.55
0.47
0.49
0.68
0.57
0.54
0.81
0.74
0.77
0.88
0.95
0.83
0.69
0.7
0.61
0.7
0.76
0.85
0.77
0.72
0.76
0.82
0.89
0.91
0.89
0.8
0.91
0.9
0.73
0.61
0.66
0.62
0.78
0.93
0.94
0.84
0.84
0.82
0.79
0.9
0.72
0.8
0.88
0.86
0.8
0.82
0.8
0.81
0.85
0.79
0.8
0.78
0.86
0.93
0.78
0.79
0.83
0.86
0.81
0.73
0.85
0.9
0.77
0.71
0.94
0.84
0.78
0.92
0.95
0.97
0.83
0.82
0.83
0.85
0.87
0.66
0.64
0.76
0.53
0.44
0.44
0.58
0.62
0.69
0.81
0.72
0.74
0.74
0.6
0.57
0.75
0.83
0.75
0.77
0.79
0.77
0.79
0.82
0.7
0.7
0.67
0.63
0.54
0.56
0.57
0.58
0.57
0.67
0.64
0.53
0.45
0.72
0.71
0.63
0.65
0.82
0.8
0.72
0.76
0.74
0.9
0.83
0.36
0.63
0.69
0.68
0.78
0.68
0.52
0.43
0.44
0.39
0.45
0.45
0.41
0.25
0.2
0.22
0.33
0.32
0.41
0.49
0.33
0.39
0.4
0.23
0.25
0.46
0.57
0.72
0.69
0.56
0.47
0.82
0.86
0.94
0.95
0.88
0.91
0.53
0.6
0.47
0.44
0.39
0.38
0.46
0.58
0.58
0.49
0.62
0.42
0.48
0.5
0.45
0.32
0.36
0.3
0.32
0.38
0.32
0.46
0.4
0.44
0.49
0.47
0.54
0.73
0.78
0.83
0.74
0.77
0.82
0.86
0.79
0.74
0.75
0.64
0.39
0.27
0.31
0.27
0.37
0.67
0.62
0.43
0.37
0.35
0.48
0.41
0.31
0.37
0.54
0.55
0.46
0.54
0.54
0.56
0.49
0.31
0.39
0.32
0.31
0.18
0.23
0.26
0.32
0.24
0.33
0.34
0.41
0.77
0.68
0.42
0.28
0.46
0.54
0.32
0.22
0.42
0.5
0.54
0.57
0.48
0.47
0.32
0.2
0.41
0.46
0.55
0.72
0.88
0.81
0.9
0.83
0.97
0.75
0.38
0.56
0.51
0.56
0.55
0.31
0.27
0.51
0.65
0.75
0.83
0.68
0.79
0.82
0.83
0.79
0.67
0.74
0.83
0.35
0.37
0.32
0.35
0.39
0.28
0.76
0.1
0.16
0.22
0.19
0.33
0.5
0.34
0.27
0.34
0.25
0.5
0.69
0.53
0.42
0.51
0.92
0.59
0.37
0.34
0.33
0.29
0.42
0.49
0.59
0.43
0.23
0.38
0.5
0.43
0.33
0.56
0.42
0.32
0.3
0.24
0.25
0.3
0.27
0.4
0.51
0.62
0.46
0.14
0.2
0.3
0.31
0.18
0.11
0.18
0.35
0.48
0.66
0.89
0.74
0.3
0.15
0.28
0.26
0.45
0.45
0.57
0.8
0.73
0.67
0.53
0.66
0.45
0.49
0.4
0.37
0.47
0.47
0.41
0.45
0.77
0.69
0.55
0.56
0.53
0.66
0.88
0.91
0.8
0.69
0.69
0.53
0.45
0.59
0.6
0.63
0.82
0.89
0.64
0.65
0.6
0.71
0.68
0.76
0.73
0.71
0.65
0.4
0.51
0.61
0.71
0.82
0.81
0.74
0.72
0.82
0.66
0.6
0.68
0.89
0.9
0.89
0.79
0.79
0.82
0.88
0.93
0.96
0.76
0.76
0.87
0.77
0.83
0.87
0.83
0.86
0.71
0.63
0.76
0.68
0.64
0.56
0.63
0.7
0.7
0.73
0.7
0.73
0.71
0.75
0.65
0.63
0.52
0.74
0.93
0.85
0.79
0.93
0.87
0.78
0.81
0.79
0.82
0.71
0.63
0.61
0.61
0.56
0.53
0.48
0.54
0.66
0.76
0.81
0.68
0.69
0.69
0.45
0.49
0.5
0.41
0.55
0.6
0.59
0.69
0.89
0.9
0.91
0.96
0.91
0.96
0.73
0.83
0.93
0.98
0.94
0.59
0.69
0.86
0.81
0.77
0.79
0.78
0.56
0.59
0.55
0.53
0.58
0.43
0.53
0.55
0.66
0.8
0.7
0.64
0.68
0.78
0.34
0.52
0.52
0.32
0.23
0.3
0.46
0.58
0.66
0.66
0.53
0.45
0.55
0.62
0.71
0.69
0.74
0.71
0.83
0.77
0.47
0.46
0.35
0.39
0.46
0.44
0.41
0.6
0.55
0.18
0.33
0.4
0.51
0.55
0.62
0.53
0.48
0.6
0.64
0.43
0.47
0.52
0.64
0.86
0.82
0.63
0.37
0.41
0.42
0.45
0.44
0.43
0.4
0.52
0.63
0.63
0.55
0.59
0.64
0.69
0.71
0.33
0.2
0.26
0.25
0.23
0.26
0.19
0.26
0.31
0.28
0.27
0.23
0.66
0.75
0.59
0.63
0.5
0.74
0.73
0.71
0.81
0.8
0.86
0.83
0.82
0.62
0.35
0.4
0.45
0.51
0.5
0.6
0.44
0.32
0.45
0.46
0.44
0.37
0.56
0.31
0.46
0.45
0.29
0.29
0.3
0.29
0.15
0.24
0.28
0.36
0.38
0.41
0.69
0.51
0.4
0.35
0.34
0.49
0.69
0.6
0.28
0.24
0.14
0.17
0.18
0.27
0.19
0.25
0.27
0.22
0.31
0.48
0.6
0.37
0.37
0.63
0.56
0.41
0.25
0.35
0.43
0.45
0.39
0.36
0.61
0.4
0.26
0.19
0.14
0.26
0.3
0.77
0.82
0.66
0.54
0.35
0.24
0.27
0.28
0.39
0.42
0.55
0.77
0.77
0.87
0.94
0.82
0.58
0.45
0.42
0.49
0.42
0.47
0.72
0.91
0.82
0.5
0.28
0.23
0.11
0.36
0.48
0.37
0.26
0.23
0.48
0.66
0.56
0.31
0.34
0.61
0.79
0.61
0.78
0.66
0.66
0.44
0.47
0.54
0.71
0.76
0.91
0.56
0.37
0.24
0.19
0.27
0.34
0.4
0.42
0.47
0.46
0.25
0.16
0.11
0.17
0.25
0.4
0.84
0.57
0.64
0.77
0.51
0.65
0.75
0.69
0.65
0.63
0.8
0.95
0.9
0.9
0.79
0.7
0.67
0.68
0.54
0.44
0.44
0.56
0.65
0.62
0.77
0.81
0.87
0.86
0.78
0.65
0.61
0.77
0.74
0.51
0.63
0.74
0.72
0.73
0.79
0.68
0.58
0.92
0.79
0.68
0.9
0.84
0.77
0.74
0.66
0.64
0.69
0.67
0.65
0.75
0.67
0.7
0.79
0.89
0.89
0.66
0.56
0.5
0.54
0.79
0.84
0.79
0.76
0.83
0.78
0.83
0.85
0.93
0.93
0.84
0.77
0.7
0.79
0.77
0.91
0.9
0.63
0.6
0.6
0.76
0.78
0.77
0.79
0.76
0.78
0.5
0.59
0.58
0.69
0.72
0.61
0.82
0.86
0.83
0.94
0.64
0.62
0.59
0.71
0.69
0.63
0.61
0.64
0.79
0.73
0.66
0.88
0.77
0.81
0.81
0.84
0.59
0.9
0.85
0.74
0.71
0.58
0.55
0.72
0.92
0.83
0.76
0.85
0.65
0.73
0.52
0.64
0.58
0.55
0.52
0.54
0.55
0.6
0.47
0.52
0.72
0.95
0.77
0.36
0.31
0.28
0.22
0.26
0.46
0.74
0.55
0.27
0.32
0.33
0.35
0.43
0.27
0.29
0.52
0.75
0.68
0.68
0.65
0.68
0.52
0.49
0.43
0.43
0.37
0.37
0.32
0.25
0.32
0.32
0.45
0.63
0.37
0.34
0.29
0.3
0.26
0.3
0.25
0.35
0.38
0.17
0.17
0.19
0.18
0.23
0.32
0.64
0.48
0.51
0.69
0.31
0.27
0.3
0.28
0.4
0.34
0.36
0.22
0.14
0.17
0.21
0.24
0.35
0.44
0.38
0.2
0.26
0.28
0.34
0.33
0.37
0.53
0.59
0.51
0.43
0.38
0.26
0.28
0.28
0.25
0.24
0.26
0.27
0.28
0.32
0.29
0.29
0.29
0.2
0.22
0.14
0.16
0.15
0.18
0.3
0.28
0.32
0.5
0.76
0.69
0.66
0.63
0.7
0.63
0.62
0.62
0.69
0.6
0.37
0.41
0.73
0.49
0.23
0.53
0.52
0.61
0.86
0.52
0.18
0.44
0.31
0.68
0.77
0.69
0.62
0.49
0.41
0.47
0.54
0.6
0.65
0.32
0.21
0.28
0.32
0.27
0.36
0.3
0.56
0.21
0.21
0.15
0.16
0.15
0.16
0.39
0.51
0.42
0.25
0.38
0.65
0.24
0.23
0.37
0.4
0.59
0.55
0.54
0.36
0.43
0.46
0.4
0.33
0.16
0.17
0.34
0.45
0.68
0.67
0.52
0.33
0.79
0.82
0.64
0.53
0.73
0.93
0.42
0.27
0.43
0.71
0.24
0.16
0.22
0.25
0.43
0.5
0.54
0.35
0.18
0.21
0.23
0.34
0.44
0.46
0.62
0.73
0.93
0.87
0.52
0.62
0.82
0.91
0.72
0.41
0.25
0.24
0.36
0.73
0.31
0.3
0.32
0.4
0.4
0.56
0.8
0.46
0.23
0.24
0.21
0.3
0.5
0.42
0.33
0.73
0.72
0.77
0.51
0.26
0.25
0.41
0.53
0.53
0.53
0.77
0.88
0.91
0.73
0.42
0.29
0.23
0.28
0.25
0.2
0.46
0.54
0.31
0.25
0.24
0.3
0.31
0.35
0.3
0.4
0.64
0.67
0.91
0.59
0.56
0.58
0.6
0.78
0.62
0.61
0.81
0.96
0.82
0.85
0.76
0.81
0.57
0.78
0.84
0.69
0.68
0.81
0.75
0.79
0.82
0.8
0.81
0.68
0.73
0.87
0.89
0.85
0.85
0.8
0.83
0.72
0.53
0.45
0.39
0.41
0.61
0.81
0.9
0.82
0.75
0.67
0.87
0.89
0.61
0.79
0.86
0.77
0.7
0.74
0.88
0.77
0.75
0.81
0.85
0.83
0.94
0.91
0.96
0.96
0.89
0.65
0.8
0.7
0.58
0.64
0.65
0.67
0.65
0.67
0.77
0.88
0.53
0.49
0.55
0.68
0.75
0.7
0.73
0.76
0.83
0.8
0.74
0.57
0.49
0.54
0.55
0.45
0.52
0.78
0.76
0.8
0.87
0.93
0.68
0.44
0.49
0.54
0.33
0.32
0.28
0.26
0.37
0.39
0.36
0.47
0.54
0.47
0.53
0.67
0.57
0.53
0.89
0.77
0.45
0.24
0.42
0.4
0.39
0.35
0.33
0.71
0.94
0.94
0.9
0.79
0.76
0.68
0.68
0.6
0.45
0.56
0.56
0.43
0.54
0.59
0.63
0.63
0.68
0.77
0.91
0.86
0.76
0.64
0.65
0.4
0.59
0.46
0.34
0.53
0.73
0.69
0.65
0.75
0.54
0.64
0.68
0.8
0.79
0.67
0.41
0.34
0.27
0.26
0.41
0.44
0.58
0.53
0.29
0.46
0.3
0.4
0.21
0.24
0.34
0.37
0.61
0.9
0.37
0.53
0.58
0.61
0.66
0.65
0.66
0.36
0.26
0.22
0.35
0.4
0.49
0.49
0.52
0.56
0.65
0.5
0.28
0.24
0.19
0.21
0.32
0.31
0.44
0.25
0.42
0.38
0.47
0.69
0.6
0.6
0.77
0.82
0.77
0.81
0.92
0.88
0.78
0.65
0.65
0.82
0.72
0.57
0.3
0.32
0.32
0.45
0.38
0.54
0.58
0.65
0.76
0.84
0.67
0.84
0.84
0.57
0.63
0.76
0.45
0.4
0.76
0.79
0.34
0.26
0.37
0.29
0.46
0.64
0.25
0.41
0.59
0.77
0.53
0.18
0.3
0.27
0.32
0.28
0.33
0.16
0.34
0.43
0.62
0.77
0.55
0.16
0.12
0.3
0.3
0.28
0.52
0.3
0.25
0.46
0.5
0.9
0.56
0.23
0.58
0.54
0.46
0.8
0.58
0.81
0.93
0.9
0.62
0.38
0.47
0.57
0.39
0.39
0.23
0.17
0.25
0.22
0.23
0.58
0.79
0.47
0.24
0.19
0.35
0.27
0.16
0.33
0.49
0.57
0.66
0.62
0.7
0.79
0.36
0.18
0.24
0.29
0.4
0.42
0.25
0.37
0.51
0.93
0.62
0.45
0.38
0.53
0.61
0.71
0.73
0.64
0.61
0.6
0.56
0.57
0.75
0.74
0.64
0.58
0.56
0.57
0.48
0.42
0.59
0.64
0.5
0.43
0.44
0.57
0.65
0.55
0.53
0.62
0.48
0.41
0.59
0.78
0.95
0.58
0.43
0.44
0.41
0.36
0.46
0.57
0.74
0.81
0.77
0.79
0.79
0.85
0.78
0.63
0.71
0.57
0.74
0.58
0.62
0.71
0.72
0.71
0.62
0.63
0.66
0.63
0.51
0.63
0.72
0.79
0.7
0.75
0.87
0.64
0.69
0.72
0.78
0.84
0.92
0.95
0.78
0.86
0.58
0.47
0.56
0.61
0.87
0.89
0.84
0.96
0.81
0.77
0.71
0.68
0.74
0.8
0.68
0.69
0.68
0.89
0.84
0.88
0.86
0.91
0.84
0.85
0.94
0.83
0.75
0.73
0.73
0.72
0.7
0.78
0.83
0.88
0.88
0.94
0.95
0.91
0.97
0.72
0.6
0.82
0.71
0.83
0.63
0.62
0.72
0.73
0.81
0.5
0.4
0.54
0.53
0.58
0.65
0.82
0.78
0.89
0.54
0.71
0.64
0.61
0.46
0.46
0.9
0.92
0.89
0.93
0.88
0.9
0.82
0.92
0.63
0.5
0.57
0.57
0.56
0.54
0.57
0.57
0.65
0.5
0.44
0.41
0.42
0.37
0.4
0.47
0.44
0.26
0.3
0.34
0.39
0.41
0.31
0.44
0.43
0.4
0.41
0.25
0.29
0.39
0.17
0.31
0.37
0.23
0.33
0.25
0.23
0.29
0.16
0.3
0.34
0.4
0.18
0.19
0.23
0.31
0.2
0.31
0.43
0.79
0.58
0.21
0.15
0.12
0.17
0.16
0.24
0.23
0.28
0.57
0.74
0.43
0.31
0.27
0.28
0.24
0.21
0.2
0.28
0.36
0.56
0.51
0.34
0.32
0.39
0.34
0.27
0.26
0.28
0.33
0.19
0.29
0.22
0.31
0.33
0.38
0.36
0.37
0.4
0.34
0.2
0.24
0.26
0.33
0.54
0.59
0.35
0.24
0.26
0.21
0.24
0.26
0.28
0.36
0.31
0.37
0.47
0.6
0.86
0.62
0.57
0.7
0.46
0.51
0.57
0.58
0.64
0.56
0.56
0.64
0.51
0.51
0.46
0.51
0.74
0.85
0.79
0.49
0.41
0.26
0.36
0.44
0.33
0.3
0.25
0.16
0.17
0.2
0.19
0.26
0.37
0.18
0.14
0.18
0.16
0.19
0.59
0.27
0.13
0.16
0.17
0.18
0.17
0.17
0.2
0.26
0.23
0.35
0.67
0.81
0.55
0.37
0.38
0.64
0.21
0.24
0.15
0.23
0.16
0.21
0.36
0.37
0.19
0.32
0.16
0.14
0.25
0.38
0.65
0.5
0.26
0.26
0.36
0.26
0.21
0.29
0.51
0.1
0.18
0.23
0.29
0.66
0.53
0.18
0.34
0.8
0.88
0.79
0.49
0.17
0.18
0.21
0.32
0.33
0.24
0.32
0.45
0.67
0.4
0.27
0.29
0.36
0.53
0.5
0.51
0.43
0.41
0.37
0.22
0.28
0.24
0.3
0.4
0.54
0.6
0.48
0.37
0.36
0.38
0.47
0.26
0.31
0.45
0.55
0.81
0.88
0.6
0.47
0.48
0.51
0.74
0.58
0.94
0.82
0.62
0.56
0.52
0.61
0.6
0.84
0.95
0.85
0.71
0.63
0.68
0.41
0.36
0.48
0.56
0.56
0.51
0.62
0.62
0.68
0.71
0.81
0.86
0.82
0.82
0.74
0.78
0.68
0.79
0.68
0.57
0.67
0.73
0.88
0.64
0.64
0.66
0.83
0.77
0.68
0.83
0.8
0.79
0.67
0.64
0.82
0.8
0.77
0.77
0.84
0.89
0.86
0.84
0.86
0.82
0.7
0.69
0.73
0.82
0.86
0.91
0.94
0.89
0.83
0.83
0.82
0.74
0.85
0.86
0.95
0.77
0.63
0.63
0.74
0.76
0.95
0.95
0.91
0.88
0.91
0.84
0.82
0.94
0.92
0.81
0.72
0.66
0.55
0.55
0.52
0.54
0.57
0.69
0.75
0.85
0.62
0.69
0.69
0.74
0.72
0.72
0.6
0.58
0.63
0.74
0.83
0.93
0.91
0.91
0.56
0.47
0.44
0.31
0.55
0.68
0.75
0.76
0.78
0.83
0.82
0.65
0.64
0.69
0.57
0.55
0.67
0.77
0.77
0.8
0.8
0.85
0.92
0.96
0.92
0.92
0.93
0.73
0.64
0.63
0.29
0.51
0.6
0.68
0.83
0.91
0.83
0.4
0.54
0.65
0.44
0.33
0.58
0.67
0.71
0.77
0.75
0.94
0.87
0.8
0.79
0.72
0.77
0.88
0.85
0.59
0.36
0.47
0.39
0.48
0.62
0.65
0.45
0.42
0.35
0.49
0.58
0.61
0.56
0.44
0.35
0.38
0.33
0.44
0.58
0.57
0.6
0.82
0.78
0.64
0.65
0.46
0.28
0.27
0.4
0.52
0.7
0.64
0.5
0.4
0.46
0.45
0.46
0.48
0.56
0.7
0.64
0.8
0.81
0.87
0.7
0.56
0.49
0.43
0.3
0.44
0.57
0.76
0.81
0.65
0.76
0.66
0.46
0.39
0.47
0.48
0.28
0.18
0.19
0.24
0.26
0.31
0.32
0.52
0.68
0.48
0.24
0.2
0.19
0.23
0.35
0.43
0.52
0.33
0.38
0.37
0.4
0.46
0.56
0.57
0.79
0.9
0.86
0.8
0.61
0.33
0.37
0.33
0.45
0.43
0.26
0.38
0.34
0.29
0.39
0.43
0.45
0.88
0.85
0.79
0.79
0.88
0.34
0.21
0.34
0.36
0.27
0.3
0.39
0.16
0.13
0.41
0.52
0.15
0.17
0.14
0.18
0.18
0.2
0.34
0.6
0.68
0.44
0.34
0.27
0.29
0.45
0.42
0.39
0.57
0.55
0.74
0.64
0.77
0.76
0.26
0.28
0.15
0.29
0.4
0.5
0.69
0.54
0.45
0.3
0.3
0.37
0.37
0.53
0.72
0.69
0.88
0.52
0.37
0.24
0.19
0.2
0.25
0.33
0.59
0.71
0.84
0.69
0.61
0.32
0.41
0.39
0.32
0.37
0.48
0.46
0.62
0.74
0.61
0.76
0.5
0.35
0.38
0.54
0.47
0.37
0.41
0.23
0.22
0.38
0.41
0.32
0.34
0.28
0.33
0.39
0.51
0.54
0.64
0.65
0.87
0.85
0.88
0.9
0.95
0.89
0.69
0.56
0.55
0.55
0.62
0.74
0.75
0.85
0.88
0.97
0.73
0.62
0.61
0.89
0.89
0.78
0.71
0.71
0.7
0.72
0.79
0.9
0.54
0.64
0.74
0.85
0.87
0.87
0.76
0.69
0.91
0.96
0.86
0.83
0.8
0.79
0.86
0.82
0.78
0.84
0.78
0.75
0.82
0.91
0.85
0.88
0.73
0.74
0.88
0.93
0.73
0.71
0.69
0.55
0.72
0.77
0.75
0.78
0.79
0.68
0.54
0.69
0.74
0.89
0.64
0.59
0.59
0.85
0.98
0.88
-99
0.71
0.77
0.76
0.48
0.49
0.55
0.6
0.64
0.62
0.63
0.72
0.65
0.86
0.76
0.74
0.76
0.79
0.75
0.53
0.39
0.44
0.45
0.48
0.53
0.55
0.77
0.74
0.62
0.64
0.67
0.43
0.44
0.52
0.47
0.47
0.49
0.56
0.42
0.32
0.39
0.41
0.5
0.81
0.36
0.43
0.4
0.39
0.72
0.59
0.47
0.52
0.39
0.29
0.39
0.62
0.67
0.44
0.44
0.5
0.41
0.47
0.7
0.73
0.3
0.34
0.28
0.4
0.66
0.42
0.5
0.51
0.41
0.56
0.58
0.61
0.42
0.41
0.38
0.24
0.31
0.15
0.34
0.51
0.65
0.74
0.22
0.37
0.26
0.35
0.37
0.21
0.28
0.47
0.68
0.76
0.88
0.87
0.84
0.93
0.89
0.66
0.81
0.89
0.74
0.47
0.33
0.48
0.49
0.59
0.66
0.77
0.31
0.25
0.29
0.29
0.3
0.28
0.37
0.34
0.37
0.37
0.51
0.54
0.48
0.36
0.36
0.5
0.48
0.55
0.72
0.59
0.42
0.68
0.88
0.87
0.83
0.62
0.34
0.51
0.63
0.49
0.44
0.53
0.71
0.87
0.69
0.65
0.83
0.77
0.81
0.61
0.6
0.6
0.61
0.75
0.78
0.26
0.27
0.5
0.68
0.76
0.59
0.62
0.61
0.56
0.44
0.29
0.44
0.6
0.85
0.59
0.42
0.44
0.21
0.31
0.27
0.21
0.29
0.22
0.21
0.17
0.15
0.19
0.28
0.57
0.78
0.62
0.54
0.61
0.46
0.18
0.58
0.53
0.49
0.48
0.39
0.32
0.43
0.36
0.4
0.33
0.48
0.47
0.5
0.28
0.21
0.3
0.5
0.42
0.19
0.21
0.14
0.12
0.25
0.23
0.22
0.17
0.35
0.39
0.52
0.52
0.36
0.79
0.67
0.62
0.72
0.56
0.39
0.2
0.31
0.53
0.64
0.42
0.27
0.41
0.56
0.61
0.59
0.47
0.57
0.51
0.55
0.5
0.16
0.14
0.17
0.4
0.27
0.32
0.47
0.51
0.48
0.32
0.18
0.37
0.65
0.63
0.62
0.5
0.87
0.81
0.8
0.23
0.29
0.33
0.57
0.65
0.41
0.73
0.77
0.77
0.84
0.87
0.93
0.71
0.62
0.53
0.5
0.51
0.53
0.59
0.74
0.62
0.71
0.84
0.95
0.95
0.79
0.7
0.63
0.56
0.57
0.65
0.66
0.67
0.83
0.57
0.47
0.55
0.58
0.56
0.6
0.74
0.95
0.96
0.93
0.81
0.87
0.88
0.87
0.59
0.69
0.87
0.76
0.74
0.78
0.85
0.69
0.58
0.74
0.87
0.84
0.62
0.72
0.59
0.69
0.81
0.81
0.66
0.7
0.77
0.76
0.9
0.66
0.64
0.67
0.85
0.78
0.82
0.79
0.76
0.63
0.49
0.52
0.59
0.66
0.71
0.77
0.63
0.6
0.6
0.63
0.77
0.68
0.49
0.55
0.58
0.55
0.62
0.75
0.87
0.63
0.6
0.69
0.78
0.66
0.68
0.66
0.68
0.55
0.54
0.68
0.81
0.88
0.82
0.73
0.81
0.93
0.91
0.94
0.74
0.53
0.5
0.62
0.68
0.82
0.8
0.65
0.54
0.6
0.59
0.73
0.73
0.75
0.81
0.72
0.32
0.41
0.62
0.69
0.89
0.79
0.73
0.7
0.76
0.5
0.51
0.6
0.56
0.2
0.44
0.57
0.57
0.57
0.58
0.73
0.76
0.79
0.9
0.7
0.37
0.47
0.52
0.37
0.33
0.47
0.74
0.39
0.39
0.47
0.46
0.21
0.21
0.25
0.28
0.33
0.44
0.47
0.52
0.48
0.48
0.45
0.31
0.39
0.21
0.16
0.29
0.26
0.35
0.34
0.38
0.42
0.52
0.48
0.42
0.46
0.27
0.35
0.19
0.3
0.38
0.3
0.35
0.52
0.66
0.54
0.4
0.38
0.45
0.48
0.43
0.51
0.45
0.23
0.25
0.24
0.18
0.16
0.18
0.24
0.34
0.31
0.37
0.35
0.54
0.49
0.35
0.28
0.31
0.26
0.25
0.31
0.36
0.33
0.32
0.32
0.32
0.23
0.2
0.27
0.29
0.33
0.31
0.29
0.49
0.39
0.38
0.32
0.28
0.49
0.53
0.53
0.65
0.48
0.86
0.81
0.85
0.73
0.52
0.62
0.6
0.61
0.65
0.64
0.6
0.77
0.68
0.61
0.6
0.67
0.72
0.73
0.74
0.78
0.66
0.67
0.5
0.68
0.6
0.4
0.46
0.42
0.34
0.35
0.43
0.45
0.38
0.5
0.53
0.68
0.4
0.15
0.18
0.29
0.31
0.37
0.53
0.2
0.2
0.2
0.34
0.38
0.36
0.39
0.61
0.46
0.35
0.45
0.67
0.52
0.45
0.55
0.26
0.31
0.31
0.27
0.29
0.29
0.74
0.8
0.71
0.57
0.47
0.67
0.76
0.84
0.92
0.92
0.75
0.7
0.57
0.52
0.66
0.83
0.51
0.46
0.52
0.47
0.43
0.53
0.25
0.23
0.19
0.23
0.22
0.29
0.52
0.64
0.73
0.65
0.36
0.38
0.22
0.21
0.29
0.44
0.43
0.27
0.29
0.38
0.4
0.43
0.62
0.19
0.15
0.13
0.18
0.17
0.24
0.36
0.55
0.71
0.53
0.47
0.47
0.47
0.29
0.28
0.24
0.28
0.55
0.42
0.4
0.56
0.47
0.52
0.61
0.73
0.87
0.67
0.72
0.71
0.64
0.64
0.7
0.58
0.54
0.45
0.62
0.53
0.69
0.63
0.75
0.77
0.84
0.67
0.68
0.73
0.95
0.71
0.53
0.46
0.54
0.55
0.58
0.65
0.72
0.75
0.77
0.67
0.69
0.93
0.71
0.72
0.62
0.6
0.57
0.6
0.85
0.76
0.75
0.77
0.74
0.74
0.79
0.8
0.85
0.68
0.69
0.62
0.61
0.56
0.67
0.88
0.67
0.6
0.61
0.76
0.72
0.64
0.59
0.56
0.68
0.73
0.67
0.54
0.51
0.68
0.77
0.79
0.82
0.72
0.88
0.93
0.68
0.54
0.65
0.79
0.82
0.67
0.6
0.71
0.88
0.95
0.8
0.93
0.84
0.87
0.88
0.73
0.71
0.74
0.84
0.87
0.92
0.79
0.84
0.72
0.69
0.86
0.78
0.93
0.96
0.73
0.88
0.72
0.59
0.65
0.73
0.78
0.83
0.81
0.73
0.77
0.64
0.59
0.38
0.41
0.42
0.56
0.62
0.77
0.86
0.78
0.65
0.51
0.45
0.46
0.59
0.6
0.76
0.81
0.8
0.49
0.33
0.34
0.4
0.32
0.41
0.76
0.84
0.69
0.65
0.55
0.27
0.27
0.36
0.43
0.38
0.36
0.4
0.46
0.48
0.35
0.51
0.64
0.76
0.67
0.69
0.85
0.73
0.78
0.36
0.16
0.35
0.24
0.2
0.27
0.32
0.28
0.41
0.6
0.25
0.25
0.22
0.22
0.3
0.27
0.24
0.22
0.32
0.28
0.27
0.25
0.27
0.32
0.32
0.36
0.4
0.47
0.31
0.25
0.23
0.2
