20050101
0.71
0.72
0.68
0.57
0.69
0.79
0.57
0.6
0.63
0.71
0.66
0.8
0.82
0.68
0.63
0.67
0.64
0.67
0.67
0.64
0.61
0.64
0.78
0.64
0.52
0.65
0.61
0.69
0.38
0.5
0.52
0.37
0.5
0.49
0.41
0.43
0.74
0.81
0.77
0.66
0.55
0.6
0.7
0.83
0.89
0.89
0.82
0.76
0.78
0.45
0.58
0.66
0.6
0.61
0.71
0.61
0.61
0.61
0.7
0.69
0.55
0.48
0.28
0.45
0.42
0.39
0.48
0.49
0.57
0.43
0.27
0.35
0.52
0.45
0.56
0.18
0.32
0.5
0.66
0.78
0.83
0.6
0.27
0.54
0.61
0.6
0.56
0.42
0.59
0.59
0.45
0.47
0.53
0.51
0.68
0.7
0.39
0.45
0.74
0.55
0.63
0.47
0.46
0.4
0.49
0.68
0.59
0.53
0.34
0.33
0.41
0.58
0.59
0.61
0.55
0.62
0.47
0.46
0.43
0.81
0.43
0.55
0.62
0.8
0.83
0.59
0.61
0.35
0.51
0.6
0.67
0.61
0.72
0.69
0.84
0.91
0.81
0.71
0.75
0.7
0.69
0.53
0.51
0.67
0.61
0.7
0.69
0.73
0.73
0.72
0.74
0.37
0.44
0.48
0.48
0.67
0.71
0.61
0.66
0.93
0.75
0.63
0.55
0.42
0.47
0.5
0.56
0.45
0.55
0.52
0.55
0.55
0.52
0.4
0.41
0.68
0.86
0.74
0.81
0.74
0.74
0.81
0.88
0.78
0.73
0.78
0.72
0.7
0.75
0.75
0.76
0.73
0.83
0.77
0.74
0.78
0.9
0.86
0.86
0.84
0.76
0.79
0.9
0.94
0.82
0.79
0.76
0.89
0.8
0.79
0.87
0.91
0.85
0.77
0.82
0.78
0.8
0.9
0.79
0.79
0.8
0.79
0.83
0.79
0.79
0.81
0.81
0.87
0.91
0.67
0.68
0.73
0.64
0.75
0.84
0.74
0.75
0.79
0.81
0.81
0.89
0.78
0.72
0.79
0.7
0.57
0.64
0.66
0.65
0.74
0.74
0.8
0.77
0.73
0.72
0.6
0.58
0.78
0.86
0.67
0.71
0.88
0.95
0.8
0.75
0.74
0.75
0.79
0.85
0.94
0.96
0.93
0.91
0.87
0.76
0.84
0.75
0.74
0.93
0.76
0.65
0.7
0.65
0.78
0.85
0.84
0.74
0.52
0.58
0.59
0.57
0.79
0.87
0.86
0.67
0.75
0.65
0.79
0.84
0.84
0.53
0.67
0.66
0.65
0.73
0.76
0.77
0.82
0.73
0.44
0.64
0.57
0.69
0.62
0.57
0.69
0.84
0.77
0.77
0.74
0.82
0.87
0.75
0.88
0.86
0.88
0.64
0.44
0.48
0.5
0.68
0.24
0.44
0.46
0.33
0.69
0.59
0.26
0.44
0.52
0.64
0.65
0.51
0.64
0.6
0.67
0.64
0.57
0.34
0.36
0.44
0.58
0.47
0.53
0.34
0.4
0.47
0.56
0.41
0.67
0.62
0.67
0.63
0.79
0.89
0.94
1
0.97
0.87
0.59
0.48
0.65
0.64
0.69
0.64
0.68
0.78
0.83
0.78
0.76
0.66
0.89
0.84
0.69
0.79
0.81
0.74
0.77
0.77
0.72
0.79
0.91
0.98
0.79
0.78
0.87
0.88
0.7
0.34
0.67
0.84
0.59
0.67
0.6
0.64
0.68
0.73
0.89
0.81
0.63
0.52
0.33
0.42
0.54
0.61
0.68
0.67
0.32
0.52
0.63
0.67
0.61
0.71
0.9
0.67
0.51
0.69
0.54
0.59
0.42
0.59
0.66
0.85
0.58
0.47
0.32
0.4
0.4
0.38
0.36
0.54
0.29
0.47
0.57
0.64
0.28
0.37
0.5
0.35
0.36
0.45
0.4
0.49
0.51
0.74
0.63
0.64
0.73
0.68
0.55
0.68
0.67
0.65
0.55
0.71
0.8
0.82
0.68
0.64
0.73
0.7
0.58
0.72
0.44
0.6
0.83
0.7
0.44
0.66
0.83
0.73
0.65
0.61
0.6
0.69
0.45
0.52
0.71
0.84
0.82
0.53
0.78
0.8
0.87
0.66
0.77
0.76
0.5
0.36
0.56
0.54
0.64
0.67
0.73
0.77
0.91
0.82
0.67
0.73
0.9
0.85
0.73
0.64
0.66
0.56
0.57
0.66
0.54
0.56
0.57
0.55
0.51
0.53
0.34
0.22
0.32
0.34
0.36
0.76
0.55
0.44
0.39
0.35
0.4
0.47
0.49
0.83
0.93
0.73
0.68
0.64
0.63
0.68
0.73
0.78
0.78
0.8
0.81
0.84
0.77
0.81
0.8
0.7
0.77
0.8
0.79
0.77
0.77
0.79
0.8
0.8
0.84
0.82
0.89
0.81
0.81
0.74
0.76
0.75
0.84
0.82
0.84
0.79
0.84
0.85
0.82
0.93
0.82
0.79
0.82
0.88
0.86
0.82
0.84
0.83
0.82
0.78
0.81
0.81
0.8
0.77
0.75
0.77
0.74
0.65
0.61
0.65
0.69
0.6
0.72
0.83
0.92
0.84
0.87
0.92
0.91
0.91
0.88
0.83
0.8
0.81
0.88
0.72
0.74
0.8
0.75
0.63
0.6
0.7
0.7
0.67
0.65
0.77
0.82
0.78
0.64
0.6
0.75
0.71
0.6
0.68
0.81
0.79
0.66
0.75
0.84
0.64
0.64
0.69
0.65
0.67
0.61
0.63
0.62
0.66
0.69
0.62
0.53
0.65
0.72
0.73
0.77
0.85
0.75
0.7
0.78
0.75
0.69
0.74
0.58
0.51
0.55
0.59
0.73
0.67
0.65
0.71
0.69
0.61
0.62
0.64
0.48
0.49
0.32
0.41
0.54
0.5
0.44
0.65
0.75
0.64
0.49
0.45
0.51
0.63
0.71
0.78
0.86
0.84
0.92
0.88
0.93
0.8
0.92
0.83
0.77
0.74
0.81
0.93
0.85
0.65
0.74
0.81
0.73
0.66
0.61
0.71
0.72
0.79
0.82
0.84
0.69
0.74
0.45
0.28
0.46
0.5
0.6
0.77
0.67
0.68
0.69
0.53
0.88
0.81
0.75
0.71
0.72
0.93
0.87
0.89
0.95
0.83
0.94
0.7
0.26
0.53
0.51
0.52
0.67
0.68
0.61
0.64
0.66
0.68
0.66
0.56
0.53
0.63
0.67
0.64
0.52
0.52
0.67
0.67
0.6
0.43
0.49
0.48
0.36
0.35
0.43
0.48
0.49
0.49
0.46
0.39
0.72
0.82
0.74
0.41
0.51
0.69
0.49
0.32
0.53
0.57
0.57
0.63
0.72
0.74
0.79
0.43
0.48
0.79
0.76
0.73
0.77
0.78
0.81
0.83
0.92
0.82
0.57
0.62
0.66
0.67
0.7
0.44
0.49
0.6
0.77
0.81
0.83
0.72
0.74
0.72
0.79
0.8
0.74
0.74
0.71
0.74
0.57
0.56
0.43
0.54
0.56
0.73
0.7
0.49
0.23
0.28
0.5
0.62
0.64
0.47
0.45
0.57
0.68
0.78
0.7
0.73
0.65
0.59
0.65
0.68
0.68
0.72
0.43
0.57
0.54
0.7
0.59
0.34
0.5
0.45
0.58
0.65
0.63
0.59
0.66
0.56
0.52
0.45
0.51
0.62
0.65
0.46
0.66
0.75
0.28
0.56
0.63
0.73
0.32
0.38
0.3
0.49
0.6
0.62
0.83
0.78
0.69
0.46
0.45
0.52
0.51
0.53
0.7
0.93
0.8
0.75
0.69
0.68
0.58
0.51
0.42
0.44
0.4
0.46
0.48
0.57
0.69
0.54
0.44
0.55
0.54
0.54
0.72
0.86
0.76
0.79
0.71
0.5
0.55
0.7
0.71
0.68
0.74
0.77
0.63
0.65
0.54
0.69
0.68
0.75
0.75
0.81
0.71
0.62
0.64
0.64
0.73
0.84
0.77
0.76
0.78
0.81
0.79
0.86
0.8
0.77
0.76
0.78
0.77
0.74
0.81
0.81
0.9
0.9
0.84
0.75
0.82
0.73
0.8
0.82
0.87
0.86
0.89
0.84
0.83
0.73
0.73
0.77
0.73
0.75
0.77
0.78
0.75
0.73
0.76
0.76
0.65
0.56
0.71
0.88
0.82
0.79
0.74
0.72
0.95
0.9
0.78
0.76
0.77
0.71
0.68
0.68
0.76
0.73
0.72
0.73
0.78
0.79
0.75
0.81
0.8
0.81
0.79
0.54
0.51
0.6
0.67
0.58
0.61
0.61
0.63
0.69
0.83
0.76
0.84
0.94
0.91
0.79
0.81
0.89
0.92
0.91
0.72
0.55
0.71
0.81
0.89
0.89
0.83
0.67
0.74
0.69
0.62
0.59
0.58
0.48
0.58
0.73
0.78
0.82
0.81
0.76
0.79
0.69
0.75
0.74
0.83
0.6
0.54
0.47
0.64
0.75
0.77
0.78
0.66
0.81
0.84
0.69
0.66
0.79
0.71
0.81
0.64
0.7
0.52
0.53
0.61
0.59
0.69
0.91
0.77
0.83
0.48
0.57
0.6
0.53
0.64
0.86
0.69
0.63
0.65
0.73
0.69
0.73
0.84
0.83
0.86
0.85
0.68
0.69
0.66
0.41
0.63
0.69
0.73
0.91
0.9
0.88
0.9
0.7
0.73
0.93
0.93
0.87
0.55
0.51
0.23
0.25
0.48
0.55
0.52
0.54
0.6
0.54
0.55
0.64
0.59
0.76
0.7
0.61
0.6
0.73
0.7
0.7
0.81
0.86
0.86
0.82
0.68
0.8
0.63
0.69
0.56
0.62
0.63
0.83
0.78
0.55
0.67
0.75
0.77
0.56
0.69
0.41
0.55
0.6
0.32
0.47
0.4
0.31
0.21
0.4
0.43
0.4
0.37
0.46
0.51
0.63
0.59
0.56
0.52
0.59
0.76
0.88
0.67
0.54
0.44
0.31
0.26
0.22
0.42
0.48
0.5
0.33
0.44
0.49
0.62
0.53
0.6
0.64
0.52
0.61
0.51
0.49
0.53
0.68
0.41
0.47
0.72
0.55
0.38
0.31
0.33
0.43
0.33
0.65
0.82
0.78
0.71
0.6
0.32
0.49
0.6
0.66
0.7
0.74
0.77
0.78
0.81
0.82
0.8
0.81
0.82
0.77
0.72
0.68
0.74
0.81
0.88
0.77
0.65
0.36
0.62
0.41
0.55
0.56
0.62
0.69
0.7
0.73
0.75
0.82
0.74
0.75
0.72
0.77
0.72
0.79
0.73
0.76
0.68
0.58
0.63
0.71
0.82
0.81
0.68
0.57
0.56
0.42
0.6
0.66
0.65
0.75
0.83
0.66
0.43
0.38
0.31
0.33
0.35
0.44
0.72
0.57
0.55
0.78
0.6
0.56
0.56
0.52
0.53
0.58
0.71
0.7
0.76
0.83
0.72
0.69
0.67
0.75
0.78
0.69
0.63
0.75
0.74
0.72
0.7
0.67
0.76
0.85
0.85
0.72
0.72
0.83
0.87
0.72
0.82
0.85
0.82
0.81
0.76
0.77
0.71
0.93
0.93
0.86
0.9
0.9
0.83
0.76
0.78
0.87
0.8
0.77
0.85
0.84
0.79
0.86
0.86
0.91
0.87
0.88
0.76
0.8
0.8
0.84
0.91
0.84
0.85
0.82
0.86
0.89
0.85
0.93
0.88
0.78
0.74
0.8
0.82
0.9
0.86
0.96
0.8
0.76
0.89
0.87
0.78
0.88
0.86
0.81
0.9
0.73
0.62
0.72
0.74
0.78
0.76
0.8
0.82
0.85
0.8
0.92
0.74
0.72
0.72
0.63
0.73
0.71
0.73
0.85
0.9
0.84
0.85
0.77
0.6
0.57
0.82
0.57
0.92
0.96
0.91
0.8
0.64
0.68
0.77
0.79
0.84
0.67
0.75
0.73
0.83
0.59
0.57
0.68
0.66
0.62
0.59
0.59
0.65
0.66
0.61
0.71
0.89
0.81
0.33
0.5
0.57
0.41
0.43
0.66
0.79
0.69
0.7
0.69
0.48
0.5
0.66
0.67
0.57
0.56
0.56
0.7
0.76
0.71
0.72
0.77
0.79
0.78
0.85
0.46
0.52
0.49
0.53
0.56
0.63
0.65
0.6
0.39
0.41
0.35
0.49
0.5
0.55
0.33
0.51
0.56
0.13
0.31
0.4
0.31
0.28
0.46
0.6
0.77
0.84
0.72
0.69
0.67
0.68
0.47
0.56
0.52
0.35
0.26
0.38
0.37
0.39
0.34
0.47
0.58
0.47
0.62
0.51
0.49
0.44
0.48
0.49
0.49
0.69
0.8
0.76
0.65
0.59
0.57
0.3
0.39
0.41
0.29
0.45
0.42
0.49
0.42
0.51
0.8
0.48
0.34
0.14
0.16
0.24
0.23
0.38
0.57
0.36
0.72
0.83
0.7
0.68
0.56
0.67
0.51
0.58
0.77
0.83
0.75
0.67
0.6
0.74
0.84
0.74
0.52
0.68
0.8
0.9
0.73
0.39
0.67
0.47
0.76
0.93
0.62
0.8
0.92
0.96
0.86
0.68
0.86
0.9
0.65
0.34
0.54
0.67
0.64
0.33
0.47
0.79
0.39
0.41
0.41
0.38
0.58
0.73
0.62
0.54
0.9
0.49
0.66
0.73
0.67
0.67
0.47
0.61
0.55
0.5
0.61
0.59
0.6
0.73
0.75
0.74
0.52
0.59
0.62
0.54
0.61
0.73
0.76
0.76
0.78
0.81
0.51
0.73
0.82
0.97
0.8
0.62
0.72
0.79
0.7
0.39
0.54
0.61
0.68
0.55
0.75
0.84
0.55
0.58
0.52
0.52
0.63
0.6
0.65
0.89
0.93
0.81
0.68
0.84
0.85
0.91
0.89
0.64
0.68
0.7
0.73
0.8
0.63
0.6
0.57
0.62
0.65
0.75
0.8
0.73
0.32
0.33
0.4
0.43
0.46
0.46
0.41
0.74
0.79
0.85
0.64
0.36
0.33
0.34
0.38
0.49
0.63
0.64
0.74
0.76
0.77
0.41
0.43
0.27
0.32
0.39
0.36
0.4
0.65
0.72
0.49
0.39
0.39
0.45
0.47
0.45
0.59
0.77
0.64
0.9
0.71
0.86
0.74
0.73
0.9
0.85
0.83
0.84
0.91
0.8
0.85
0.87
0.9
0.84
0.82
0.81
0.79
0.73
0.8
0.74
0.82
0.8
0.79
0.82
0.85
0.81
0.88
0.92
0.83
0.82
0.8
0.82
0.8
0.76
0.72
0.73
0.72
0.78
0.85
0.97
0.87
0.85
0.74
0.77
0.91
0.86
0.82
0.88
0.87
0.82
0.7
0.88
0.81
0.81
0.81
0.84
0.86
0.9
0.94
0.96
0.9
0.83
0.74
0.94
0.9
0.67
0.93
0.91
0.92
0.78
0.89
0.91
0.92
0.92
0.6
0.7
0.68
0.86
0.78
0.78
0.86
0.85
0.88
0.72
0.73
0.57
0.62
0.57
0.69
0.68
0.69
0.78
0.77
0.69
0.82
0.89
0.61
0.59
0.65
0.47
0.41
0.45
0.41
0.5
0.36
0.48
0.62
0.63
0.66
0.74
0.66
0.75
0.8
0.91
0.9
0.87
0.55
0.65
0.74
0.76
0.75
0.83
0.85
0.88
0.82
0.96
0.94
0.98
0.99
0.65
0.61
0.77
0.88
0.76
0.76
0.86
0.87
0.9
0.89
1
0.95
0.8
0.75
0.96
1
1
0.78
0.7
0.56
0.6
0.77
0.79
0.91
0.85
0.92
0.84
0.51
0.79
0.77
0.75
0.88
0.84
0.65
0.63
0.38
0.53
0.73
0.73
0.77
0.23
0.44
0.41
0.53
0.48
0.39
0.47
0.37
0.59
0.83
0.62
0.52
0.45
0.46
0.53
0.45
0.51
0.59
0.5
0.34
0.39
0.35
0.51
0.54
0.51
0.53
0.79
0.55
0.47
0.5
0.42
0.26
0.35
0.47
0.49
0.53
0.49
0.54
0.48
0.52
0.54
0.72
0.7
0.79
0.99
1
0.98
0.84
0.67
0.69
0.79
0.67
0.48
0.81
0.41
0.39
0.47
0.55
0.48
0.47
0.67
0.61
0.7
0.55
0.54
0.79
0.82
0.81
0.61
0.74
0.6
0.45
0.44
0.59
0.32
0.39
0.5
0.47
0.36
0.67
0.72
0.59
0.56
0.92
0.8
0.3
0.43
0.65
0.26
0.57
0.55
0.46
0.64
0.45
0.76
0.72
0.74
0.35
0.34
0.45
0.55
0.75
0.51
0.5
0.49
0.67
0.67
0.78
0.91
0.42
0.66
0.76
0.76
0.79
0.75
0.86
0.89
0.79
0.69
0.55
0.69
0.72
0.23
0.3
0.35
0.42
0.46
0.64
0.69
0.7
0.83
0.75
0.35
0.61
0.78
0.44
0.41
0.4
0.57
0.64
0.62
0.64
0.89
0.86
0.54
0.39
0.5
0.76
0.78
0.73
0.57
0.59
0.68
0.81
0.8
0.77
0.61
0.63
0.61
0.73
0.84
0.76
0.7
0.63
0.6
0.55
0.76
0.73
0.63
0.61
0.54
0.46
0.39
0.44
0.57
0.69
0.59
0.54
0.44
0.5
0.57
0.59
0.64
0.64
0.56
0.48
0.53
0.74
0.84
0.65
0.7
0.72
0.64
0.42
0.63
0.78
0.77
0.87
0.78
0.75
0.76
0.74
0.75
0.7
0.9
0.87
0.9
0.78
0.84
0.84
0.83
0.84
0.83
0.85
0.86
0.85
0.83
0.85
0.82
0.87
0.74
0.85
0.89
0.85
0.78
0.75
0.85
0.91
0.93
0.91
0.9
0.93
0.93
0.59
0.76
0.79
0.84
0.98
0.94
0.93
0.89
0.93
0.97
0.89
0.82
0.69
0.74
0.83
0.87
0.93
0.78
0.85
0.88
0.86
0.92
0.98
1
0.85
0.83
0.85
0.85
0.81
0.85
0.85
0.81
0.87
0.9
0.93
0.87
0.84
0.9
0.81
0.75
0.81
0.81
0.93
0.74
0.5
0.65
0.79
0.77
0.48
0.44
0.54
0.64
0.64
0.57
0.79
0.81
0.77
0.59
0.65
0.75
0.68
0.45
0.61
0.67
0.66
0.87
0.92
0.88
0.9
0.86
0.89
0.66
0.55
0.69
0.77
0.76
0.8
0.77
0.65
0.65
0.81
0.72
0.77
0.7
0.39
0.42
0.61
0.55
0.2
0.44
0.37
0.29
0.47
0.64
0.75
0.77
0.5
0.75
0.56
0.45
0.38
0.48
0.49
0.65
0.48
0.59
0.67
0.66
0.77
0.55
0.39
0.53
0.53
0.41
0.45
0.35
0.52
0.3
0.37
0.55
0.74
0.56
0.46
0.42
0.4
0.54
0.53
0.5
0.54
0.48
0.73
0.37
0.53
0.58
0.45
0.25
0.3
0.14
0.2
0.25
0.4
0.48
0.66
0.56
0.33
0.45
0.39
0.29
0.42
0.26
0.44
0.44
0.35
0.25
0.36
0.4
0.38
0.45
0.38
0.5
0.58
0.36
0.45
0.28
0.33
0.33
0.79
0.54
0.37
0.35
0.26
0.33
0.33
0.36
0.4
0.35
0.43
0.42
0.67
0.95
0.76
0.39
0.75
0.68
0.57
0.62
0.6
0.56
0.68
0.65
0.58
0.45
0.67
0.54
0.46
0.76
0.89
0.9
0.92
0.72
0.49
0.56
0.51
0.52
0.56
0.51
0.33
0.42
0.44
0.53
0.66
0.43
0.16
0.18
0.37
0.37
0.31
0.72
0.43
0.28
0.34
0.16
0.28
0.26
0.24
0.3
0.41
0.5
0.5
0.52
0.69
0.59
0.48
0.48
0.61
0.55
0.43
0.45
0.47
0.45
0.5
0.69
0.68
0.39
0.42
0.38
0.27
0.42
0.44
0.92
0.8
0.63
0.55
0.63
0.54
0.37
0.45
0.55
0.49
0.4
0.73
0.7
0.6
0.69
0.65
0.54
0.64
0.81
0.8
0.77
0.37
0.33
0.45
0.63
0.49
0.59
0.65
0.52
0.83
0.68
0.78
0.72
0.67
0.68
0.68
0.7
0.73
0.7
0.79
0.3
0.47
0.56
0.49
0.46
0.5
0.64
0.65
0.52
0.48
0.51
0.7
0.52
0.45
0.53
0.63
0.55
0.68
0.6
0.43
0.56
0.53
0.63
0.75
0.87
0.69
0.46
0.62
0.63
0.66
0.55
0.61
0.86
0.87
0.76
0.71
0.86
0.6
0.4
0.48
0.6
0.65
0.61
0.68
0.73
0.65
0.6
0.64
0.72
0.7
0.77
0.74
0.79
0.74
0.73
0.7
0.69
0.7
0.75
0.89
0.81
0.8
0.73
0.95
0.8
0.83
0.85
0.87
0.87
0.83
0.83
0.81
0.87
0.81
0.81
0.85
0.86
0.82
0.78
0.89
0.97
0.84
0.9
0.85
0.76
0.75
0.79
0.84
0.81
0.8
0.82
0.82
0.79
0.9
0.75
0.86
0.84
0.9
0.85
0.91
0.87
0.88
0.86
0.96
1
0.99
0.92
0.87
0.88
0.88
0.77
0.73
0.63
0.71
0.62
0.61
0.69
0.72
0.73
0.84
0.97
0.95
0.86
0.64
0.51
0.68
0.76
0.76
0.65
0.74
0.8
0.93
0.93
0.89
0.95
0.72
0.44
0.36
0.54
0.47
0.77
0.7
0.6
0.77
0.86
0.94
0.6
0.72
0.85
0.78
0.86
0.83
0.89
0.87
0.8
0.76
0.8
0.88
0.9
0.77
0.9
0.92
0.85
0.86
0.85
0.58
0.65
0.72
0.63
0.91
0.92
0.89
0.75
0.82
0.9
0.66
0.49
0.67
0.7
0.73
0.73
0.82
0.89
0.81
0.85
0.92
0.96
0.96
0.94
0.92
0.86
0.68
0.81
0.62
0.76
0.82
0.82
0.68
0.57
0.51
0.69
0.79
0.84
0.83
0.68
0.6
0.64
0.51
0.52
0.6
0.84
0.84
0.8
0.79
0.88
0.91
0.9
0.51
0.55
0.62
0.57
0.71
0.81
0.86
0.84
0.53
0.63
0.76
0.83
0.85
0.94
0.92
0.84
0.79
0.89
0.63
0.54
0.61
0.58
0.49
0.59
0.57
0.64
0.67
0.7
0.75
0.62
0.45
0.52
0.56
0.71
0.38
0.23
0.36
0.31
0.36
0.38
0.41
0.83
0.85
0.53
0.43
0.29
0.36
0.38
0.44
0.54
0.67
0.39
0.43
0.34
0.44
0.49
0.48
0.58
0.81
0.8
0.49
0.51
0.5
0.51
0.51
0.31
0.39
0.56
0.22
0.41
0.54
0.56
0.49
0.79
0.74
0.72
0.7
0.66
0.83
0.93
0.47
0.35
0.44
0.59
0.53
0.44
0.64
0.39
0.23
0.41
0.55
0.53
0.36
0.28
0.36
0.43
0.46
0.59
0.7
0.82
0.68
0.63
0.56
0.61
0.57
0.71
0.75
0.86
0.82
0.82
0.8
0.73
0.92
0.52
0.6
0.61
0.44
0.38
0.65
0.74
0.69
0.62
0.6
0.63
0.63
0.82
0.67
0.65
0.79
0.75
0.82
0.77
0.52
0.44
0.45
0.46
0.6
0.59
0.68
0.68
0.74
0.74
0.5
0.56
0.59
0.56
0.6
0.69
0.61
0.56
0.69
0.69
0.55
0.52
0.5
0.63
0.59
0.51
0.44
0.52
0.36
0.23
0.28
0.41
0.34
0.35
0.38
0.43
0.46
0.42
0.45
0.43
0.57
0.7
0.77
0.83
0.67
0.81
0.93
0.77
0.63
0.71
0.63
0.8
0.74
0.61
0.82
0.79
0.92
0.76
0.67
0.57
0.69
0.78
0.71
0.64
0.64
0.68
0.68
0.69
0.8
0.71
0.65
0.67
0.84
0.75
0.73
0.74
0.71
0.77
0.91
0.84
0.76
0.76
0.83
0.89
0.79
0.79
0.78
0.78
0.7
0.75
0.82
0.79
0.73
0.74
0.74
0.77
0.84
0.77
0.84
0.81
0.65
0.65
0.67
0.68
0.7
0.91
0.83
0.75
0.77
0.86
0.87
0.75
0.65
0.56
0.75
0.78
0.79
0.77
0.77
0.81
0.89
0.79
0.46
0.61
0.61
0.57
0.55
0.65
0.71
0.76
0.82
0.79
0.79
0.67
0.83
0.83
0.68
0.42
0.52
0.48
0.6
0.57
0.57
0.52
0.62
0.65
0.7
0.72
0.47
0.37
0.48
0.57
0.64
0.32
0.46
0.53
0.33
0.56
0.58
0.74
0.82
0.39
0.6
0.61
0.73
0.81
0.7
0.53
0.61
0.48
0.53
0.56
0.61
0.68
0.31
0.48
0.67
0.67
0.55
0.61
0.72
0.29
0.44
0.44
0.56
0.55
0.6
0.66
0.69
0.58
0.59
0.7
0.67
0.51
0.69
0.8
0.37
0.51
0.2
0.43
0.41
0.48
0.86
0.21
0.51
0.36
0.45
0.44
0.41
0.53
0.5
0.62
0.75
0.8
0.81
0.83
0.93
0.84
0.7
0.69
0.73
0.89
0.6
0.47
0.61
0.52
0.55
0.78
0.9
0.6
0.38
0.47
0.48
0.36
0.46
0.53
0.58
0.63
0.64
0.64
0.75
0.89
0.83
0.77
0.82
0.94
0.86
0.88
0.66
0.67
0.78
0.9
0.86
0.94
0.91
0.87
0.88
0.74
0.84
0.92
0.84
0.85
0.93
0.69
0.56
0.94
0.8
0.82
0.9
0.46
0.5
0.66
0.75
0.69
0.77
0.66
0.74
0.74
0.88
0.88
0.57
0.78
0.76
0.72
0.78
0.67
0.7
0.74
0.76
0.77
0.81
0.33
0.45
0.4
0.29
0.43
0.61
0.48
0.34
0.33
0.19
0.42
0.6
0.49
0.5
0.56
0.66
0.6
0.4
0.49
0.58
0.6
0.5
0.49
0.42
0.5
0.71
0.64
0.41
0.42
0.47
0.7
0.54
0.5
0.55
0.57
0.72
0.32
0.4
0.4
0.15
0.3
0.34
0.36
0.31
0.43
0.51
0.53
0.52
0.38
0.62
0.74
0.71
0.82
0.85
0.69
0.45
0.51
0.58
0.55
0.47
0.56
0.62
0.62
0.64
0.62
0.65
0.68
0.71
0.96
0.88
0.63
0.42
0.48
0.55
0.55
0.39
0.53
0.62
0.77
0.62
0.37
0.6
0.68
0.65
0.77
0.7
0.96
0.79
0.88
0.68
0.7
0.7
0.74
0.67
0.64
0.56
0.62
0.77
0.83
0.87
0.81
0.79
0.65
0.55
0.47
0.51
0.54
0.59
0.68
0.75
0.66
0.54
0.76
0.91
0.73
0.72
0.53
0.6
0.54
0.58
0.63
0.67
0.7
0.7
0.71
0.88
0.73
0.69
0.72
0.74
0.93
0.95
0.9
0.93
0.96
0.87
0.84
0.71
0.64
0.93
0.88
0.83
0.77
0.79
0.85
0.87
0.89
0.88
0.83
0.76
0.82
0.72
0.81
0.82
0.82
0.84
0.84
0.83
0.83
0.84
0.82
0.79
0.81
0.81
0.83
0.85
0.78
0.8
0.75
0.72
0.62
0.61
0.68
0.7
0.7
0.69
0.53
0.65
0.75
0.8
0.83
0.48
0.57
0.68
0.64
0.65
0.69
0.7
0.78
0.71
0.72
0.86
0.87
0.86
0.8
0.83
0.8
0.83
0.67
0.65
0.76
0.76
0.68
0.8
0.81
0.86
0.86
0.55
0.63
0.57
0.65
0.71
0.74
0.75
0.7
0.67
0.63
0.53
0.63
0.71
0.68
0.73
0.73
0.46
0.49
0.57
0.69
0.86
0.74
0.8
0.81
0.77
0.74
0.71
0.75
0.73
0.65
0.56
0.57
0.69
0.67
0.76
0.74
0.64
0.86
0.93
0.94
0.81
0.72
0.68
0.63
0.42
0.75
0.84
0.57
0.62
0.82
0.82
0.48
0.62
0.44
0.51
0.56
0.52
0.57
0.51
0.74
0.88
0.78
0.78
0.69
0.55
0.47
0.51
0.46
0.62
0.66
0.52
0.59
0.55
0.81
0.98
0.97
0.64
0.69
0.57
0.46
0.6
0.7
0.78
0.79
0.64
0.81
0.81
0.81
0.7
0.75
0.83
0.85
0.89
0.39
0.55
0.51
0.49
0.24
0.36
0.2
0.29
0.28
0.41
0.43
0.53
0.59
0.6
0.64
0.57
0.52
0.36
0.37
0.51
0.64
0.66
0.67
0.51
0.34
0.14
0.26
0.24
0.41
0.4
0.26
0.47
0.42
0.4
0.44
0.6
0.66
0.57
0.8
0.5
0.58
0.92
0.89
0.86
0.82
0.6
0.54
0.63
0.73
0.62
0.56
0.65
0.82
0.67
0.54
0.63
0.8
0.68
0.68
0.64
0.7
0.68
0.68
0.6
0.61
0.73
0.65
0.6
0.48
0.5
0.45
0.56
0.51
0.46
0.51
0.43
0.58
0.43
0.22
0.22
0.29
0.45
0.33
0.43
0.32
0.35
0.27
0.42
0.43
0.51
0.64
0.61
0.49
0.57
0.52
0.34
0.38
0.42
0.51
0.44
0.26
0.35
0.36
0.51
0.49
0.51
0.66
0.74
0.68
0.61
0.8
0.69
0.79
0.84
0.88
0.87
0.8
0.63
0.74
0.69
0.77
0.71
0.5
0.59
0.58
0.61
0.57
0.22
0.26
0.23
0.34
0.48
0.42
0.44
0.58
0.76
0.59
0.32
0.47
0.37
0.24
0.35
0.59
0.57
0.41
0.26
0.33
0.51
0.49
0.84
0.36
0.16
0.12
0.2
0.16
0.25
0.42
0.44
0.58
0.45
0.4
0.43
0.49
0.47
0.27
0.27
0.46
0.58
0.42
0.29
0.4
0.61
0.74
0.71
0.73
0.89
0.67
0.7
0.64
0.67
0.66
0.75
0.63
0.67
0.55
0.53
0.58
0.68
0.67
0.7
0.8
0.81
0.66
0.6
0.62
0.71
0.84
0.67
0.57
0.49
0.54
0.65
0.64
0.59
0.67
0.75
0.71
0.66
0.77
0.71
0.65
0.6
0.62
0.62
0.63
0.77
0.88
0.79
0.75
0.72
0.72
0.78
0.78
0.75
0.79
0.76
0.79
0.77
0.71
0.61
0.71
0.73
0.67
0.74
0.88
0.75
0.73
0.73
0.73
0.77
0.8
0.66
0.76
0.77
0.71
0.65
0.69
0.79
0.65
0.81
0.75
0.57
0.6
0.61
0.67
0.8
0.78
0.69
0.66
0.9
0.89
0.79
0.93
0.88
0.93
0.95
0.85
0.79
0.8
0.8
0.71
0.63
0.77
0.78
0.74
0.75
0.9
0.73
0.7
0.86
0.84
0.8
0.86
0.72
0.59
0.61
0.71
0.74
0.78
0.74
0.65
0.52
0.57
0.36
0.28
0.39
0.46
0.87
0.89
0.81
0.75
0.71
0.53
0.56
0.54
0.39
0.51
0.6
0.62
0.57
0.63
0.25
0.35
0.4
0.4
0.47
0.55
0.64
0.66
0.65
0.46
0.34
0.39
0.4
0.81
0.65
0.62
0.56
0.59
0.66
0.65
0.55
0.66
0.72
0.71
0.8
0.86
0.83
0.95
0.56
0.22
0.53
0.53
0.2
0.3
0.37
0.37
0.49
0.55
0.3
0.29
0.18
0.24
0.3
0.22
0.14
0.2
0.32
0.37
0.4
0.24
0.26
0.34
0.44
0.47
0.49
0.51
0.3
0.24
0.23
0.13
