20050101
0.32
0.51
0.27
0.3
0.64
0.77
0.4
0.31
0.36
0.51
0.5
0.41
0.64
0.69
0.73
0.77
0.53
0.49
0.5
0.62
0.56
0.57
0.69
0.61
0.45
0.53
0.66
0.68
0.33
0.38
0.19
0.24
0.41
0.65
0.62
0.49
0.49
0.64
0.65
0.65
0.6
0.68
0.55
0.81
0.88
0.69
0.56
0.48
0.45
0.2
0.21
0.52
0.69
0.56
0.67
0.43
0.47
0.68
0.51
0.86
0.71
0.77
0.31
0.56
0.66
0.53
0.5
0.67
0.37
0.25
0.18
0.19
0.37
0.7
0.83
0.36
0.23
0.46
0.42
0.55
0.42
0.47
0.22
0.48
0.6
0.61
0.42
0.45
0.44
0.44
0.44
0.54
0.52
0.64
0.73
0.85
0.62
0.57
0.6
0.39
0.65
0.4
0.36
0.41
0.42
0.44
0.62
0.81
0.87
0.37
0.27
0.28
0.56
0.67
0.5
0.69
0.55
0.59
0.46
0.71
0.39
0.45
0.45
0.69
0.8
0.36
0.62
0.46
0.57
0.75
0.82
0.74
0.72
0.67
0.71
0.85
0.83
0.53
0.61
0.49
0.71
0.86
0.77
0.73
0.68
0.62
0.68
0.84
0.81
0.82
0.85
0.89
0.81
0.77
0.76
0.81
0.83
0.87
0.89
0.93
0.88
0.82
0.81
0.74
0.8
0.77
0.86
0.85
0.81
0.87
0.81
0.69
0.83
0.84
0.85
0.82
0.89
0.75
0.79
0.81
0.82
0.7
0.79
0.81
0.68
0.53
0.73
0.76
0.85
0.8
0.8
0.82
0.82
0.84
0.84
0.93
0.89
0.87
0.86
0.87
0.76
0.78
0.86
0.8
0.81
0.79
0.78
0.89
0.82
0.79
0.79
0.87
0.88
0.79
0.84
0.86
0.84
0.86
0.82
0.83
0.95
0.95
0.89
0.93
0.91
0.93
0.89
0.7
0.84
0.74
0.69
0.78
0.8
0.75
0.73
0.81
0.8
0.7
0.79
0.84
0.84
0.65
0.9
0.79
0.61
0.68
0.79
0.88
0.88
0.78
0.84
0.82
0.86
0.87
0.77
0.44
0.59
0.75
0.88
0.53
0.52
0.62
0.45
0.44
0.58
0.69
0.67
0.85
0.84
0.82
0.87
0.95
0.81
0.79
0.39
0.46
0.54
0.63
0.71
0.75
0.63
0.64
0.73
0.69
0.8
0.77
0.51
0.34
0.51
0.38
0.65
0.57
0.7
0.34
0.49
0.4
0.49
0.64
0.91
0.96
0.54
0.63
0.67
0.55
0.62
0.84
0.79
0.93
0.98
0.28
0.5
0.36
0.62
0.52
0.4
0.62
0.38
0.38
0.63
0.6
0.68
0.53
0.56
0.48
0.49
0.37
0.41
0.46
0.38
0.55
0.73
0.57
0.31
0.62
0.44
0.55
0.72
0.36
0.48
0.44
0.63
0.57
0.6
0.35
0.35
0.29
0.31
0.38
0.31
0.37
0.27
0.46
0.64
0.65
0.34
0.31
0.63
0.71
0.6
0.51
0.63
0.73
0.85
0.73
0.56
0.64
0.46
0.6
0.28
0.28
0.27
0.46
0.47
0.45
0.59
0.58
0.81
0.91
0.88
0.69
0.51
0.51
0.63
0.63
0.69
0.6
0.73
0.81
0.86
0.69
0.56
0.65
0.69
0.87
0.46
0.58
0.55
0.44
0.28
0.53
0.73
0.8
0.48
0.4
0.44
0.47
0.58
0.79
0.93
0.81
0.7
0.4
0.43
0.31
0.59
0.8
0.76
0.47
0.56
0.66
0.78
0.57
0.69
0.75
0.71
0.65
0.79
0.89
0.84
0.55
0.53
0.63
0.77
0.53
0.55
0.16
0.42
0.45
0.53
0.52
0.78
0.41
0.59
0.66
0.85
0.79
0.59
0.5
0.5
0.6
0.27
0.36
0.62
0.58
0.78
0.8
0.74
0.69
0.35
0.41
0.75
0.62
0.61
0.64
0.94
0.67
0.24
0.46
0.46
0.67
0.56
0.75
0.76
0.42
0.33
0.5
0.5
0.14
0.36
0.57
0.82
0.58
0.69
0.86
0.6
0.39
0.43
0.67
0.83
0.64
0.41
0.57
0.79
0.88
0.57
0.4
0.46
0.47
0.37
0.62
0.71
0.76
0.84
0.58
0.45
0.88
0.7
0.63
0.66
0.77
0.84
0.54
0.38
0.51
0.71
0.72
0.76
0.87
0.81
0.78
0.69
0.69
0.81
0.55
0.7
0.7
0.69
0.71
0.74
0.9
0.77
0.78
0.71
0.69
0.79
0.72
0.82
0.84
0.88
0.84
0.89
0.82
0.74
0.77
0.94
0.78
0.77
0.72
0.83
0.78
0.84
0.86
0.8
0.83
0.87
0.89
0.82
0.88
0.84
0.94
0.92
0.9
0.85
0.87
0.78
0.83
0.67
0.52
0.74
0.82
0.71
0.78
0.86
0.86
0.89
0.94
0.92
0.87
0.82
0.83
0.92
0.9
0.87
0.9
0.91
0.91
0.89
0.81
0.83
0.87
0.81
0.83
0.78
0.74
0.73
0.76
0.74
0.55
0.8
0.67
0.81
0.94
0.94
0.86
0.83
0.63
0.83
0.84
0.88
0.8
0.85
0.61
0.75
0.68
0.57
0.78
0.67
0.61
0.71
0.79
0.7
0.83
0.83
0.86
0.92
0.82
0.84
0.63
0.85
0.83
0.83
0.89
0.95
0.84
0.78
0.78
0.74
0.84
0.71
0.67
0.72
0.92
0.93
0.94
0.72
0.5
0.81
0.8
0.6
0.7
0.83
0.68
0.78
0.82
0.46
0.71
0.61
0.41
0.73
0.71
0.55
0.73
0.47
0.47
0.69
0.67
0.75
0.8
0.73
0.73
0.8
0.8
0.65
0.25
0.31
0.48
0.54
0.53
0.65
0.62
0.56
0.58
0.42
0.46
0.63
0.63
0.8
0.69
0.84
0.67
0.34
0.29
0.58
0.83
0.8
0.44
0.72
0.7
0.66
0.5
0.38
0.5
0.52
0.48
0.78
0.34
0.45
0.53
0.59
0.89
0.81
0.51
0.61
0.65
0.6
0.32
0.38
0.73
0.84
0.67
0.74
0.6
0.75
0.74
0.69
0.42
0.38
0.58
0.5
0.74
0.79
0.82
0.8
0.79
0.56
0.27
0.31
0.42
0.54
0.53
0.59
0.57
0.69
0.46
0.83
0.67
0.49
0.62
0.7
0.88
0.67
0.58
0.76
0.77
0.63
0.42
0.63
0.71
0.49
0.24
0.36
0.38
0.56
0.5
0.53
0.64
0.74
0.72
0.59
0.54
0.44
0.53
0.75
0.7
0.17
0.61
0.88
0.79
0.53
0.56
0.89
0.98
0.85
0.73
0.83
0.92
0.91
0.77
0.68
0.92
0.89
0.73
0.78
0.33
0.52
0.55
0.61
0.84
0.35
0.41
0.57
0.68
0.64
0.55
0.52
0.66
0.78
0.81
0.83
0.83
0.89
0.94
0.62
0.57
0.74
0.56
0.74
0.95
0.91
0.63
0.77
0.46
0.36
0.47
0.74
0.61
0.61
0.53
0.64
0.57
0.7
0.84
0.62
0.54
0.68
0.52
0.62
0.88
0.84
0.59
0.77
0.62
0.58
0.47
0.48
0.59
0.42
0.43
0.66
0.69
0.6
0.49
0.49
0.5
0.5
0.35
0.39
0.34
0.49
0.5
0.87
0.63
0.63
0.69
0.8
0.76
0.56
0.47
0.7
0.81
0.75
0.97
0.97
0.71
0.45
0.62
0.5
0.71
0.67
0.77
0.83
0.87
0.87
0.84
0.63
0.5
0.72
0.9
0.78
0.7
0.79
0.78
0.87
0.78
0.53
0.77
0.77
0.77
0.79
0.88
0.84
0.85
0.72
0.78
0.83
0.75
0.77
0.94
0.87
0.81
0.94
0.93
0.9
0.87
0.85
0.83
0.84
0.84
0.87
0.88
0.89
0.83
0.83
0.83
0.86
0.88
0.81
0.84
0.88
0.72
0.73
0.73
0.78
0.77
0.84
0.87
0.91
0.82
0.86
0.91
0.9
0.92
0.82
0.72
0.77
0.76
0.85
0.87
0.92
0.86
0.84
0.8
0.9
0.8
0.82
0.84
0.82
0.95
0.9
0.89
0.9
0.84
0.81
0.7
0.75
0.76
0.75
0.84
0.88
0.88
0.8
0.81
0.79
0.83
0.88
0.73
0.77
0.75
0.75
0.72
0.71
0.63
0.77
0.87
0.89
0.93
0.93
0.86
0.88
0.88
0.9
0.65
0.67
0.81
0.87
0.83
0.89
0.47
0.8
0.69
0.59
0.7
0.72
0.88
0.78
0.83
0.86
0.92
0.97
0.63
0.62
0.7
0.69
0.76
0.83
0.83
0.71
0.74
0.67
0.84
0.79
0.46
0.57
0.62
0.59
0.82
0.91
0.88
0.95
0.87
0.65
0.78
0.84
0.56
0.43
0.43
0.48
0.68
0.82
0.76
0.84
0.7
0.62
0.67
0.72
0.65
0.53
0.48
0.33
0.46
0.41
0.28
0.41
0.55
0.73
0.78
0.67
0.73
0.82
0.3
0.52
0.61
0.6
0.55
0.63
0.59
0.38
0.6
0.59
0.49
0.47
0.7
0.78
0.9
0.78
0.75
0.5
0.48
0.45
0.62
0.65
0.55
0.59
0.71
0.72
0.7
0.7
0.67
0.63
0.92
0.93
0.84
0.46
0.39
0.34
0.41
0.43
0.52
0.69
0.47
0.65
0.67
0.61
0.4
0.64
0.57
0.26
0.38
0.44
0.55
0.61
0.76
0.83
0.77
0.38
0.24
0.56
0.28
0.39
0.51
0.58
0.63
0.66
0.59
0.3
0.57
0.66
0.7
0.69
0.69
0.78
0.71
0.66
0.66
0.53
0.37
0.19
0.19
0.24
0.45
0.72
0.65
0.71
0.8
0.56
0.78
0.82
0.48
0.34
0.66
0.7
0.39
0.28
0.37
0.36
0.83
0.41
0.49
0.63
0.6
0.35
0.43
0.46
0.51
0.72
0.58
0.91
0.46
0.46
0.58
0.45
0.8
0.88
0.68
0.53
0.81
0.93
0.74
0.25
0.49
0.51
0.58
0.79
0.94
0.76
0.59
0.77
0.51
0.42
0.66
0.73
0.91
0.97
0.91
0.81
0.71
0.66
0.54
0.65
0.73
0.74
0.82
0.62
0.68
0.79
0.84
0.94
0.84
0.47
0.74
0.83
0.58
0.61
0.67
0.8
0.84
0.91
0.88
0.86
0.73
0.6
0.7
0.65
0.66
0.6
0.62
0.82
0.89
0.78
0.74
0.81
0.96
0.93
0.76
0.54
0.66
0.48
0.68
0.85
0.94
0.9
0.86
0.55
0.36
0.42
0.35
0.72
0.63
0.67
0.81
0.92
0.79
0.77
0.81
0.83
0.91
0.85
0.64
0.77
0.9
0.89
0.89
0.74
0.84
0.83
0.77
0.84
0.9
0.87
0.92
0.91
0.93
0.91
0.89
0.9
0.87
0.9
0.98
0.93
0.89
0.95
0.99
0.76
0.94
1
0.97
0.93
0.94
0.85
0.86
0.91
0.96
0.93
0.83
0.92
0.84
0.82
0.88
0.85
0.88
0.91
0.86
0.91
0.87
0.91
0.89
0.89
0.93
0.91
0.75
0.74
0.74
0.81
0.89
0.91
0.92
0.89
0.9
0.87
0.89
0.87
0.8
0.57
0.72
0.87
0.84
0.85
0.84
0.92
0.85
0.86
0.89
0.92
0.89
0.86
0.89
0.91
0.87
0.86
0.81
0.82
0.82
0.85
0.81
0.86
0.92
0.8
0.91
0.86
0.71
0.69
0.78
0.85
0.71
0.65
0.86
0.8
0.84
0.8
0.91
0.87
0.42
0.78
0.69
0.32
0.57
0.67
0.77
0.77
0.72
0.77
0.7
0.61
0.81
0.74
0.7
0.65
0.75
0.62
0.63
0.54
0.74
0.61
0.72
0.86
0.88
0.85
0.79
0.87
0.94
0.88
0.68
0.37
0.46
0.52
0.47
0.49
0.52
0.76
0.59
0.59
0.59
0.44
0.67
0.65
0.65
0.32
0.32
0.55
0.73
0.6
0.61
0.79
0.81
0.61
0.57
0.45
0.33
0.29
0.4
0.4
0.45
0.54
0.72
0.79
0.61
0.37
0.38
0.5
0.65
0.62
0.7
0.84
0.33
0.24
0.27
0.46
0.49
0.68
0.61
0.81
0.58
0.44
0.37
0.41
0.77
0.61
0.43
0.53
0.43
0.36
0.3
0.33
0.43
0.39
0.55
0.58
0.63
0.44
0.36
0.47
0.56
0.73
0.8
0.53
0.63
0.63
0.76
0.56
0.44
0.57
0.42
0.3
0.35
0.19
0.33
0.62
0.82
0.53
0.6
0.69
0.71
0.56
0.3
0.32
0.33
0.35
0.7
0.82
0.78
0.55
0.66
0.63
0.64
0.43
0.49
0.64
0.48
0.56
0.29
0.5
0.82
0.7
0.84
0.6
0.68
0.37
0.51
0.64
0.76
0.76
0.35
0.73
0.59
0.77
0.69
0.42
0.52
0.63
0.63
0.59
0.62
0.6
0.82
0.75
0.3
0.58
0.7
0.64
0.68
0.56
0.87
0.3
0.4
0.44
0.66
0.79
0.83
0.54
0.52
0.87
0.36
0.65
0.54
0.53
0.54
0.58
0.53
0.61
0.61
0.7
0.6
0.49
0.65
0.61
0.46
0.3
0.54
0.65
0.51
0.44
0.68
0.79
0.74
0.51
0.47
0.52
0.49
0.69
0.83
0.77
0.51
0.76
0.78
0.74
0.41
0.47
0.5
0.71
0.76
0.77
0.88
0.77
0.45
0.69
0.59
0.53
0.51
0.63
0.73
0.59
0.79
0.52
0.43
0.48
0.77
0.87
0.37
0.44
0.75
0.77
0.57
0.83
0.75
0.71
0.8
0.75
0.76
0.72
0.53
0.39
0.31
0.53
0.56
0.6
0.69
0.74
0.84
0.81
0.92
0.83
0.58
0.59
0.66
0.77
0.81
0.82
0.85
0.87
0.9
0.94
0.84
0.84
0.6
0.65
0.68
0.64
0.73
0.82
0.86
0.76
0.67
0.78
0.74
0.74
0.8
0.83
0.91
0.87
0.84
0.76
0.77
0.88
0.84
0.89
0.83
0.75
0.8
0.91
0.71
0.79
0.89
0.83
0.86
0.89
0.87
0.87
0.89
0.85
0.91
0.91
0.91
0.88
0.85
0.92
0.89
0.9
0.89
0.84
0.82
0.84
0.88
0.9
0.88
0.78
0.77
0.7
0.85
0.96
0.9
0.83
0.91
0.74
0.7
0.68
0.75
0.79
0.88
0.91
0.78
0.55
0.71
0.7
0.74
0.83
0.84
0.89
0.96
0.93
0.61
0.71
0.68
0.65
0.65
0.62
0.58
0.52
0.74
0.79
0.92
0.89
0.6
0.87
0.96
0.67
0.74
0.81
0.79
0.95
0.86
0.86
0.92
0.89
0.96
0.88
0.74
0.69
0.63
0.57
0.46
0.59
0.79
0.75
0.8
0.79
0.72
0.66
0.76
0.62
0.75
0.55
0.67
0.36
0.68
0.77
0.74
0.94
0.96
1
0.74
0.68
0.91
0.84
0.31
0.7
0.33
0.34
0.48
0.58
0.62
0.92
0.94
0.56
0.5
0.27
0.26
0.64
0.81
0.6
0.5
0.53
0.37
0.49
0.45
0.38
0.41
0.69
0.72
0.96
0.67
0.75
0.58
0.79
0.66
0.8
0.92
0.82
0.75
0.83
0.36
0.77
0.8
0.69
0.86
0.92
0.62
0.47
0.52
0.47
0.36
0.47
0.47
0.48
0.39
0.28
0.45
0.46
0.74
0.79
0.29
0.54
0.39
0.52
0.69
0.61
0.54
0.68
0.58
0.69
0.68
0.56
0.63
0.69
0.8
0.8
0.82
0.63
0.38
0.42
0.59
0.74
0.8
0.7
0.81
1
0.58
0.34
0.33
0.38
0.49
0.31
0.4
0.76
0.48
0.28
0.51
0.78
0.55
0.73
0.58
0.52
0.65
0.76
0.93
0.86
0.54
0.42
0.32
0.5
0.72
0.71
0.74
0.65
0.79
0.38
0.43
0.91
0.85
0.7
0.95
0.99
0.65
0.49
0.65
0.68
0.43
0.58
0.77
0.71
0.67
0.38
0.36
0.42
0.37
0.3
0.66
0.58
0.65
0.79
0.54
0.6
0.6
0.73
0.91
0.8
0.58
0.67
0.64
0.49
0.52
0.75
0.57
0.48
0.73
0.73
0.85
0.23
0.25
0.48
0.82
0.85
0.62
0.66
0.65
0.82
0.59
0.56
0.66
0.2
0.46
0.69
0.86
0.94
0.86
0.98
0.85
0.53
0.41
0.56
0.62
0.76
0.78
0.58
0.35
0.43
0.53
0.47
0.76
0.75
0.88
0.99
0.45
0.75
0.81
0.81
0.68
0.74
0.72
0.67
0.75
0.8
0.85
1
0.85
0.61
0.59
0.77
0.79
0.68
0.65
0.48
0.69
0.8
0.95
0.97
0.97
0.93
0.9
0.93
0.92
0.9
0.91
0.92
0.86
0.76
0.75
0.89
0.86
0.88
0.94
0.92
0.97
0.98
0.93
0.96
0.92
0.68
0.62
0.79
0.72
0.76
0.84
0.78
0.85
0.92
0.94
0.96
0.99
0.85
0.83
0.82
0.63
0.78
0.83
0.8
0.87
0.96
0.89
0.92
0.92
0.91
0.92
0.95
0.95
0.91
0.94
0.96
0.96
0.88
0.9
0.94
0.91
0.93
0.92
0.93
0.94
0.93
0.92
0.88
0.85
0.87
0.98
0.96
0.84
0.81
0.96
0.96
0.98
0.94
0.91
0.97
0.94
0.78
0.81
0.87
0.87
0.91
0.94
0.93
0.9
0.87
0.85
0.84
0.8
0.8
0.93
0.87
0.78
0.89
0.89
0.86
0.88
0.87
0.88
0.91
0.63
0.48
0.85
0.83
0.89
0.91
0.85
0.93
0.92
0.86
0.87
0.9
0.79
0.83
0.81
0.69
0.66
0.76
0.74
0.74
0.73
0.51
0.61
0.68
0.9
0.92
0.8
0.7
0.71
0.86
0.9
0.89
0.75
0.85
0.65
0.79
0.7
0.55
0.47
0.54
0.42
0.65
0.82
0.81
0.84
0.81
0.93
0.69
0.31
0.37
0.49
0.48
0.63
0.83
0.82
0.43
0.43
0.47
0.82
0.72
0.8
0.71
0.46
0.63
0.76
0.67
0.55
0.46
0.49
0.47
0.47
0.7
0.82
0.74
0.87
0.6
0.34
0.6
0.52
0.39
0.61
0.26
0.5
0.72
0.78
0.89
0.7
0.53
0.62
0.46
0.32
0.43
0.35
0.64
0.58
0.41
0.71
0.38
0.35
0.26
0.3
0.29
0.72
0.44
0.52
0.81
0.83
0.38
0.32
0.3
0.28
0.36
0.37
0.54
0.29
0.31
0.54
0.58
0.62
0.73
0.68
0.36
0.44
0.49
0.35
0.34
0.27
0.36
0.49
0.57
0.3
0.63
0.77
0.44
0.34
0.45
0.55
0.57
0.31
0.56
0.75
0.69
0.76
0.68
0.47
0.27
0.25
0.43
0.78
0.78
0.68
0.79
0.58
0.63
0.69
0.63
0.74
0.8
0.67
0.7
0.72
0.65
0.72
0.7
0.8
0.5
0.8
0.9
0.91
0.8
0.83
0.74
0.56
0.47
0.46
0.53
0.49
0.63
0.49
0.65
0.71
0.4
0.55
0.58
0.5
0.7
0.75
0.76
0.33
0.38
0.53
0.67
0.62
0.52
0.55
0.61
0.53
0.66
0.64
0.57
0.71
0.56
0.55
0.38
0.46
0.48
0.41
0.4
0.43
0.51
0.44
0.66
0.62
0.48
0.57
0.38
0.35
0.33
0.45
0.72
0.58
0.46
0.76
0.33
0.47
0.53
0.77
0.74
0.68
0.63
0.72
0.78
0.52
0.7
0.84
0.89
0.47
0.3
0.44
0.55
0.84
0.88
0.67
0.8
0.91
0.66
0.63
0.21
0.23
0.28
0.46
0.52
0.75
0.82
0.59
0.37
0.48
0.37
0.46
0.45
0.61
0.66
0.7
0.69
0.68
0.76
0.84
0.83
0.71
0.67
0.73
0.59
0.73
0.84
0.85
0.8
0.88
0.88
0.79
0.76
0.78
0.82
0.87
0.88
0.9
0.92
0.84
0.8
0.9
0.9
0.68
0.74
0.73
0.78
0.85
0.95
0.95
0.95
0.94
0.79
0.69
0.73
0.83
0.91
0.83
0.7
0.9
0.88
0.89
0.85
0.87
0.82
0.81
0.9
0.87
0.91
0.94
0.91
0.89
0.9
0.92
0.94
0.89
0.94
0.91
0.91
0.94
0.86
0.91
0.91
0.89
0.88
0.85
0.88
0.92
0.91
0.83
0.78
0.89
0.87
0.84
0.86
0.88
0.83
0.79
0.73
0.79
0.77
0.71
0.84
0.77
0.77
0.85
0.83
0.91
0.87
0.84
0.85
0.83
0.69
0.73
0.58
0.8
0.73
0.78
0.77
0.63
0.63
0.7
0.75
0.72
0.79
0.82
0.82
0.62
0.45
0.6
0.62
0.68
0.72
0.7
0.7
0.69
0.69
0.81
0.84
0.86
0.77
0.49
0.51
0.53
0.54
0.63
0.71
0.64
0.77
0.87
0.76
0.6
0.72
0.7
0.92
0.76
0.52
0.55
0.55
0.83
0.89
0.86
0.85
0.71
0.69
0.35
0.46
0.44
0.58
0.83
0.73
0.77
0.74
0.8
0.55
0.73
0.82
0.55
0.42
0.65
0.68
0.67
0.73
0.62
0.54
0.36
0.52
0.68
0.72
0.83
0.77
0.59
0.5
0.7
0.87
0.43
0.6
0.66
0.65
0.86
0.57
0.29
0.29
0.63
0.72
0.77
0.78
0.67
0.8
0.54
0.31
0.41
0.45
0.43
0.5
0.8
0.46
0.31
0.26
0.33
0.49
0.62
0.56
0.21
0.31
0.35
0.54
0.68
0.76
0.72
0.5
0.43
0.68
0.69
0.68
0.68
0.49
0.42
0.33
0.48
0.65
0.77
0.72
0.63
0.41
0.35
0.48
0.61
0.8
0.78
0.63
0.72
0.71
0.48
0.39
0.39
0.42
0.45
0.33
0.51
0.47
0.55
0.63
0.54
0.59
0.42
0.4
0.21
0.52
0.72
0.56
0.19
0.22
0.3
0.52
0.66
0.75
0.67
0.65
0.49
0.48
0.33
0.27
0.29
0.51
0.44
0.87
0.44
0.76
0.47
0.59
0.73
0.78
0.77
0.77
0.42
0.5
0.51
0.92
0.66
0.72
0.53
0.69
0.45
0.18
0.53
0.7
0.67
0.54
0.92
0.84
0.5
0.6
0.66
0.63
0.62
0.76
0.32
0.31
0.58
0.34
0.42
0.45
0.17
0.35
0.6
0.75
0.44
0.33
0.35
0.47
0.68
0.63
0.7
0.76
0.38
0.55
0.83
0.87
0.75
0.56
0.54
0.74
0.92
0.93
0.96
0.82
0.92
0.93
0.68
0.73
0.49
0.35
0.59
0.95
0.79
0.6
0.69
0.62
0.47
0.51
0.52
0.57
0.55
0.65
0.69
0.94
0.95
0.84
0.51
0.55
0.62
0.72
0.74
0.86
0.82
0.8
0.72
0.68
0.46
0.51
0.64
0.76
0.78
0.87
0.76
0.82
0.89
0.94
0.84
0.88
0.86
0.78
0.83
0.86
0.92
0.88
0.9
0.88
0.94
0.91
0.79
0.73
0.86
0.91
0.89
0.9
0.93
0.94
0.94
0.93
0.91
0.82
0.92
0.99
0.81
0.9
0.75
0.78
0.79
0.89
0.86
0.91
0.9
0.98
0.96
0.92
0.75
0.8
0.8
0.82
0.86
0.88
0.92
0.89
0.94
1
1
0.91
0.89
1
1
0.97
1
0.94
0.85
0.94
0.97
0.94
0.96
0.93
0.93
0.91
0.92
0.92
0.9
0.85
0.91
0.9
0.77
0.92
0.86
0.85
0.9
0.88
0.88
0.84
0.72
0.65
0.78
0.86
0.87
0.91
0.99
0.95
0.85
0.91
0.9
0.95
0.94
0.95
0.86
0.65
0.76
0.93
0.9
0.94
0.94
0.98
0.87
0.76
0.77
0.82
0.85
0.68
0.73
0.9
0.79
0.94
0.93
0.93
0.86
0.88
0.92
0.88
0.62
0.5
0.74
0.88
0.8
0.93
0.73
0.68
0.83
0.71
0.9
0.84
0.43
0.49
0.84
0.75
0.43
0.68
0.9
0.55
0.73
0.86
0.67
0.62
0.81
0.69
0.76
0.91
0.97
0.86
0.48
0.54
0.51
0.37
0.73
0.77
0.94
0.93
0.73
0.86
0.85
0.71
0.75
0.7
0.65
0.47
0.33
0.46
0.64
0.83
0.6
0.8
0.39
0.62
0.72
0.73
0.44
0.65
0.67
0.4
0.71
0.33
0.56
0.36
0.54
0.78
0.61
0.51
0.42
0.43
0.38
0.27
0.35
0.48
0.69
0.8
0.68
0.79
0.81
0.58
0.5
0.4
0.63
0.81
0.65
0.46
0.33
0.45
0.3
0.46
0.49
0.78
0.67
0.48
0.62
0.6
0.35
0.43
0.46
0.53
0.68
0.66
0.64
0.62
0.68
0.9
0.82
0.71
0.76
0.71
0.73
0.76
0.68
0.72
0.69
0.71
0.79
0.83
0.66
0.65
0.8
0.8
0.83
0.87
0.89
0.99
0.59
0.75
0.94
0.62
0.79
0.83
0.3
0.56
0.54
0.61
0.77
0.5
0.68
0.65
0.65
0.89
0.64
0.43
0.55
0.72
0.82
0.79
0.68
0.64
0.48
0.58
0.69
0.8
0.23
0.47
0.52
0.64
0.67
0.84
0.87
0.86
0.6
0.58
0.63
0.84
0.35
0.71
0.62
0.84
0.84
0.62
0.62
0.51
0.78
0.42
0.71
0.39
0.7
0.71
0.7
0.5
0.61
0.63
0.86
0.87
0.6
0.6
0.55
0.76
0.39
0.68
0.59
0.56
0.7
0.57
0.63
0.67
0.44
0.63
0.55
0.68
0.43
0.47
0.47
0.5
0.71
0.75
0.75
0.53
0.43
0.55
0.82
0.47
0.44
0.56
0.65
0.63
0.59
0.64
0.52
0.72
0.82
0.92
0.63
0.46
0.6
0.81
0.71
0.7
0.75
0.92
0.89
0.9
0.35
0.71
0.77
0.78
0.79
0.77
0.92
0.92
0.82
0.43
0.59
0.65
0.83
0.94
0.84
0.86
0.95
0.99
0.94
0.95
0.82
0.73
0.83
0.84
0.87
0.83
0.9
0.98
0.96
0.92
0.78
0.74
0.71
0.79
0.9
0.93
0.96
0.91
0.87
0.93
0.95
0.95
0.97
0.79
0.65
0.69
0.76
0.82
0.97
0.97
0.98
0.94
0.82
0.85
0.91
0.92
0.99
0.94
0.83
0.98
0.95
0.84
0.87
0.91
0.9
0.79
0.78
0.79
0.92
0.78
0.79
0.8
0.89
0.86
0.89
0.88
0.83
0.73
0.91
0.91
0.83
0.77
0.87
0.93
0.88
0.86
0.9
0.86
0.94
0.82
0.78
0.74
0.86
0.88
0.86
0.85
0.86
0.82
0.78
0.82
0.9
0.85
0.62
0.74
0.8
0.87
0.88
0.88
0.91
0.84
0.89
0.91
0.87
0.81
0.83
0.87
0.86
0.72
0.54
0.84
0.91
0.8
0.9
0.84
0.83
0.95
0.91
0.65
0.56
0.71
0.75
0.72
0.89
0.87
0.91
0.71
0.66
0.83
0.89
0.94
0.78
0.51
0.79
0.73
0.54
0.72
0.85
0.72
0.69
0.72
0.75
0.77
0.79
0.85
0.89
0.92
0.79
0.5
0.7
0.73
0.71
0.94
0.86
0.79
0.85
0.83
0.75
0.74
0.63
0.76
0.69
0.48
0.83
0.81
0.33
0.68
0.62
0.79
0.66
0.61
0.54
0.43
0.34
0.36
0.63
0.72
0.61
0.67
0.74
0.27
0.46
0.22
0.26
0.34
0.49
0.51
0.51
0.61
0.54
0.45
0.67
0.82
0.81
0.37
0.55
0.4
0.42
0.39
0.3
0.57
0.81
0.52
0.44
0.54
0.55
0.68
0.77
0.76
0.66
0.72
0.3
0.56
0.52
0.38
0.38
0.46
0.53
0.69
0.63
0.77
0.82
0.79
0.68
0.48
0.51
0.47
0.55
0.47
0.73
0.7
0.54
0.83
0.71
0.81
0.88
0.43
0.66
0.47
0.79
0.74
0.52
0.51
0.65
0.52
0.75
0.63
0.85
0.9
0.7
0.43
0.31
0.62
0.64
0.43
0.6
0.29
0.54
0.59
0.61
0.54
0.75
0.77
0.65
0.44
0.42
0.59
0.73
0.78
0.82
0.76
0.76
0.77
0.88
0.77
0.7
0.69
0.84
0.74
0.82
0.67
0.57
0.72
0.78
0.53
0.73
0.73
0.58
0.63
0.83
0.47
0.41
0.64
0.56
0.48
0.38
0.58
0.65
0.61
0.67
0.67
0.85
0.77
0.92
0.82
0.67
0.6
0.73
0.78
0.34
0.5
0.62
0.46
0.55
0.62
0.71
0.47
0.54
0.59
0.83
0.73
0.59
0.4
0.69
0.64
0.49
0.63
0.54
0.64
0.73
0.67
0.83
0.85
0.74
0.44
0.44
0.64
0.52
0.67
0.69
0.39
0.52
0.65
0.89
0.6
0.79
0.57
0.94
0.61
0.52
0.41
0.43
0.59
0.64
0.65
0.89
0.92
0.84
0.81
0.78
0.86
0.67
0.49
0.58
0.45
0.62
0.74
0.84
0.79
0.78
0.78
0.74
0.82
0.85
0.88
0.75
0.79
0.91
0.83
0.77
0.67
0.75
0.67
0.73
0.86
0.73
0.78
0.89
0.86
0.91
0.77
0.72
0.88
0.86
0.73
0.76
0.76
0.78
0.86
0.95
0.86
0.87
0.87
0.88
0.8
0.88
0.8
0.54
0.69
0.75
0.72
0.78
0.79
0.91
0.92
0.86
0.79
0.85
0.92
0.91
0.74
0.83
0.88
0.71
0.81
0.83
0.87
0.92
0.89
0.88
0.83
0.85
0.79
0.72
0.76
0.77
0.78
0.83
0.9
0.75
0.74
0.83
0.83
0.83
0.88
0.87
0.92
0.83
0.78
0.8
0.79
0.85
0.86
0.79
0.78
0.78
0.9
0.91
0.89
0.89
0.88
0.89
0.69
0.67
0.71
0.9
0.88
0.61
0.76
0.84
0.82
0.83
0.8
0.8
0.62
0.69
0.6
0.7
0.78
0.91
0.86
0.92
0.94
0.82
0.82
0.91
0.85
0.86
0.66
0.5
0.75
0.87
0.78
0.82
0.74
0.66
0.71
0.84
0.87
0.83
0.96
0.45
0.41
0.58
0.5
0.35
0.64
0.82
0.9
0.71
0.28
0.51
0.72
0.86
0.92
0.48
0.41
0.71
0.74
0.85
0.68
0.6
0.44
0.41
0.55
0.57
0.32
0.51
0.47
0.52
0.57
0.61
0.28
0.39
0.5
0.64
0.73
0.81
0.62
0.74
0.82
0.81
0.8
0.78
0.56
0.58
0.83
0.5
0.46
0.73
0.61
0.19
0.38
0.24
0.37
0.4
0.56
0.86
0.75
0.8
0.62
0.5
0.55
0.54
0.67
0.49
0.33
0.53
0.78
0.61
0.38
0.35
0.44
0.54
0.37
0.59
0.71
0.62
0.69
0.54
0.7
0.35
