20050101
0.43
0.43
0.36
0.43
0.6
0.55
0.44
0.32
0.47
0.48
0.42
0.35
0.42
0.4
0.4
0.45
0.48
0.49
0.45
0.36
0.48
0.58
0.64
0.36
0.54
0.69
0.77
0.56
0.27
0.24
0.18
0.21
0.25
0.29
0.42
0.44
0.77
0.68
0.75
0.46
0.4
0.4
0.43
0.56
0.76
0.87
0.66
0.79
0.48
0.29
0.39
0.55
0.64
0.66
0.62
0.37
0.5
0.51
0.43
0.73
0.4
0.59
0.32
0.41
0.44
0.37
0.53
0.5
0.46
0.19
0.19
0.15
0.29
0.32
0.28
0.37
0.28
0.35
0.29
0.37
0.33
0.26
0.2
0.24
0.37
0.51
0.26
0.18
0.21
0.3
0.47
0.77
0.51
0.32
0.48
0.46
0.16
0.85
0.61
0.3
0.43
0.26
0.28
0.18
0.27
0.3
0.35
0.6
0.32
0.21
0.13
0.14
0.32
0.25
0.25
0.24
0.23
0.21
0.33
0.3
0.11
0.26
0.43
0.53
0.5
0.26
0.37
0.18
0.27
0.6
0.48
0.57
0.56
0.65
0.56
0.76
0.75
0.47
0.41
0.45
0.75
0.5
0.29
0.48
0.51
0.3
0.57
0.59
0.85
0.75
0.67
0.56
0.4
0.41
0.48
0.68
0.73
0.84
0.9
0.89
0.75
0.6
0.6
0.53
0.58
0.4
0.5
0.65
0.61
0.76
0.55
0.45
0.49
0.54
0.65
0.7
0.88
0.74
0.72
0.68
0.49
0.52
0.57
0.61
0.45
0.39
0.41
0.68
0.76
0.49
0.58
0.63
0.65
0.78
0.77
0.66
0.76
0.86
0.76
0.78
0.76
0.72
0.88
0.94
0.8
0.75
0.77
0.81
0.62
0.61
0.75
0.85
0.71
0.72
0.89
0.77
0.79
0.79
0.79
0.78
0.91
0.84
0.83
0.85
0.85
0.82
0.83
0.9
0.78
0.68
0.65
0.68
0.66
0.68
0.71
0.8
0.72
0.74
0.73
0.77
0.78
0.8
0.81
0.64
0.5
0.53
0.53
0.55
0.56
0.68
0.68
0.68
0.82
0.8
0.72
0.78
0.7
0.78
0.79
0.34
0.58
0.7
0.7
0.5
0.59
0.77
0.77
0.72
0.77
0.75
0.82
0.91
0.75
0.67
0.31
0.51
0.48
0.56
0.72
0.32
0.47
0.52
0.65
0.73
0.84
0.48
0.26
0.27
0.38
0.23
0.48
0.6
0.76
0.63
0.57
0.53
0.41
0.71
0.84
0.61
0.35
0.38
0.38
0.44
0.46
0.55
0.64
0.57
0.39
0.18
0.35
0.24
0.43
0.29
0.28
0.5
0.26
0.35
0.36
0.44
0.46
0.46
0.62
0.55
0.38
0.35
0.25
0.28
0.28
0.3
0.41
0.4
0.26
0.38
0.36
0.37
0.53
0.29
0.37
0.4
0.38
0.44
0.48
0.28
0.29
0.31
0.32
0.3
0.28
0.29
0.28
0.36
0.44
0.43
0.27
0.33
0.29
0.34
0.37
0.43
0.37
0.41
0.55
0.59
0.79
0.61
0.52
0.7
0.27
0.32
0.22
0.39
0.39
0.38
0.47
0.8
0.87
0.61
0.6
0.56
0.69
0.67
0.76
0.69
0.55
0.47
0.45
0.61
0.71
0.47
0.49
0.5
0.75
0.43
0.34
0.51
0.33
0.36
0.18
0.24
0.36
0.64
0.37
0.38
0.38
0.43
0.53
0.62
0.71
0.47
0.55
0.16
0.17
0.25
0.29
0.36
0.49
0.24
0.17
0.59
0.46
0.29
0.33
0.64
0.37
0.26
0.3
0.46
0.22
0.3
0.36
0.29
0.39
0.34
0.51
0.23
0.22
0.22
0.27
0.24
0.24
0.13
0.18
0.23
0.24
0.15
0.17
0.19
0.09
0.26
0.2
0.18
0.18
0.3
0.32
0.33
0.29
0.21
0.12
0.24
0.74
0.31
0.37
0.41
0.66
0.56
0.21
0.22
0.3
0.2
0.52
0.39
0.4
0.26
0.24
0.37
0.18
0.1
0.11
0.37
0.57
0.5
0.39
0.34
0.24
0.21
0.32
0.41
0.66
0.49
0.45
0.55
0.78
0.72
0.28
0.38
0.79
0.4
0.3
0.33
0.48
0.21
0.56
0.64
0.57
0.65
0.47
0.32
0.37
0.84
0.87
0.72
0.6
0.48
0.56
0.63
0.59
0.81
0.8
0.73
0.66
0.76
0.43
0.35
0.42
0.5
0.61
0.72
0.69
0.54
0.42
0.31
0.35
0.38
0.41
0.46
0.41
0.43
0.58
0.73
0.73
0.66
0.61
0.8
0.82
0.81
0.8
0.64
0.68
0.69
0.62
0.58
0.76
0.82
0.86
0.86
0.75
0.8
0.76
0.82
0.67
0.7
0.73
0.89
0.82
0.77
0.49
0.45
0.76
0.85
0.83
0.91
0.85
0.86
0.86
0.74
0.81
0.7
0.78
0.78
0.82
0.81
0.8
0.79
0.84
0.84
0.89
0.88
0.79
0.9
0.88
0.74
0.75
0.79
0.78
0.69
0.53
0.54
0.62
0.71
0.77
0.81
0.88
0.79
0.69
0.74
0.78
0.71
0.78
0.81
0.73
0.37
0.62
0.59
0.67
0.55
0.5
0.6
0.65
0.58
0.61
0.62
0.73
0.71
0.61
0.58
0.66
0.66
0.64
0.6
0.63
0.77
0.68
0.52
0.67
0.63
0.45
0.64
0.72
0.64
0.56
0.55
0.59
0.73
0.56
0.82
0.75
0.68
0.58
0.74
0.79
0.78
0.77
0.59
0.47
0.63
0.67
0.4
0.75
0.65
0.71
0.73
0.67
0.58
0.71
0.62
0.52
0.54
0.52
0.57
0.6
0.52
0.53
0.23
0.14
0.28
0.36
0.34
0.5
0.31
0.49
0.33
0.23
0.28
0.46
0.67
0.68
0.63
0.66
0.45
0.59
0.49
0.5
0.86
0.65
0.66
0.55
0.49
0.43
0.35
0.34
0.35
0.45
0.48
0.61
0.43
0.42
0.38
0.46
0.55
0.5
0.36
0.46
0.44
0.27
0.31
0.42
0.49
0.52
0.46
0.58
0.53
0.68
0.72
0.6
0.43
0.32
0.37
0.77
0.88
0.74
0.76
0.78
0.78
0.58
0.31
0.36
0.38
0.5
0.56
0.48
0.49
0.46
0.52
0.48
0.46
0.39
0.5
0.6
0.62
0.45
0.46
0.51
0.54
0.61
0.39
0.43
0.45
0.35
0.17
0.27
0.34
0.41
0.3
0.37
0.35
0.35
0.53
0.63
0.39
0.32
0.4
0.4
0.39
0.24
0.36
0.47
0.36
0.48
0.46
0.37
0.47
0.16
0.31
0.47
0.67
0.79
0.86
0.64
0.73
0.66
0.89
0.69
0.31
0.53
0.5
0.6
0.65
0.27
0.33
0.5
0.64
0.61
0.6
0.48
0.54
0.79
0.95
0.89
0.77
0.79
0.85
0.44
0.28
0.29
0.27
0.47
0.7
0.88
0.29
0.32
0.28
0.21
0.29
0.38
0.36
0.29
0.33
0.28
0.38
0.39
0.69
0.52
0.23
0.39
0.4
0.34
0.27
0.44
0.24
0.22
0.29
0.4
0.37
0.2
0.29
0.32
0.32
0.37
0.55
0.38
0.35
0.32
0.26
0.2
0.29
0.23
0.24
0.37
0.36
0.52
0.2
0.22
0.26
0.4
0.29
0.38
0.26
0.26
0.43
0.35
0.85
0.87
0.48
0.33
0.38
0.31
0.39
0.35
0.51
0.88
0.83
0.77
0.8
0.32
0.39
0.42
0.52
0.55
0.44
0.44
0.45
0.51
0.77
0.55
0.42
0.56
0.56
0.55
0.67
0.65
0.54
0.49
0.53
0.49
0.49
0.44
0.77
0.73
0.74
0.88
0.65
0.7
0.74
0.65
0.6
0.6
0.72
0.79
0.83
0.55
0.5
0.79
0.75
0.81
0.78
0.7
0.75
0.68
0.46
0.64
0.6
0.7
0.63
0.51
0.45
0.62
0.7
0.78
0.74
0.81
0.85
0.74
0.74
0.74
0.84
0.8
0.84
0.89
0.73
0.59
0.48
0.59
0.67
0.66
0.59
0.6
0.68
0.69
0.67
0.75
0.74
0.66
0.54
0.6
0.43
0.41
0.82
0.75
0.66
0.6
0.51
0.6
0.64
0.68
0.6
0.58
0.62
0.58
0.57
0.49
0.49
0.54
0.66
0.65
0.75
0.87
0.82
0.82
0.85
0.8
0.61
0.63
0.67
0.66
0.67
0.67
0.65
0.73
0.62
0.36
0.63
0.66
0.75
0.72
0.67
0.79
0.88
0.82
0.35
0.39
0.52
0.61
0.74
0.5
0.54
0.46
0.58
0.51
0.65
0.3
0.41
0.45
0.51
0.59
0.68
0.78
0.78
0.82
0.84
0.54
0.6
0.66
0.31
0.22
0.32
0.47
0.67
0.75
0.8
0.84
0.57
0.46
0.56
0.63
0.8
0.64
0.79
0.41
0.53
0.34
0.29
0.39
0.32
0.49
0.79
0.64
0.74
0.52
0.23
0.36
0.45
0.37
0.52
0.54
0.43
0.32
0.5
0.55
0.43
0.42
0.56
0.55
0.85
0.6
0.55
0.38
0.46
0.51
0.52
0.47
0.5
0.55
0.52
0.75
0.74
0.5
0.59
0.62
0.7
0.72
0.49
0.27
0.24
0.29
0.32
0.34
0.2
0.41
0.4
0.33
0.39
0.27
0.32
0.49
0.33
0.25
0.25
0.45
0.52
0.36
0.62
0.76
0.72
0.64
0.73
0.54
0.33
0.29
0.32
0.38
0.47
0.36
0.36
0.31
0.43
0.35
0.35
0.43
0.46
0.39
0.36
0.37
0.35
0.37
0.27
0.16
0.17
0.25
0.31
0.39
0.33
0.34
0.48
0.45
0.35
0.42
0.23
0.15
0.34
0.45
0.26
0.17
0.18
0.21
0.3
0.3
0.26
0.26
0.3
0.27
0.31
0.33
0.46
0.3
0.41
0.47
0.23
0.33
0.3
0.23
0.39
0.3
0.28
0.33
0.86
0.73
0.34
0.24
0.27
0.3
0.32
0.81
0.92
0.54
0.48
0.49
0.31
0.3
0.33
0.43
0.62
0.71
0.85
0.74
0.85
0.67
0.7
0.56
0.38
0.51
0.6
0.5
0.38
0.54
0.72
0.81
0.54
0.31
0.42
0.31
0.36
0.26
0.44
0.56
0.42
0.45
0.58
0.7
0.49
0.41
0.58
0.4
0.23
0.6
0.45
0.66
0.63
0.55
0.7
0.66
0.7
0.56
0.43
0.33
0.39
0.18
0.33
0.48
0.3
0.36
0.65
0.24
0.21
0.2
0.2
0.35
0.48
0.66
0.76
0.79
0.71
0.66
0.8
0.63
0.68
0.6
0.51
0.63
0.66
0.9
0.77
0.66
0.8
0.82
0.76
0.83
0.72
0.67
0.73
0.8
0.83
0.88
0.94
0.9
0.96
0.88
0.88
0.82
0.68
0.75
0.93
0.68
0.68
0.83
0.8
0.77
0.72
0.48
0.52
0.87
0.81
0.71
0.64
0.67
0.71
0.69
0.67
0.68
0.68
0.7
0.77
0.76
0.75
0.76
0.7
0.73
0.96
0.73
0.73
0.77
0.84
0.83
0.81
0.83
0.84
0.8
0.93
0.88
0.74
0.8
0.88
0.72
0.66
0.72
0.78
0.81
0.81
0.93
0.72
0.62
0.65
0.69
0.86
0.82
0.81
0.84
0.88
0.65
0.65
0.69
0.71
0.78
0.67
0.76
0.82
0.83
0.92
0.67
0.64
0.69
0.76
0.78
0.78
0.86
0.87
0.73
0.84
0.84
0.92
0.72
0.5
0.78
0.6
0.41
0.68
0.73
0.82
0.75
0.84
0.85
0.56
0.83
0.96
0.77
0.75
0.57
0.83
0.53
0.65
0.68
0.66
0.66
0.61
0.58
0.71
0.69
0.65
0.73
0.82
0.9
0.38
0.29
0.37
0.29
0.4
0.57
0.64
0.79
0.45
0.53
0.4
0.34
0.5
0.49
0.41
0.44
0.72
0.73
0.65
0.76
0.71
0.55
0.58
0.53
0.41
0.28
0.31
0.36
0.34
0.45
0.51
0.59
0.58
0.46
0.48
0.34
0.39
0.32
0.45
0.32
0.41
0.53
0.33
0.25
0.35
0.37
0.34
0.56
0.91
0.8
0.72
0.6
0.52
0.59
0.69
0.39
0.55
0.46
0.37
0.31
0.25
0.3
0.4
0.43
0.56
0.55
0.65
0.34
0.42
0.45
0.55
0.61
0.62
0.62
0.56
0.47
0.58
0.45
0.39
0.46
0.37
0.41
0.37
0.39
0.44
0.55
0.71
0.44
0.43
0.48
0.52
0.27
0.25
0.25
0.23
0.27
0.37
0.41
0.48
0.67
0.6
0.52
0.52
0.61
0.55
0.6
0.55
0.51
0.43
0.46
0.35
0.36
0.53
0.67
0.39
0.21
0.38
0.74
0.84
0.59
0.29
0.45
0.28
0.75
0.49
0.18
0.19
0.27
0.51
0.24
0.71
0.65
0.71
0.65
0.27
0.37
0.38
0.21
0.33
0.42
0.63
0.27
0.25
0.28
0.31
0.38
0.26
0.36
0.47
0.48
0.22
0.34
0.29
0.14
0.16
0.19
0.47
0.72
0.67
0.44
0.36
0.37
0.47
0.43
0.24
0.25
0.23
0.31
0.42
0.44
0.68
0.68
0.65
0.46
0.22
0.34
0.44
0.69
0.9
0.67
0.3
0.43
0.92
0.6
0.31
0.3
0.32
0.38
0.53
0.62
0.56
0.35
0.32
0.38
0.49
0.48
0.6
0.61
0.63
0.57
0.52
0.31
0.24
0.56
0.8
0.55
0.17
0.14
0.26
0.28
0.74
0.38
0.32
0.37
0.53
0.49
0.47
0.69
0.56
0.26
0.24
0.25
0.22
0.29
0.37
0.38
0.75
0.78
0.91
0.67
0.38
0.37
0.31
0.55
0.6
0.63
0.77
0.77
0.9
0.61
0.42
0.33
0.32
0.39
0.34
0.29
0.39
0.53
0.42
0.25
0.36
0.35
0.42
0.4
0.67
0.75
0.78
0.64
0.65
0.56
0.58
0.71
0.81
0.79
0.7
0.58
0.77
0.93
0.8
0.86
0.74
0.74
0.76
0.75
0.83
0.77
0.75
0.79
0.78
0.8
0.78
0.78
0.86
0.78
0.7
0.73
0.79
0.77
0.77
0.8
0.88
0.67
0.57
0.49
0.55
0.66
0.64
0.78
0.82
0.82
0.78
0.66
0.56
0.69
0.69
0.8
0.79
0.74
0.7
0.46
0.51
0.71
0.83
0.77
0.78
0.82
0.89
0.87
0.86
0.82
0.73
0.62
0.55
0.53
0.35
0.56
0.44
0.44
0.62
0.71
0.82
0.82
0.41
0.29
0.52
0.52
0.67
0.76
0.87
0.81
0.7
0.86
0.88
0.61
0.47
0.36
0.31
0.45
0.54
0.56
0.59
0.69
0.69
0.82
0.81
0.51
0.46
0.5
0.58
0.4
0.47
0.29
0.38
0.45
0.52
0.59
0.72
0.8
0.57
0.74
0.81
0.68
0.85
0.68
0.78
0.47
0.51
0.59
0.6
0.73
0.77
0.75
0.69
0.79
0.4
0.82
0.71
0.46
0.48
0.5
0.47
0.47
0.55
0.46
0.48
0.57
0.62
0.64
0.69
0.76
0.64
0.7
0.67
0.66
0.69
0.47
0.62
0.52
0.3
0.53
0.62
0.62
0.75
0.81
0.48
0.42
0.65
0.53
0.31
0.36
0.36
0.34
0.34
0.28
0.31
0.41
0.58
0.66
0.23
0.3
0.31
0.44
0.44
0.32
0.33
0.42
0.7
0.86
0.48
0.6
0.6
0.65
0.6
0.63
0.67
0.44
0.39
0.39
0.56
0.5
0.69
0.74
0.67
0.7
0.53
0.33
0.34
0.38
0.45
0.3
0.47
0.54
0.33
0.25
0.28
0.35
0.73
0.41
0.33
0.36
0.42
0.79
0.84
0.76
0.44
0.24
0.3
0.32
0.44
0.31
0.32
0.41
0.32
0.26
0.42
0.48
0.44
0.58
0.61
0.62
0.75
0.65
0.64
0.91
0.87
0.52
0.6
0.76
0.32
0.33
0.73
0.73
0.35
0.36
0.53
0.34
0.49
0.81
0.47
0.45
0.37
0.74
0.76
0.39
0.34
0.39
0.44
0.56
0.35
0.24
0.36
0.44
0.54
0.95
0.73
0.25
0.24
0.31
0.35
0.43
0.25
0.31
0.46
0.68
0.26
0.82
0.53
0.24
0.28
0.65
0.68
0.87
0.76
0.66
0.61
0.73
0.88
0.59
0.5
0.77
0.45
0.39
0.35
0.34
0.31
0.26
0.24
0.25
0.53
0.68
0.34
0.37
0.4
0.51
0.31
0.37
0.52
0.51
0.71
0.69
0.67
0.8
0.71
0.34
0.34
0.47
0.5
0.47
0.3
0.32
0.51
0.87
0.85
0.63
0.54
0.73
0.84
0.79
0.64
0.6
0.55
0.59
0.57
0.55
0.47
0.7
0.82
0.75
0.83
0.78
0.7
0.77
0.85
0.77
0.73
0.61
0.6
0.65
0.44
0.53
0.56
0.65
0.66
0.68
0.7
0.75
0.86
0.68
0.55
0.52
0.41
0.38
0.58
0.43
0.7
0.86
0.87
0.85
0.86
0.84
0.92
0.85
0.68
0.64
0.82
0.69
0.67
0.74
0.71
0.64
0.66
0.74
0.74
0.72
0.77
0.86
0.73
0.57
0.58
0.77
0.9
0.56
0.55
0.79
0.8
0.68
0.55
0.83
0.75
0.71
0.57
0.46
0.51
0.7
0.84
0.88
0.82
0.95
0.72
0.68
0.73
0.7
0.72
0.71
0.64
0.7
0.65
0.75
0.87
0.76
0.81
0.75
0.77
0.8
0.88
0.78
0.79
0.58
0.65
0.62
0.64
0.65
0.78
0.95
0.92
0.9
0.73
0.91
0.76
0.54
0.62
0.75
0.81
0.61
0.5
0.45
0.63
0.69
0.83
0.77
0.4
0.62
0.66
0.75
0.81
0.82
0.83
0.9
0.62
0.7
0.66
0.36
0.45
0.55
0.58
0.78
0.8
0.86
0.92
0.92
0.91
0.78
0.38
0.39
0.54
0.57
0.57
0.59
0.6
0.49
0.42
0.48
0.52
0.58
0.63
0.43
0.38
0.51
0.56
0.46
0.47
0.32
0.44
0.4
0.46
0.56
0.69
0.64
0.64
0.36
0.35
0.42
0.36
0.33
0.33
0.19
0.34
0.64
0.6
0.63
0.34
0.42
0.5
0.48
0.29
0.25
0.39
0.49
0.4
0.35
0.43
0.26
0.28
0.23
0.17
0.16
0.26
0.2
0.29
0.4
0.32
0.32
0.3
0.29
0.34
0.35
0.27
0.49
0.33
0.35
0.4
0.51
0.47
0.5
0.4
0.39
0.48
0.38
0.32
0.34
0.27
0.38
0.38
0.32
0.27
0.44
0.43
0.39
0.39
0.39
0.37
0.44
0.33
0.34
0.31
0.4
0.36
0.37
0.31
0.28
0.25
0.26
0.31
0.39
0.34
0.48
0.47
0.42
0.44
0.49
0.79
0.44
0.44
0.62
0.42
0.58
0.61
0.56
0.49
0.5
0.5
0.64
0.66
0.68
0.33
0.55
0.72
0.72
0.45
0.37
0.34
0.31
0.39
0.35
0.3
0.3
0.25
0.23
0.25
0.29
0.35
0.38
0.22
0.21
0.26
0.3
0.29
0.28
0.34
0.19
0.16
0.23
0.18
0.24
0.27
0.22
0.29
0.32
0.25
0.31
0.46
0.59
0.45
0.31
0.27
0.56
0.29
0.2
0.24
0.16
0.14
0.23
0.33
0.38
0.22
0.36
0.27
0.16
0.28
0.41
0.69
0.62
0.57
0.41
0.45
0.63
0.41
0.43
0.75
0.42
0.25
0.22
0.21
0.59
0.54
0.26
0.41
0.57
0.62
0.46
0.38
0.2
0.21
0.14
0.21
0.26
0.47
0.59
0.45
0.27
0.26
0.27
0.38
0.47
0.51
0.7
0.64
0.65
0.8
0.63
0.58
0.56
0.48
0.24
0.36
0.44
0.66
0.6
0.57
0.45
0.62
0.63
0.44
0.42
0.58
0.75
0.8
0.65
0.56
0.67
0.59
0.53
0.66
0.84
0.7
0.63
0.59
0.56
0.61
0.74
0.76
0.8
0.77
0.62
0.55
0.67
0.66
0.5
0.44
0.49
0.5
0.61
0.69
0.7
0.75
0.82
0.79
0.76
0.84
0.82
0.81
0.79
0.79
0.79
0.84
0.88
0.65
0.72
0.78
0.88
0.78
0.65
0.65
0.74
0.7
0.74
0.76
0.78
0.76
0.72
0.7
0.64
0.66
0.73
0.81
0.84
0.89
0.71
0.86
0.71
0.68
0.67
0.69
0.63
0.71
0.77
0.82
0.84
0.81
0.76
0.8
0.75
0.8
0.48
0.59
0.72
0.66
0.7
0.69
0.77
0.74
0.52
0.81
0.82
0.85
0.87
0.85
0.81
0.61
0.29
0.49
0.53
0.51
0.48
0.42
0.55
0.56
0.68
0.74
0.68
0.71
0.44
0.38
0.4
0.37
0.47
0.56
0.51
0.34
0.58
0.7
0.7
0.6
0.69
0.73
0.68
0.53
0.66
0.45
0.49
0.6
0.73
0.83
0.81
0.86
0.66
0.41
0.48
0.55
0.62
0.62
0.72
0.82
0.85
0.88
0.82
0.82
0.81
0.63
0.63
0.69
0.74
0.66
0.6
0.58
0.32
0.26
0.37
0.64
0.79
0.9
0.7
0.36
0.5
0.6
0.5
0.35
0.53
0.64
0.71
0.67
0.68
0.59
0.45
0.58
0.71
0.5
0.59
0.75
0.82
0.61
0.39
0.44
0.38
0.4
0.57
0.71
0.36
0.46
0.29
0.35
0.43
0.45
0.43
0.24
0.34
0.39
0.33
0.38
0.51
0.57
0.57
0.71
0.74
0.56
0.46
0.43
0.32
0.34
0.37
0.54
0.71
0.58
0.48
0.42
0.37
0.41
0.48
0.51
0.54
0.63
0.74
0.71
0.66
0.3
0.29
0.25
0.25
0.22
0.3
0.36
0.34
0.54
0.35
0.52
0.45
0.26
0.27
0.3
0.26
0.26
0.27
0.23
0.25
0.27
0.29
0.26
0.53
0.55
0.27
0.24
0.24
0.26
0.25
0.25
0.25
0.48
0.54
0.31
0.3
0.25
0.31
0.4
0.53
0.56
0.69
0.83
0.73
0.65
0.73
0.33
0.3
0.3
0.37
0.33
0.22
0.29
0.27
0.23
0.41
0.64
0.89
0.68
0.66
0.62
0.66
0.54
0.48
0.24
0.31
0.34
0.32
0.28
0.3
0.19
0.2
0.29
0.33
0.16
0.14
0.17
0.24
0.29
0.11
0.25
0.54
0.27
0.17
0.28
0.23
0.22
0.2
0.35
0.65
0.73
0.79
0.77
0.64
0.78
0.74
0.21
0.37
0.22
0.18
0.31
0.49
0.69
0.47
0.31
0.37
0.31
0.35
0.34
0.37
0.4
0.51
0.76
0.52
0.69
0.18
0.29
0.26
0.27
0.47
0.53
0.62
0.68
0.44
0.2
0.22
0.25
0.33
0.39
0.48
0.69
0.43
0.48
0.69
0.62
0.8
0.64
0.5
0.64
0.63
0.46
0.5
0.29
0.32
0.35
0.63
0.69
0.52
0.49
0.42
0.5
0.71
0.69
0.66
0.77
0.82
0.9
0.84
0.86
0.77
0.88
0.86
0.65
0.62
0.32
0.44
0.57
0.67
0.86
0.8
0.79
0.8
0.74
0.76
0.74
0.64
0.62
0.53
0.53
0.6
0.72
0.74
0.75
0.89
0.59
0.59
0.73
0.81
0.85
0.85
0.82
0.67
0.71
0.9
0.88
0.78
0.75
0.72
0.72
0.69
0.78
0.73
0.64
0.68
0.77
0.77
0.59
0.74
0.68
0.68
0.75
0.79
0.7
0.7
0.4
0.42
0.58
0.64
0.64
0.7
0.76
0.67
0.45
0.72
0.79
0.82
0.72
0.51
0.52
0.58
0.71
0.75
0.78
0.76
0.78
0.79
0.48
0.59
0.61
0.6
0.58
0.62
0.58
0.55
0.64
0.77
0.77
0.73
0.75
0.87
0.74
0.65
0.33
0.38
0.55
0.62
0.63
0.52
0.52
0.66
0.6
0.67
0.77
0.61
0.51
0.6
0.6
0.25
0.29
0.51
0.61
0.32
0.53
0.61
0.63
0.85
0.61
0.59
0.61
0.65
0.77
0.59
0.5
0.55
0.31
0.35
0.47
0.68
0.85
0.9
0.65
0.77
0.74
0.72
0.79
0.84
0.44
0.38
0.35
0.42
0.59
0.68
0.62
0.61
0.51
0.68
0.69
0.56
0.47
0.63
0.52
0.34
0.43
0.35
0.54
0.3
0.43
0.64
0.39
0.52
0.27
0.44
0.3
0.26
0.29
0.48
0.65
0.74
0.68
0.83
0.78
0.9
0.46
0.44
0.58
0.7
0.6
0.46
0.36
0.5
0.39
0.55
0.62
0.73
0.35
0.31
0.49
0.34
0.32
0.35
0.46
0.42
0.51
0.55
0.49
0.43
0.55
0.58
0.58
0.69
0.68
0.71
0.47
0.42
0.58
0.53
0.76
0.71
0.69
0.66
0.4
0.55
0.6
0.66
0.72
0.7
0.85
0.87
0.53
0.54
0.73
0.44
0.57
0.4
0.28
0.38
0.46
0.34
0.43
0.37
0.45
0.44
0.46
0.63
0.51
0.39
0.34
0.41
0.41
0.23
0.43
0.55
0.74
0.7
0.52
0.4
0.25
0.37
0.36
0.27
0.45
0.48
0.38
0.46
0.43
0.22
0.37
0.66
0.3
0.58
0.63
0.61
0.5
0.27
0.91
0.7
0.73
0.39
0.59
0.29
0.42
0.53
0.47
0.2
0.33
0.49
0.82
0.47
0.31
0.48
0.65
0.69
0.36
0.5
0.34
0.32
0.34
0.28
0.31
0.37
0.25
0.47
0.46
0.43
0.21
0.5
0.57
0.56
0.69
0.72
0.58
0.27
0.34
0.32
0.44
0.18
0.16
0.26
0.42
0.48
0.58
0.54
0.55
0.41
0.64
0.72
0.23
0.24
0.19
0.28
0.23
0.3
0.52
0.64
0.77
0.49
0.22
0.42
0.43
0.37
0.53
0.58
0.8
0.84
0.64
0.26
0.25
0.48
0.48
0.7
0.6
0.84
0.98
0.97
1
0.97
0.96
0.7
0.64
0.69
0.65
0.48
0.61
0.88
0.67
0.5
0.5
0.64
0.66
0.82
0.64
0.79
0.91
0.7
0.65
0.92
0.94
0.97
0.96
0.67
0.58
0.71
0.67
0.64
0.86
0.78
0.88
0.9
0.8
0.79
0.81
0.79
1
0.59
0.65
0.79
0.77
0.7
0.79
0.75
0.74
0.61
0.55
0.82
0.91
0.72
0.73
0.65
0.87
0.9
0.84
0.71
0.75
0.8
0.81
0.98
0.73
0.68
0.72
0.85
0.87
0.82
0.86
0.88
0.83
0.52
0.5
0.55
0.75
0.81
0.89
0.7
0.58
0.57
0.59
0.88
0.86
0.59
0.65
0.62
0.67
0.71
0.68
0.89
0.79
0.72
0.73
0.79
0.86
0.64
0.65
0.81
0.89
0.67
0.53
0.71
0.81
0.95
0.83
0.65
0.64
0.8
0.65
0.53
0.55
0.57
0.67
0.83
0.87
0.95
0.74
0.39
0.66
0.85
0.85
0.87
0.69
0.82
0.86
0.68
0.53
0.64
0.7
0.46
0.43
0.53
0.64
0.72
0.56
0.53
0.59
0.76
0.49
0.42
0.6
0.64
0.66
0.69
0.49
0.6
0.68
0.68
0.75
0.48
0.54
0.62
0.54
0.35
0.49
0.53
0.18
0.32
0.47
0.56
0.25
0.4
0.39
0.3
0.35
0.41
0.56
0.6
0.58
0.56
0.44
0.38
0.3
0.23
0.22
0.34
0.38
0.48
0.51
0.49
0.52
0.46
0.48
0.59
0.59
0.37
0.42
0.32
0.24
0.26
0.26
0.44
0.49
0.39
0.41
0.4
0.41
0.5
0.5
0.55
0.62
0.5
0.34
0.39
0.35
0.21
0.25
0.25
0.24
0.4
0.38
0.66
0.58
0.75
0.53
0.29
0.27
0.26
0.33
0.25
0.36
0.37
0.41
0.3
0.5
0.38
0.41
0.29
0.36
0.35
0.42
0.34
0.27
0.52
0.48
0.36
0.59
0.22
0.65
0.66
0.51
0.17
0.14
0.29
0.5
0.7
0.53
0.38
0.43
0.5
0.46
0.68
0.7
0.66
0.54
0.47
0.58
0.59
0.61
0.68
0.68
0.75
0.68
0.67
0.78
0.32
0.56
0.45
0.26
0.56
0.37
0.21
0.17
0.21
0.24
0.24
0.59
0.52
0.19
0.18
0.15
0.23
0.31
0.37
0.34
0.35
0.2
0.2
0.18
0.31
0.43
0.42
0.48
0.72
0.6
0.44
0.4
0.44
0.49
0.41
0.15
0.19
0.16
0.18
0.24
0.38
0.33
0.32
0.39
0.4
0.42
0.53
0.58
0.37
0.72
0.7
0.61
0.54
0.41
0.36
0.55
0.67
0.57
0.53
0.41
0.41
0.38
0.45
0.6
0.31
0.45
0.22
0.27
0.35
0.3
0.37
0.47
0.48
0.83
0.39
0.34
0.25
0.31
0.26
0.44
0.58
0.59
0.41
0.51
0.48
0.39
0.78
0.36
0.13
0.19
0.21
0.24
0.29
0.42
0.82
0.61
0.53
0.55
0.58
0.68
0.51
0.52
0.54
0.74
0.6
0.54
0.67
0.61
0.66
0.65
0.72
0.59
0.63
0.74
0.78
0.77
0.6
0.55
0.83
0.68
0.44
0.46
0.48
0.6
0.64
0.82
0.88
0.71
0.73
0.75
0.78
0.51
0.42
0.42
0.43
0.39
0.43
0.49
0.57
0.72
0.8
0.75
0.67
0.72
0.66
0.68
0.63
0.64
0.57
0.54
0.56
0.61
0.65
0.8
0.74
0.75
0.74
0.71
0.8
0.72
0.52
0.47
0.59
0.62
0.62
0.46
0.47
0.85
0.71
0.6
0.55
0.61
0.64
0.65
0.64
0.67
0.72
0.67
0.48
0.41
0.48
0.45
0.79
0.79
0.84
0.81
0.86
0.9
0.69
0.54
0.67
0.79
0.77
0.38
0.56
0.61
0.71
0.8
0.69
0.52
0.5
0.61
0.67
0.59
0.64
0.76
0.73
0.85
0.94
0.79
0.83
0.89
0.61
0.71
0.61
0.56
0.82
0.83
0.81
0.9
0.53
0.58
0.67
0.74
0.83
0.84
0.8
0.36
0.47
0.53
0.47
0.41
0.49
0.57
0.72
0.8
0.47
0.63
0.75
0.84
0.81
0.29
0.32
0.58
0.62
0.61
0.69
0.51
0.24
0.36
0.51
0.46
0.34
0.4
0.58
0.54
0.51
0.37
0.19
0.3
0.41
0.48
0.54
0.45
0.51
0.59
0.56
0.38
0.43
0.48
0.4
0.58
0.73
0.39
0.64
0.74
0.43
0.25
0.26
0.21
0.21
0.24
0.32
0.35
0.49
0.55
0.43
0.33
0.23
0.26
0.4
0.32
0.28
0.3
0.46
0.44
0.37
0.33
0.34
0.45
0.36
0.48
0.53
0.54
0.39
0.38
0.41
0.23
