20050101
0.56
0.6
0.61
0.51
0.61
0.82
0.56
0.54
0.59
0.6
0.62
0.53
0.53
0.64
0.62
0.53
0.53
0.5
0.5
0.51
0.47
0.47
0.52
0.65
0.68
0.7
0.55
0.63
0.32
0.42
0.32
0.27
0.32
0.34
0.51
0.68
0.66
0.91
0.86
0.7
0.45
0.44
0.54
0.72
0.82
0.94
0.9
0.83
0.67
0.49
0.46
0.56
0.67
0.76
0.85
0.57
0.49
0.54
0.75
0.81
0.72
0.58
0.61
0.43
0.45
0.52
0.65
0.73
0.74
0.43
0.28
0.31
0.37
0.47
0.58
0.43
0.33
0.41
0.57
0.6
0.56
0.51
0.23
0.35
0.42
0.52
0.43
0.35
0.34
0.53
0.56
0.54
0.48
0.4
0.43
0.62
0.36
0.48
0.73
0.41
0.46
0.55
0.44
0.35
0.3
0.52
0.59
0.55
0.69
0.38
0.36
0.34
0.41
0.54
0.65
0.49
0.52
0.46
0.59
0.71
0.31
0.34
0.38
0.52
0.83
0.41
0.54
0.26
0.46
0.7
0.77
0.61
0.63
0.58
0.53
0.87
0.9
0.68
0.55
0.53
0.55
0.57
0.5
0.49
0.52
0.43
0.44
0.53
0.56
0.57
0.59
0.61
0.55
0.52
0.56
0.58
0.68
0.51
0.55
0.86
0.82
0.49
0.38
0.32
0.54
0.55
0.46
0.52
0.71
0.55
0.62
0.55
0.53
0.5
0.39
0.53
0.92
0.89
0.73
0.71
0.75
0.74
0.8
0.8
0.67
0.63
0.73
0.61
0.78
0.75
0.81
0.76
0.87
0.8
0.81
0.8
0.77
0.82
0.78
0.74
0.65
0.69
0.74
0.8
0.92
0.83
0.84
0.91
0.78
0.71
0.74
0.92
0.85
0.81
0.91
0.9
0.95
0.89
0.89
0.94
0.83
0.8
0.82
0.76
0.76
0.77
0.8
0.83
0.94
0.79
0.79
0.7
0.71
0.8
0.87
0.81
0.8
0.73
0.74
0.76
0.81
0.82
0.71
0.76
0.73
0.67
0.66
0.63
0.76
0.72
0.7
0.73
0.67
0.71
0.78
0.79
0.75
0.79
0.91
0.65
0.59
0.89
0.86
0.81
0.72
0.59
0.72
0.73
0.74
0.82
0.85
0.93
0.89
0.84
0.69
0.63
0.66
0.57
0.73
0.79
0.67
0.67
0.64
0.67
0.83
0.82
0.53
0.48
0.45
0.68
0.63
0.76
0.79
0.68
0.69
0.66
0.69
0.59
0.61
0.73
0.6
0.51
0.61
0.41
0.51
0.58
0.62
0.72
0.97
0.3
0.49
0.56
0.67
0.63
0.68
0.85
0.86
0.83
0.67
0.6
0.71
0.86
0.91
1
0.8
0.69
0.64
0.48
0.45
0.49
0.59
0.43
0.38
0.49
0.72
0.71
0.69
0.38
0.42
0.45
0.51
0.56
0.69
0.74
0.48
0.44
0.42
0.37
0.33
0.38
0.3
0.39
0.55
0.66
0.27
0.28
0.5
0.6
0.71
0.73
0.78
0.72
0.86
0.95
0.93
0.98
1
0.93
0.59
0.42
0.4
0.39
0.48
0.56
0.66
0.87
0.99
0.9
0.97
0.89
0.94
0.9
0.85
0.8
0.71
0.78
0.66
0.54
0.59
0.68
0.61
0.74
0.69
0.84
0.8
0.86
0.84
0.63
0.39
0.4
0.64
0.98
0.65
0.55
0.56
0.69
0.75
0.65
0.75
0.79
0.74
0.44
0.33
0.44
0.55
0.6
0.6
0.44
0.53
0.55
0.8
0.75
0.6
0.89
0.67
0.47
0.46
0.52
0.65
0.52
0.75
0.7
0.8
0.61
0.55
0.29
0.32
0.3
0.41
0.35
0.36
0.35
0.33
0.5
0.68
0.43
0.56
0.42
0.44
0.39
0.53
0.27
0.35
0.4
0.54
0.81
0.64
0.52
0.68
0.48
0.63
0.59
0.57
0.78
0.85
0.76
0.63
0.53
0.43
0.66
0.52
0.53
0.8
0.28
0.36
0.64
0.59
0.39
0.37
0.53
0.78
0.7
0.7
0.59
0.59
0.47
0.46
0.48
0.57
0.97
0.69
0.63
0.64
0.82
0.63
0.46
0.77
0.53
0.47
0.47
0.36
0.55
0.62
0.65
0.75
0.97
0.81
0.62
0.62
0.65
0.8
0.91
0.71
0.56
0.55
0.54
0.54
0.62
0.62
0.58
0.53
0.55
0.69
0.56
0.39
0.58
0.39
0.37
0.75
0.75
0.53
0.46
0.64
0.52
0.5
0.77
0.75
0.76
0.64
0.6
0.63
0.74
0.54
0.82
0.82
0.81
0.86
0.7
0.82
0.8
0.75
0.81
0.79
0.76
0.79
0.81
0.83
0.82
0.79
0.87
0.82
0.9
0.87
0.97
0.87
0.8
0.72
0.7
0.65
0.72
0.9
0.78
0.86
0.86
0.83
0.79
0.91
0.91
0.84
0.92
0.95
0.9
0.89
0.85
0.84
0.8
0.81
0.79
0.78
0.84
0.92
0.84
0.78
0.76
0.76
0.75
0.81
0.76
0.75
0.8
0.87
0.84
0.91
0.82
0.85
0.93
0.98
0.85
0.89
0.87
0.86
0.9
0.75
0.65
0.67
0.84
0.64
0.53
0.61
0.71
0.7
0.77
0.82
0.82
0.82
0.74
0.61
0.76
0.81
0.84
0.8
0.72
0.86
0.85
0.79
0.68
0.68
0.75
0.54
0.54
0.64
0.8
0.76
0.67
0.66
0.9
0.71
0.66
0.69
0.72
0.74
0.74
0.8
0.7
0.75
0.8
0.81
0.7
0.74
0.62
0.6
0.75
0.8
0.71
0.64
0.65
0.64
0.48
0.71
0.76
0.63
0.56
0.45
0.35
0.32
0.32
0.46
0.59
0.86
0.67
0.42
0.6
0.44
0.5
0.63
0.73
0.84
0.99
0.84
0.92
0.77
0.67
0.71
0.94
0.95
0.72
0.68
0.66
0.84
0.76
0.47
0.49
0.53
0.81
0.84
0.69
0.67
0.67
0.6
0.7
0.85
0.78
0.67
0.72
0.51
0.34
0.46
0.67
0.76
0.78
0.68
0.61
0.82
0.79
0.88
0.67
0.52
0.49
0.82
0.81
0.84
0.96
0.96
0.95
0.8
0.43
0.39
0.38
0.39
0.76
0.66
0.58
0.5
0.4
0.45
0.52
0.5
0.61
0.65
0.72
0.66
0.67
0.68
0.63
0.81
0.62
0.49
0.46
0.39
0.27
0.34
0.32
0.27
0.38
0.41
0.63
0.89
0.73
0.85
0.76
0.36
0.35
0.57
0.53
0.34
0.33
0.5
0.71
0.67
0.59
0.71
0.63
0.52
0.53
0.73
0.83
0.69
0.81
0.8
0.95
0.94
0.96
0.95
0.54
0.53
0.47
0.51
0.55
0.39
0.44
0.47
0.58
0.74
0.76
0.62
0.49
0.62
0.64
0.81
0.71
0.69
0.76
0.64
0.46
0.6
0.43
0.76
0.71
0.88
0.64
0.52
0.46
0.31
0.38
0.51
0.47
0.43
0.37
0.41
0.67
0.76
0.93
0.73
0.59
0.8
0.6
0.53
0.6
0.61
0.52
0.62
0.63
0.56
0.64
0.38
0.39
0.48
0.53
0.5
0.71
0.67
0.48
0.52
0.51
0.52
0.44
0.46
0.43
0.65
0.52
0.79
0.45
0.39
0.46
0.53
0.47
0.38
0.47
0.39
0.57
0.84
0.86
0.94
0.76
0.48
0.39
0.54
0.62
0.56
0.51
0.84
0.78
0.69
0.68
0.66
0.57
0.46
0.47
0.68
0.48
0.45
0.42
0.5
0.54
0.54
0.57
0.52
0.52
0.5
0.64
0.92
0.93
0.8
0.82
0.79
0.64
0.68
0.91
0.79
0.81
0.9
0.91
0.82
0.74
0.74
0.65
0.72
0.69
0.68
0.76
0.75
0.85
0.73
0.8
0.8
0.84
0.75
0.73
0.84
0.75
0.59
0.65
0.73
0.64
0.84
0.81
0.85
0.78
0.71
0.81
0.83
0.82
0.81
0.82
0.77
0.73
0.78
0.8
0.95
0.86
0.81
0.87
0.85
0.83
0.77
0.76
0.84
0.95
0.96
0.91
0.87
0.88
0.89
0.72
0.74
0.79
0.88
0.91
0.9
0.8
0.84
0.8
0.86
0.82
0.69
0.82
0.77
0.77
0.78
0.76
0.64
0.57
0.57
0.61
0.7
0.8
0.87
0.84
0.81
0.81
0.85
0.88
0.75
0.61
0.8
0.89
0.85
0.78
0.9
0.95
0.83
0.92
0.92
0.97
0.94
0.85
0.9
0.96
0.98
0.72
0.58
0.75
0.85
0.95
0.79
0.71
0.64
0.64
0.56
0.48
0.8
0.63
0.58
0.5
0.73
0.87
0.8
0.83
0.72
0.78
0.84
0.67
0.61
0.67
0.47
0.36
0.57
0.68
0.62
0.7
0.67
0.93
0.8
0.78
0.7
0.61
0.69
0.78
0.75
0.53
0.64
0.45
0.45
0.45
0.66
0.75
0.81
0.78
0.93
0.39
0.36
0.45
0.72
0.74
0.73
0.69
0.71
0.65
0.54
0.49
0.5
0.57
0.64
0.92
0.83
0.67
0.6
0.56
0.45
0.56
0.77
0.64
0.8
0.97
0.98
0.99
0.83
0.77
0.75
0.84
0.79
0.84
0.5
0.36
0.37
0.35
0.36
0.4
0.57
0.57
0.63
0.87
0.8
0.79
0.85
0.85
0.62
0.71
0.71
0.77
0.66
0.74
0.86
0.81
0.75
0.59
0.71
0.37
0.32
0.44
0.69
0.63
0.44
0.4
0.32
0.36
0.45
0.45
0.49
0.61
0.83
0.48
0.43
0.4
0.32
0.31
0.37
0.22
0.22
0.3
0.51
0.59
0.4
0.46
0.44
0.55
0.46
0.66
0.62
0.61
0.9
0.65
0.41
0.3
0.27
0.3
0.54
0.37
0.36
0.39
0.48
0.34
0.33
0.56
0.52
0.65
0.94
0.55
0.41
0.47
0.44
0.42
0.68
0.58
0.47
0.61
0.66
0.61
0.32
0.35
0.37
0.48
0.51
0.76
0.66
0.49
0.57
0.34
0.33
0.38
0.4
0.69
0.69
0.58
0.83
0.64
0.63
0.54
0.7
0.53
0.51
0.55
0.51
0.53
0.48
0.89
0.97
0.9
0.45
0.48
0.52
0.39
0.6
0.56
0.42
0.51
0.62
0.57
0.68
0.63
0.56
0.63
0.82
0.63
0.57
0.56
0.84
0.84
0.69
0.65
0.76
0.8
0.8
0.68
0.5
0.45
0.37
0.47
0.51
0.71
0.55
0.61
0.52
0.35
0.37
0.26
0.27
0.43
0.58
0.73
0.78
0.67
0.81
0.69
0.72
0.71
0.78
0.69
0.62
0.61
0.57
0.59
0.74
0.8
0.71
0.66
0.69
0.72
0.6
0.66
0.65
0.58
0.6
0.53
0.56
0.77
0.8
0.87
0.84
0.74
0.71
0.88
0.74
0.86
0.92
0.9
0.84
0.82
0.79
0.72
0.79
0.88
0.76
0.79
0.88
0.89
0.84
0.8
0.77
0.82
0.8
0.72
0.77
0.75
0.82
0.81
0.92
0.86
0.86
0.77
0.69
0.69
0.64
0.8
0.83
0.82
0.79
0.76
0.86
0.84
0.88
0.88
0.79
0.74
0.96
0.88
0.84
0.8
0.92
0.82
0.73
0.69
0.73
0.8
0.8
0.74
0.65
0.83
0.79
0.68
0.59
0.64
0.6
0.7
0.68
0.77
0.81
0.7
0.88
0.71
0.59
0.75
0.73
0.72
0.71
0.75
0.77
0.9
0.86
0.82
0.89
0.57
0.77
0.89
0.56
0.65
0.83
0.85
0.79
0.73
0.6
0.74
0.7
0.89
0.73
0.62
0.61
0.8
0.61
0.65
0.53
0.45
0.6
0.61
0.57
0.41
0.66
0.82
0.84
0.96
0.91
0.66
0.49
0.46
0.53
0.51
0.51
0.74
0.88
0.63
0.44
0.52
0.51
0.63
0.84
0.68
0.63
0.7
0.66
0.73
0.62
0.53
0.67
0.84
0.69
0.59
0.37
0.46
0.4
0.33
0.44
0.46
0.78
0.83
0.62
0.49
0.35
0.34
0.39
0.35
0.41
0.37
0.69
0.39
0.26
0.31
0.32
0.36
0.51
0.85
0.76
0.79
0.71
0.53
0.45
0.56
0.54
0.56
0.5
0.61
0.66
0.36
0.26
0.42
0.41
0.45
0.61
0.82
0.58
0.4
0.4
0.5
0.44
0.43
0.71
0.7
0.61
0.59
0.65
0.53
0.36
0.45
0.29
0.28
0.37
0.4
0.54
0.63
0.54
0.33
0.48
0.46
0.23
0.15
0.18
0.22
0.23
0.22
0.34
0.63
0.86
0.83
0.84
0.76
0.58
0.7
0.71
0.76
0.67
0.63
0.89
0.6
0.57
0.78
0.74
0.76
0.47
0.56
0.59
0.74
0.93
0.37
0.55
0.55
0.56
0.89
0.58
0.56
0.68
0.76
0.69
0.57
0.63
0.61
0.69
0.35
0.26
0.39
0.49
0.56
0.6
0.73
0.27
0.27
0.35
0.3
0.34
0.47
0.51
0.45
0.61
0.38
0.38
0.8
0.63
0.44
0.46
0.66
0.65
0.69
0.72
0.51
0.37
0.59
0.6
0.54
0.44
0.34
0.37
0.34
0.26
0.62
0.69
0.66
0.66
0.65
0.49
0.48
0.54
0.9
0.74
0.46
0.58
0.67
0.64
0.4
0.38
0.38
0.55
0.58
0.61
0.69
0.62
0.43
0.37
0.38
0.38
0.4
0.44
0.68
0.94
0.75
0.63
0.62
0.64
0.75
0.82
0.43
0.51
0.52
0.58
0.6
0.82
0.59
0.48
0.5
0.59
0.65
0.67
0.56
0.35
0.41
0.34
0.49
0.51
0.42
0.54
0.81
0.7
0.78
0.81
0.44
0.38
0.48
0.43
0.52
0.56
0.7
0.8
0.69
0.86
0.55
0.53
0.46
0.47
0.41
0.53
0.41
0.53
0.7
0.58
0.5
0.44
0.53
0.51
0.44
0.53
0.68
0.73
0.84
0.78
0.77
0.76
0.82
0.85
0.81
0.66
0.81
0.94
0.88
0.75
0.93
0.86
0.8
0.78
0.85
0.87
0.86
0.82
0.85
0.85
0.88
0.87
0.82
0.94
0.89
0.93
0.88
0.83
0.83
0.85
0.87
0.87
0.83
0.74
0.63
0.74
0.78
0.82
0.93
0.91
0.91
0.77
0.8
0.96
0.88
0.84
0.84
0.94
0.88
0.77
0.75
0.76
0.73
0.79
0.81
0.86
0.96
0.96
0.88
0.96
0.87
0.78
0.89
0.85
0.58
0.64
0.78
0.84
0.72
0.72
0.81
0.84
0.95
0.72
0.51
0.5
0.75
0.75
0.68
0.85
0.85
0.82
0.68
0.71
0.62
0.56
0.65
0.62
0.75
0.64
0.7
0.72
0.69
0.55
0.62
0.65
0.43
0.37
0.39
0.35
0.3
0.33
0.39
0.57
0.42
0.37
0.46
0.49
0.67
0.81
0.6
0.63
0.87
0.87
0.8
0.42
0.42
0.57
0.6
0.6
0.66
0.9
0.78
0.64
0.7
0.95
0.9
0.83
0.52
0.49
0.59
0.54
0.64
0.52
0.5
0.62
0.66
0.76
0.85
0.86
0.69
0.74
0.68
0.89
0.96
0.89
0.68
0.76
0.39
0.44
0.54
0.87
0.92
0.94
0.77
0.69
0.74
0.84
0.7
0.58
0.62
0.43
0.44
0.37
0.29
0.64
0.78
0.67
0.25
0.5
0.54
0.42
0.48
0.7
0.35
0.5
0.81
0.79
0.66
0.45
0.48
0.49
0.62
0.7
0.72
0.5
0.4
0.33
0.35
0.53
0.59
0.56
0.66
0.78
0.85
0.49
0.5
0.46
0.46
0.25
0.28
0.46
0.62
0.45
0.38
0.51
0.66
0.71
0.66
0.69
0.76
0.76
0.87
0.9
0.76
0.59
0.45
0.49
0.37
0.55
0.45
0.34
0.44
0.23
0.27
0.37
0.54
0.75
0.63
0.68
0.73
0.66
0.75
0.91
0.66
0.61
0.68
0.61
0.58
0.56
0.59
0.57
0.48
0.33
0.42
0.37
0.38
0.61
0.63
0.42
0.85
0.78
0.79
0.53
0.47
0.53
0.42
0.49
0.51
0.34
0.54
0.55
0.45
0.49
0.71
0.19
0.25
0.29
0.43
0.7
0.51
0.3
0.29
0.51
0.71
0.68
0.68
0.35
0.48
0.62
0.61
0.71
0.59
0.75
0.67
0.47
0.57
0.6
0.39
0.39
0.64
0.48
0.46
0.38
0.32
0.41
0.53
0.61
0.69
0.68
0.38
0.39
0.48
0.51
0.39
0.37
0.54
0.48
0.51
0.56
0.87
0.96
0.76
0.43
0.41
0.57
0.68
0.65
0.63
0.46
0.48
0.62
0.76
0.65
0.69
0.76
0.68
0.71
0.72
0.66
0.64
0.61
0.58
0.43
0.53
0.86
0.86
0.76
0.68
0.65
0.51
0.4
0.67
0.9
0.77
0.67
0.64
0.75
0.9
0.83
0.69
0.69
0.64
0.48
0.55
0.79
0.89
0.87
0.67
0.63
0.51
0.45
0.5
0.74
0.74
0.79
0.69
0.71
0.78
0.71
0.78
0.73
0.77
0.77
0.92
0.88
0.89
0.82
0.77
0.79
0.83
0.83
0.8
0.76
0.74
0.79
0.76
0.82
0.68
0.73
0.85
0.88
0.76
0.84
0.92
0.94
0.98
0.97
0.98
0.94
0.95
0.81
0.8
0.84
0.82
0.93
0.98
0.93
0.99
0.9
0.97
0.96
0.86
0.89
0.85
0.83
0.85
0.92
0.91
0.92
0.88
0.89
0.88
0.91
0.97
0.82
0.89
0.84
0.78
0.78
0.74
0.86
0.84
0.78
0.8
0.95
0.95
0.9
0.94
0.75
0.64
0.6
0.68
0.89
0.73
0.65
0.69
0.68
0.67
0.73
0.61
0.54
0.43
0.45
0.55
0.7
0.67
0.6
0.71
0.76
0.61
0.53
0.45
0.55
0.69
0.86
0.97
0.87
0.79
0.8
0.8
0.86
0.45
0.54
0.65
0.56
0.5
0.5
0.52
0.63
0.63
0.64
0.65
0.5
0.47
0.51
0.42
0.47
0.6
0.32
0.42
0.4
0.55
0.45
0.59
0.6
0.63
0.55
0.62
0.48
0.38
0.39
0.38
0.48
0.53
0.52
0.5
0.66
0.91
0.89
0.66
0.44
0.51
0.78
0.55
0.35
0.38
0.37
0.46
0.43
0.58
0.82
0.57
0.42
0.38
0.35
0.47
0.61
0.34
0.43
0.86
0.71
0.48
0.44
0.45
0.48
0.29
0.28
0.27
0.31
0.45
0.62
0.66
0.52
0.46
0.37
0.4
0.39
0.27
0.27
0.3
0.24
0.3
0.51
0.28
0.36
0.28
0.43
0.46
0.35
0.35
0.5
0.34
0.33
0.38
0.43
0.58
0.64
0.4
0.35
0.21
0.24
0.23
0.3
0.49
0.63
0.48
0.5
0.83
0.68
0.54
0.56
0.59
0.83
0.74
0.55
0.54
0.75
0.6
0.52
0.57
0.43
0.37
0.39
0.61
0.52
0.54
0.88
0.76
0.65
0.61
0.41
0.37
0.47
0.51
0.47
0.36
0.33
0.27
0.26
0.32
0.46
0.34
0.3
0.29
0.25
0.26
0.26
0.54
0.52
0.28
0.29
0.26
0.27
0.3
0.3
0.38
0.38
0.32
0.31
0.39
0.54
0.47
0.3
0.36
0.61
0.52
0.35
0.32
0.47
0.39
0.28
0.37
0.59
0.5
0.35
0.32
0.27
0.39
0.34
0.78
0.79
0.81
0.51
0.51
0.67
0.65
0.5
0.56
0.53
0.31
0.48
0.49
0.35
0.55
0.5
0.47
0.81
0.91
0.87
0.68
0.3
0.44
0.35
0.46
0.43
0.55
0.65
0.51
0.64
0.56
0.59
0.57
0.55
0.54
0.47
0.63
0.6
0.43
0.56
0.5
0.47
0.41
0.42
0.44
0.5
0.6
0.6
0.51
0.59
0.37
0.49
0.57
0.43
0.31
0.36
0.53
0.67
0.71
0.63
0.6
0.49
0.63
0.85
0.73
0.65
0.79
0.63
0.65
0.67
0.62
0.74
0.95
0.8
0.64
0.58
0.8
0.7
0.51
0.44
0.67
0.7
0.74
0.82
0.7
0.75
0.73
0.72
0.84
0.94
0.86
0.82
0.75
0.7
0.73
0.9
0.74
0.83
0.83
0.81
0.84
0.73
0.73
0.83
0.84
0.8
0.82
0.94
0.92
0.85
0.81
0.85
0.87
0.94
0.85
0.83
0.93
0.97
0.9
0.93
0.97
0.83
0.8
0.84
0.85
0.8
0.79
0.79
0.93
0.95
0.88
0.89
0.83
0.89
0.84
0.91
0.79
0.78
0.62
0.79
0.86
0.89
0.79
0.9
0.95
0.95
0.98
0.93
0.88
0.86
0.74
0.68
0.71
0.55
0.67
0.72
0.61
0.58
0.63
0.76
0.89
0.81
0.86
0.87
0.76
0.62
0.6
0.62
0.64
0.72
0.61
0.76
0.88
0.73
0.78
0.82
0.67
0.52
0.52
0.67
0.7
0.72
0.66
0.8
0.82
0.89
0.64
0.54
0.58
0.73
0.76
0.8
0.85
0.84
0.77
0.79
0.88
0.93
0.92
0.72
0.71
0.77
0.8
0.72
0.65
0.63
0.5
0.65
0.62
0.83
0.98
0.98
0.73
0.62
0.62
0.73
0.45
0.5
0.66
0.73
0.76
0.85
0.77
0.82
0.78
0.76
0.92
0.99
0.97
1
0.97
0.57
0.55
0.6
0.51
0.71
0.75
0.55
0.53
0.42
0.49
0.64
0.71
0.75
0.77
0.43
0.5
0.48
0.49
0.57
0.57
0.77
0.73
0.71
0.78
0.8
0.89
0.51
0.37
0.4
0.68
0.71
0.74
0.84
0.73
0.53
0.57
0.67
0.63
0.72
0.72
0.98
0.9
0.88
0.73
0.55
0.44
0.35
0.45
0.26
0.36
0.7
0.83
0.79
0.73
0.92
0.57
0.37
0.39
0.49
0.58
0.49
0.24
0.22
0.3
0.35
0.38
0.42
0.75
0.72
0.51
0.36
0.36
0.29
0.22
0.34
0.35
0.71
0.56
0.51
0.61
0.42
0.33
0.36
0.44
0.71
0.52
0.52
0.64
0.89
0.44
0.35
0.52
0.55
0.47
0.25
0.26
0.38
0.46
0.59
0.81
0.79
0.62
0.66
0.7
0.67
0.88
0.57
0.31
0.35
0.45
0.46
0.34
0.4
0.24
0.27
0.41
0.81
0.55
0.37
0.41
0.37
0.49
0.37
0.38
0.85
0.67
0.81
0.63
0.45
0.56
0.56
0.48
0.52
0.51
0.72
0.79
0.77
0.63
0.81
0.51
0.41
0.46
0.45
0.84
0.84
0.79
0.85
0.69
0.61
0.55
0.48
0.67
0.71
0.56
0.61
0.66
0.85
0.77
0.48
0.43
0.33
0.43
0.46
0.5
0.64
0.65
0.61
0.63
0.61
0.6
0.68
0.54
0.55
0.57
0.61
0.54
0.68
0.77
0.55
0.47
0.48
0.54
0.7
0.79
0.62
0.83
0.55
0.4
0.52
0.83
0.7
0.46
0.41
0.49
0.58
0.48
0.46
0.58
0.66
0.54
0.56
0.74
0.66
0.78
0.89
0.85
0.71
0.69
0.7
0.78
0.9
0.82
0.7
0.87
0.87
0.92
0.79
0.81
0.77
0.77
0.68
0.69
0.69
0.78
0.74
0.67
0.7
0.89
0.8
0.86
0.89
0.83
0.82
0.79
0.81
0.84
1
0.98
0.93
1
0.95
0.89
0.86
0.79
0.81
0.88
0.82
0.83
0.93
0.77
0.92
0.84
0.79
0.79
0.88
0.87
0.83
0.84
0.73
0.7
0.63
0.82
0.86
0.94
0.84
0.78
0.83
0.77
0.75
0.85
0.79
0.75
0.61
0.88
0.83
0.84
0.84
0.79
0.84
0.78
0.62
0.65
0.75
0.73
0.71
0.59
0.5
0.71
0.77
0.9
0.86
0.85
0.82
0.95
0.88
0.55
0.57
0.65
0.6
0.46
0.59
0.65
0.69
0.79
0.64
0.69
0.63
0.48
0.5
0.52
0.57
0.63
0.63
0.79
0.45
0.49
0.57
0.56
0.83
0.74
0.5
0.42
0.53
0.74
0.75
0.65
0.74
0.63
0.5
0.36
0.44
0.77
0.89
0.68
0.69
0.68
0.7
0.82
0.87
0.53
0.47
0.58
0.46
0.62
0.75
0.66
0.62
0.49
0.62
0.69
0.79
0.53
0.45
0.68
0.5
0.42
0.36
0.4
0.75
0.69
0.7
0.56
0.5
0.4
0.4
0.57
0.45
0.42
0.67
0.85
0.79
0.76
0.98
0.92
0.86
0.7
0.51
0.51
0.72
0.86
0.57
0.46
0.54
0.5
0.68
0.76
0.97
0.72
0.53
0.64
0.53
0.46
0.49
0.52
0.54
0.65
0.57
0.82
0.64
0.55
0.84
0.82
0.77
0.9
0.85
0.91
0.81
0.61
0.78
0.95
0.96
0.95
0.95
0.82
0.8
0.88
0.93
0.96
0.95
0.94
1
0.8
0.71
0.91
0.83
0.85
0.93
0.45
0.5
0.63
0.84
0.8
0.9
0.67
0.86
0.74
0.83
0.87
0.6
0.74
0.77
0.82
0.7
0.58
0.71
0.9
0.91
0.94
0.76
0.32
0.43
0.4
0.33
0.37
0.57
0.53
0.38
0.35
0.41
0.39
0.72
0.63
0.37
0.47
0.67
0.63
0.63
0.68
0.54
0.48
0.48
0.48
0.45
0.36
0.49
0.54
0.37
0.32
0.67
0.69
0.58
0.57
0.41
0.68
0.86
0.57
0.36
0.43
0.31
0.38
0.35
0.33
0.39
0.38
0.57
0.67
0.6
0.43
0.77
0.85
0.64
0.63
0.7
0.68
0.32
0.34
0.65
0.76
0.54
0.35
0.48
0.43
0.66
0.67
0.57
0.63
0.52
0.65
0.91
0.57
0.39
0.54
0.68
0.54
0.52
0.63
0.69
0.87
0.73
0.4
0.52
0.75
0.77
0.74
0.84
0.89
0.92
0.84
0.62
0.54
0.56
0.66
0.65
0.62
0.54
0.67
0.64
0.7
0.63
0.66
0.91
0.78
0.56
0.42
0.43
0.46
0.56
0.79
0.8
0.65
0.59
0.78
0.94
0.88
0.73
0.6
0.56
0.63
0.56
0.49
0.6
0.78
0.66
0.57
0.69
0.63
0.64
0.6
0.59
0.83
0.95
0.93
0.91
0.92
0.91
0.84
0.77
0.73
0.82
0.9
0.85
0.72
0.84
0.9
0.76
0.75
0.92
0.86
0.77
0.8
0.78
0.72
0.81
0.84
0.81
0.77
0.82
0.78
0.78
0.78
0.72
0.76
0.8
0.83
0.79
0.75
0.72
0.74
0.7
0.66
0.67
0.65
0.67
0.68
0.7
0.73
0.68
0.68
0.76
0.77
0.69
0.71
0.59
0.58
0.6
0.69
0.63
0.76
0.71
0.64
0.7
0.83
0.82
0.73
0.75
0.74
0.73
0.7
0.75
0.56
0.53
0.66
0.76
0.9
0.77
0.91
0.72
0.57
0.36
0.42
0.56
0.76
0.78
0.71
0.71
0.48
0.48
0.51
0.61
0.74
0.71
0.57
0.48
0.45
0.61
0.64
0.89
0.7
0.64
0.61
0.64
0.67
0.58
0.74
0.63
0.56
0.6
0.59
0.7
0.55
0.68
0.8
0.77
0.81
0.9
0.87
0.69
0.59
0.49
0.55
0.48
0.43
0.87
0.56
0.57
0.64
0.55
0.48
0.37
0.36
0.41
0.41
0.46
0.57
0.63
0.73
0.77
0.89
0.62
0.47
0.26
0.33
0.34
0.6
0.65
0.59
0.69
0.47
0.63
0.63
0.68
0.95
0.46
0.5
0.39
0.42
0.44
0.49
0.5
0.7
0.75
0.71
0.67
0.63
0.58
0.65
0.69
0.72
0.74
0.35
0.41
0.36
0.32
0.29
0.3
0.35
0.39
0.54
0.58
0.72
0.89
0.85
0.8
0.79
0.75
0.76
0.65
0.61
0.73
0.77
0.66
0.83
0.7
0.62
0.43
0.36
0.3
0.36
0.54
0.65
0.56
0.49
0.57
0.52
0.7
0.81
0.96
0.89
0.45
0.48
0.51
0.89
0.87
0.82
0.67
0.56
0.55
0.62
0.64
0.48
0.58
0.71
0.62
0.55
0.75
0.66
0.49
0.62
0.74
0.74
0.65
0.61
0.65
0.6
0.54
0.49
0.47
0.51
0.63
0.51
0.58
0.66
0.64
0.53
0.45
0.51
0.39
0.26
0.33
0.5
0.47
0.44
0.58
0.44
0.37
0.45
0.53
0.43
0.57
0.71
0.51
0.67
0.79
0.62
0.56
0.57
0.48
0.42
0.41
0.41
0.38
0.47
0.53
0.61
0.58
0.59
0.79
0.76
0.66
0.57
0.6
0.8
0.81
0.53
0.59
0.69
0.64
0.57
0.48
0.52
0.89
0.88
0.7
0.51
0.49
0.5
0.42
0.34
0.27
0.33
0.4
0.49
0.59
0.47
0.54
0.92
0.6
0.53
0.54
0.44
0.5
0.53
0.52
0.63
0.7
0.61
0.52
0.4
0.76
0.65
0.34
0.33
0.44
0.39
0.39
0.48
0.69
0.79
0.64
0.7
0.64
0.69
0.63
0.51
0.72
0.71
0.73
0.59
0.58
0.47
0.59
0.72
0.75
0.75
0.84
0.9
0.87
0.8
0.71
0.59
0.73
0.64
0.58
0.49
0.54
0.56
0.72
0.84
0.73
0.7
0.73
0.67
0.64
0.66
0.71
0.69
0.7
0.74
0.7
0.58
0.7
0.72
0.68
0.67
0.67
0.71
0.71
0.78
0.75
0.84
0.77
0.68
0.64
0.65
0.63
0.82
0.87
0.77
0.74
0.71
0.73
0.89
0.81
0.75
0.71
0.72
0.71
0.72
0.68
0.77
0.76
0.7
0.73
0.74
0.94
0.84
0.79
0.74
0.71
0.73
0.9
0.82
0.67
0.58
0.74
0.81
0.83
0.92
0.83
0.91
0.86
0.62
0.65
0.79
0.82
0.78
0.69
0.65
0.62
0.78
0.76
0.84
0.79
0.88
0.94
0.84
0.84
0.74
0.8
0.82
0.79
0.93
0.78
0.76
0.88
0.94
0.84
0.69
0.76
0.89
0.75
0.76
0.82
0.64
0.62
0.74
0.73
0.79
0.8
0.71
0.52
0.51
0.5
0.45
0.48
0.58
0.79
0.91
0.69
0.74
0.73
0.71
0.57
0.69
0.68
0.78
0.74
0.82
0.86
0.82
0.41
0.37
0.41
0.63
0.64
0.7
0.74
0.82
0.68
0.59
0.41
0.34
0.46
0.65
0.89
0.53
0.53
0.48
0.61
0.78
0.77
0.82
0.8
0.73
0.65
0.86
0.84
0.92
0.76
0.34
0.44
0.42
0.45
0.63
0.42
0.64
0.63
0.61
0.74
0.45
0.45
0.4
0.49
0.52
0.33
0.36
0.33
0.41
0.34
0.32
0.32
0.37
0.65
0.56
0.58
0.5
0.65
0.4
0.53
0.43
