20050101
0
0
0
0
1.7
0
0
0
0
0
0
0
0
0
0
0
0
0
0
0
0
0
0
0
-99
0
0
0
0
0
0
0
0
0
0
0
2
0.3
-99
0.8
0
0
0
0
0
1.9
-99
1.2
0
0
0
0
0
0
-99
0
0
0
-99
0
0
-99
0
0
0
0
0
0
0
0
0
0
-99
0
0
-99
0
0
0
0.5
0
0
0
0
0
0
0
0
0
3.9
-99
0
0
0
0
0
-99
13.7
-99
0
0
-99
0
0
0
0
0
0
-99
-99
0
0
-99
0
0
0
0
0
0
0
0
0
0
12.3
7.3
0
0
0
0
0.8
0
-99
1.1
0
-99
19.2
10.9
0
0
-99
2.6
0
0
0
0.2
0
0.8
0
2.5
0.3
-99
0
0
0
0
20.6
0
0
-99
0
0
0
0
0
0
0
0
-99
0
-99
0
0
0
0
0
0
20.8
0.2
16.3
0
0
0
-99
0
0
0
0
0.1
0.4
0.1
0
0.3
0
1.7
-99
6.3
0
0
0
0
0.2
18.9
6.2
-99
0
0
-99
8.5
0
0
58.9
6.8
1.8
2.5
12.1
0
0
0
0
0
6.7
0
0.4
23.4
7.9
0
28.6
16.2
2.2
0
0
0
0
0
0
1.1
0
0
0
0
0
0
0
0
0
0
0
0
1.8
5.2
0
0
0
0.1
0
4.5
-99
20.1
0.7
0
0
0
35.8
4.2
0.5
17.9
0
0.1
0
0
0
1.8
0
0
0
0
0
0
0.3
0
0
0
0
-99
0.4
1.9
0
0
0
0
0
-99
2
0
0
0
0
0
0
0
0
0
0
0
0
0
0
0
0
0
0
0
0
0
0
0
0
0
0
0
0
0
0
0
0
0
0
0
0
0
0
0
0
0
0
0
-99
0
0
0
0
0
0
0
0
0
0
0
0
0
0
0
0
0
-99
0
0
0
0
0
0
0
0
0
0
0
0
-99
0.3
0
0
0
0
0
0
0
0
0
0
0
0
0
0
3.1
2.2
-99
0
0
0
0
0
0
0
-99
0
0
0
0
0
0
0
-99
0
0
0
0
0
0
0
0
0
0
0
0
0
0
0
0
0
0
0
0
2
0.1
0
0
0
0.6
0
0
0
0
0
0
0
0
0
0
0
0
0
0
0
0
0
0
0
0
0
0
-99
0
0
0
0
0
0
0
0
-99
-99
0
0
0
0
5.5
5.5
0
0
0
0
-99
0
0
0
0
0
0
0
0
0
0
0
0
0
0
0
0
0
0
0
-99
5.5
0.2
0
6.1
4.5
0
0
0
0
0
0
0
4
4.7
0
0
0.5
2
10.6
0
0
0
0
2.6
0
4
0
3.6
-99
-99
1.9
0
0.6
0
0
1.2
0.1
0
0
0
0
0
-99
2.7
0
-99
5.8
0.1
0.8
0
-99
25.6
0
0
0
0
0
0
0
0
0
5.9
0
29.2
0
2.8
1.3
-99
0
0
0
8.8
0.1
0
0
0
9.1
4.2
9
86.8
11.5
3.5
34.7
0.1
3.6
5.9
0.5
0
-99
0
0
0
10.3
-99
0
-99
24.6
1
-99
0
0
0
0
1.2
0.7
0
0
0
0
10.4
0.2
0
0
0
12.2
0
-99
0
23.5
2
0
0
-99
0.5
0
0
0
0
0
1.1
0
0
0
0
0
0
0
0
0
5
0.5
0
0
0
0
0.2
-99
0
0
0
-99
0
0.8
8.9
0
0
0
2.1
0.4
0
0
0.1
0
0
0
0
0.4
0
0
2.1
0
0
-99
0
0
0
0
0
0
0
0
0
0
0
0
0
0
0
0
0
0
0
0
0
0
0
0
0
0
-99
0.5
0.9
0.2
-99
0
0
0
0
0
0
0
0
0
-99
0.1
0
0
0
0
0
0
0
0
0
0
0
0.5
0
0
0
0
0
0
0
0
0
0.6
-99
0
0
0
0
0
0
0
0
0
0
0
0
0
0
0
0
0
0
0
0
0
0
0
0
0
0
0
0
0
0
0
0
0
0
0
0
0
1.3
-99
0
0
0
0
0
0
0
0
0
0
0
0
0
0
0
0
0
0
0
-99
4.5
0
18.6
7.4
0
0
0
0
0
0
0
0
0
0
0
0
0.1
0.3
0.4
0
0
0
0.6
0
0
0
0
0
0
-99
0
0
0
0
0
0
0
0
0
0
0
-99
-99
0
0
12.7
0.1
0
0
0
0
0
0
11.9
0
0
0
0
0
0
6.2
0
-99
3.1
0
0
0
0
0
0
3.2
2.2
0
0
0
0
0
0
0
0
0
1.1
22.3
-99
0
0
0
0
0
0
11.6
0
0
0
0
0
0
0
0
0
0
0
-99
20.6
8.9
0
0
0
0
8.5
1.8
19.9
3.2
-99
4.8
0
3.4
-99
-99
19.3
3.8
2.8
0
0
7
0
-99
-99
1.6
0
0.4
0
0
0
-99
0
2.5
0
0
7.9
0
0
-99
22.5
8.3
0.7
0
0
0
0
10.6
6
0.2
0
-99
4.9
0
0.4
0.2
23.8
0
3
0.7
0
0
0.6
0
0
0
0
0
0
0
0
0.2
0
0
0.6
58.9
0
31.7
0.4
0
0.1
-99
12.1
0
0
0
0
0
0
0
0
0
0
18.1
0.1
0
0
0.9
0.7
0
0
0
0
0
0
0
4.8
1.2
0
3.6
3.9
13.9
0
0.2
8.3
10.5
31.8
0
0
0
0
0
0
0.1
0
0
0
0
0
0
0
0
0
0
0
0
0
0
0
0
0
0
0
0
0
0
0
0
0
0
0
0
0
0
0
0
0
0
0
0
0
0
0
0
0
0
0
0
0
0
0
0
0
0
0
0
0
0
0
0
0
1.4
0
0
0
0
0
0
0
0
0
0
0
0
0
0.1
0
0
-99
0
0
0
0
0
0
0
0
0
0
0
0
0
0
0
0
0.1
-99
0
0
0.5
0
1.6
1.3
0.3
-99
0
0
0
0
-99
-99
0
0
0
0
0
0
0
0
0
0
0
0
0
0
0
0
0
0
0
0
-99
0
0
0
0.1
0
-99
0
0
0
0
0
0
0
0
0
0
0
0
2.2
0
0
0
0
0
0
0
0
0
0
0
0.4
4.6
-99
0
0
0
0
0
7.4
0
0
-99
-99
0
0
0
0.8
0
0
16.4
0.1
0
6.2
5.8
0
0
-99
0
0
0
1.1
19.9
-99
1.6
0
0
0
0
0
0
0
0
0
-99
5.6
0
0
0
2.1
1.3
7.9
0
1.1
0
0
0
0
0
0
0
0
0
0
0
0
0
0
0
0
0
0
0
0
0
-99
16.5
0
17.7
7.5
0
0
-99
0
0
-99
6.5
0.2
21.5
7.4
1.1
0
5.7
0
0
0.5
0
-99
0
0
2.7
5.2
9.2
23.5
3.3
0
0
0.3
0.2
0
0
0
0
0
0
0
0
14.4
2.2
0
-99
0.1
0
0
0
0
0
0
0
0
0
0
0
0
0.8
0
0
0
0
0
0
3.7
1.5
12.6
0.6
0
0.8
5.5
11.2
-99
0
11.6
1.3
0
2.3
14.6
0
0
0
7.4
0
0
0
1.3
2.5
0
0
0
-99
5
-99
0.2
6
2.2
14.4
0.8
0
0
0
0
0.3
-99
-99
0
0
0
24
1.5
29.9
25.2
-99
0
0
0
0
0
0
0
0
7.1
0.9
0
4.4
0
-99
0
0
0
0
0
0
0
0
1.8
0
0.2
0.2
0.7
0
0
0
0
0
0
0
0
0
0
0
0
0
0
0
0
0
0
0
-99
0
-99
0
0
0
0
0
0
0
0
0
0
1.6
0
0
0
0
0
0
0
0
0
-99
0
0
0
0
0
0
0
0
0
0
0
0
0
0
0
-99
0
0
0
0
0
0
0
0
0
0
0
0
0
0
0
0
0
0
0
0
0
0
0
0
0
0
0
0
0
0
0
0
0.2
0
0
0
0
0
0
0
0
0
0
0
0
0
0
0
0
0
0
0
0
1.1
-99
0
0
0
0
0
0.1
0
0
0
0
0
0
0
0
0
0
-99
-99
0.2
0
0
0
0
0
0
0.1
0.5
0
0
0
0
0
0
0
0
-99
0
0
-99
0
0
0
0
0
-99
0
0
0
0
0
0
0
0
0
0
5.9
0.4
0
0
0.4
0
0
0
-99
5.6
0
0
0
-99
0
0
0
0
0
0
0.2
0.2
0
0
0
0
0
0
0.5
0.6
-99
0
0
-99
4.3
0
0.1
0
0
0
0
-99
0
0
0
0
0
5.2
0.4
0
0
0
0
0
0
-99
0.1
3
0
0.4
0
0
0
0
0
0
0
25.9
0
0.9
15.1
0
0
0
0
0
-99
0
1
0
0
0
0
0
0
0
0.1
0
0
62.8
0
0
0.1
0
6.9
0
0
6.1
0.7
0
0
0
0
0
0
0
0
0
8.1
9
-99
0.1
0
12
0
0
-99
0
0
2.6
0
1
0
0
0
0
3.1
0
4
1.5
-99
22.2
0
5
1.3
0
2.7
7
0.7
0
0
0
0
0
0
0
0
1
3.4
25.3
22
7.1
0
6.5
0
0
0
0
0
0
0
0
0.9
4.1
0
0
0
0
0
5
0
0
0
-99
-99
0
0
0
0
0
1
4.7
0
0
11.9
0
0
0
-99
0
0
0
0
0
0
0
0
0
0.1
0
0
0
0
3.2
0
-99
0
0
0
0
0
0
0
2.8
4.2
4.1
3.7
0
0
-99
0
0
0
0
0
0
0
0
0
0
0
0
0
0
0
0
-99
0
-99
0
0
0
0
0
0
0
0
0
0
0
0
0
0
0
0
0
0
0
0
0
0
0
0
0
0
0
0
0
-99
0
0
0.5
0.1
-99
0
0
0
0
0
0
0
0
0
0
0
0
0
0
0
0
0
0
0
-99
0
0
0
0
-99
0
0
0
0
0
0
0
0.7
0.9
0
0
-99
0
0
0.1
0
0
0
0
0
0
0
0
0
-99
4.7
1.6
0
0
0.4
0
0.1
0.2
5.9
-99
0
0
0
0
7.3
0
0
-99
0
0
0
0
0
0
0
0.1
0
0
0
-99
0.1
0
0
0
0
0
0
0
0
0
0
0
0.5
0.1
0
0
-99
0
0
0.3
0
4.2
10.8
-99
0
0
0.9
2.2
1.4
0
0
0
0
0
4.1
3
0
0
0
-99
0
0
0
0
0
2.9
0
2.2
0.5
4.7
0
0
0
0
-99
0
0
1.3
6.3
0
0
0
0
0
0
0
0
1.2
0
0
0
5.8
0
0
0
0
0
0
1.8
0
3.2
0
1.1
0
0
0
0
0
0
0
0
0
10.1
23
0
0
0
0
0
1.3
0
14.4
0.8
0
0.1
0.2
0
3.6
0
1.5
0
-99
0
-99
5.5
0
0
0
0
0
0
0
0
0
0
0
10
15.4
0
0
17.7
-99
0
0
48.2
3.3
0.3
0
0
0
2.7
6.1
0
0
30.6
0
0
0
0
0.7
0.3
5.9
0.1
0.2
5.5
0
0
0.3
0.6
0
0
3.4
2.4
0
0
0
-99
0
0
0
15.3
11.3
37.5
0
5.5
24
0
0
0
0.4
0
0
0
0
0
1.1
0.1
0
0
0
0
0
0
0
6.1
0
0
0
0
0
0
0
0.1
0
0
0
0.6
2.4
9.7
0
0
0.1
0
0
0
0
0
0
0
0
0
0
-99
0
0
0
-99
0
0
0.3
0
0
0
0
0
0
0
0
0
0
0
0
0
0
0
0
0
0
0
0
0
0
0
0
0
0
0
0
0
0
0
0
0
0
0
0
0
0
0.5
0
0
0
-99
0
0
0
0
0
0
0.2
0
0
0
0
0
0
0
0
0
0
0
0
0
0
0
0
0
0
0
0
0
0
0
0
0
0
0
0
0
0
0
0
0
0
0
0
0.3
1.2
0
0.3
0.6
0
0
0
0
0
0
0
0
0
0
0
0
0.4
3.2
3.1
0
0
0
0
0
0
0
0
0
0
0
0
0
2.7
0
0
0
0
0
0
0
0
0
0
0
0
0
0
0
0
0
14.4
5.8
0
0
0
0.3
0
0
0
0
0
0
0
0
0
0
0
0
0
0
3.5
-99
1.6
0
0.6
0
0
0
-99
0
0
0
0
3.9
0
0
0
30.1
11.5
0.5
0
0
0
0
0
0
0
0
0.3
0
0
0
0
0
0
0
0
0
0
0
0
0
0
0
0.2
4.5
11
0.1
0
0
0.7
0
0
0.3
11
6.4
1.9
0.8
0
0
0
0
0.8
0.2
10.8
0
0
1.7
-99
0
6.8
7.8
14.5
0
0
0.4
0
0
0
0
5
8.9
6.2
1.9
9.8
0.4
0.7
-99
2.7
1.1
0.3
0.1
0
0
0.1
0
6.3
0
-99
23.2
0
0
0
0
0
1
0.1
-99
0
0
0
0
0
0
0
15.1
6.7
0.5
15.3
6.3
0
0
0
0
0.1
6.6
10
1.4
0.4
-99
0
0
-99
0.5
0.2
7.3
0
0
0
5.6
-99
4.5
6
0
0.2
0
0
0
4.3
3.6
0
0
0
0
0
0
0
0
0
0
1.1
0
0
0
0
0
2.8
0
0
0
0
0
0
1.2
5.2
3.4
-99
0
0
0
0
0
0.5
0
0
0.4
0
0
2.4
0
0
0
0
0
0.8
-99
4.5
2.3
0.7
-99
4
7.9
0
0
0
0
0
0
0
0
2
4.9
0
0
0
-99
0
0
0
0
0
0
3.5
0
0
-99
0
0
0.3
-99
0
0
0
0
0
0
0
0
0
0
0
0
-99
0
0
0
0
0
0
0
0
0
0
0
0
0
0
0
0
0
0
0
0
0
0
0
0
0
0
0
0
0
0
-99
2.3
0.3
0
0
0
0
0
0
0
0
0
0
0
0
0
0
0
0
0
0
0
0
0
0
0
0
0
0
0
0
0
0
0
0
0
0.2
0
0
0
0
0
0.2
-99
-99
0
0.1
0
0
0
0
0
0
0
0
0
-99
-99
0
0
-99
1.2
1.2
2.5
-99
0
0
0
0
0
0.2
0
0
0
-99
0
0
0
0
0
0
0
-99
0.1
0
0
0
0
0
0
0.3
0
0
0
0
0
15.4
0
0
0
0
0
0
0
0
0
0
0
0
-99
0
1.8
0
3.4
0.6
0
0
0
0
0
0
-99
0
6.2
0.1
0
0
0
0
0
0
15.1
0
29.7
0
0
10.3
0
0
4.3
3.4
0
1.7
0
0
0
0
0
0
0
0
0
-99
0.5
0.2
23.8
6.3
5.1
0
0
0.2
16
8
0
0
0
2.1
0.5
0.7
0
0
1.5
-99
2.9
0
0
0
33.7
0
0
0
0
0
0
117.1
-99
0
-99
9.5
2.2
0
7.5
0
7.4
11.3
0
0
0
0
0
2.8
8.8
3.7
0
0
19.7
3.1
0
2
0
0
0.2
0.1
0
0.8
0
0
0
0
0
0
2.2
0.1
0
0
0
21.5
1
-99
0
0
2.2
1.4
0
0
0.2
0
0.1
-99
-99
0
0
-99
-99
0
0
4.7
0
0
-99
11.5
0
0
0
0
0
0
0
0
3.1
0
0
0
0
0
0
0
0
0
0
-99
3.6
0
0
0
0
1.3
0
0
0
0
0
0
0
0
0
0
0
0
2
-99
0
0
0
0
0
3.1
0
0
0
0
2.8
0
0
0
0
0
0
0
0
0
0
0
0
0
0
0
0.2
0
0
0
0.1
-99
0
0
0
0
0
0
0.2
1.7
0
0
0
0
0
0.4
0.2
-99
0
0
0
0
0
2.6
0
0
0
0
0
0
0
0
0
0
0
0
0
0
0
0
0
0
-99
0
0
-99
0.4
0.2
0
0
0
0
0
0
0
0
0
0
0
0
0.9
0
0
0
0
0
0
0.2
0
0
0
0
0
0
0
0
0
0
0
0
0
0
0
0
0
0
0
0
0
0
0
0
0
0
0
0
0
0.3
0
0
0
0
0
0
0
0
0
0
0
0
0
0
0
0
0
0
0
0
0
0
3.9
0
0
0
0
0
0
0
0
0
0
0
0
0
0
10.6
0.3
0
0
0
0
0
0
0
0
0
0
0
0.1
0
0
0
0
0
0
1.6
0
0
0
0
0
0
0
0
0
0
0
0
0
-99
5.8
0
0
0
9.5
0
0
0
0
0
0
0
0
32.6
11.3
5.7
19.9
0
0
0
0
0
0
5.5
1.7
0.2
0
8.3
20.5
10.6
0
1.6
0.8
2.8
0
0.3
4.2
0.1
8.9
0.2
0
0
0
0.3
4
8.6
12.8
34.5
1.4
0
0
23
17
0
19.2
7.7
0.8
0
0
0
0
0
0
5.9
11.8
0
0
0.5
1.7
9.7
0.9
14.6
-99
-99
2.8
21.2
0
0
0
2.5
0
0
0
0
0
0
0
0
1.7
4.8
21.4
3.4
9.3
0
0
0
8.7
0
0
0
0
0
1
1.5
0
0
0
4.8
0.4
0
0
0
3.7
2.1
0
4.5
29.4
6.2
12
-99
4.3
0
22.7
0
0
0
0
0
0
0
13.7
0
0
0
0
0.3
1.7
0
0
0
0
0
0
0.8
0
0
0
0
0
0
0
0
0
0
0
0
0
0
0
0
0
1.8
0.7
0
0
0.1
0
0
0
0
0
0
0
0
0
0
0
0
0
0
0
0
0
0
0
0
-99
0
0
0
0
0
0
0
0
0
0
0
0
0
0
0
0
0
0
0
0
0.1
0
0
0
0
0
0
0
0
0
0
0
0
0
0
0
0
0
0
0
0
-99
0
0
0
0
0
0
0
0
0
0
0
0
0
0
0
0
0
0
0
0
0
0
0
0
0
0
0
0
0
0
3
-99
0
0
0
0
0
0
0
0
0
0.1
0
0
0
0
0
0
0
-99
0
0.6
0
0
0
0
0
0
0
0.6
0
0
0
1.9
0
0
0
0
0
0
0
0
0
0
0
0
0
0
0
0.5
0
0
0.1
0
0
0
0
0
0
0
0
0
10.9
0.2
0
0
0
0.9
2.4
8.1
1
5.1
0
0
0
0
0
3.2
0
0
0
0
0
0
6.5
0
0.8
0
0
0
0
6.2
21.4
15.6
0
0
0
0
0
1.3
0
0
0
0
0
1
0.7
0
0
0
0
0
0
-99
0
0
0
0.8
0
10.9
0
0
0
0
0
0
0
0
0
0
0
0
-99
7.2
0.7
0
0
0
4.4
0
0
0
0
4
-99
0.5
2.7
0.1
0
0
12.8
0
1.5
0.4
0.3
-99
-99
5.9
1.5
0.1
4.7
1.6
0
0
13.6
16
1.8
3.2
0
0
0
0
0
1.7
0
4.8
0.6
16.3
11.3
0
0
0
0
0
0
0
0.2
13
1
0
2.2
0
0.9
0.7
0
0
4.2
0.8
0.4
0
0
2.3
1.4
0
1.1
1.4
32
4.1
0
0
0
-99
1.1
0
0.6
1.2
14.9
5.7
0
0.5
0
2.6
0.1
0
0
0
0
7.8
32.5
0.1
0
0
0
8
0.2
0
6.5
0
1.4
0.2
0
0
0
0
0
0
4.4
-99
0
0
0
0
0
0
-99
0
0
0
0
0
0
0
0
1.1
0.1
0.4
4
0.1
0
0
0
0
0
0
0
0
0
0
0
0
0
0
0
0
0
0
0
0
0
-99
0
0
0
0.1
0
0
0
0
0
0
0
0
0
0
0
0
0
0
0
0
0
0
0
0
0
0
0
0
0
0
0
0
0
0
0
0
0
0
