20050101
0
0
0
0
1.8
0
0
0
0
0
0
0
0
0
0
0
0
0
0
0
0
0
0
0
0
0
0
0
0
0
0
0
0
0
0
-99
0
1.4
0
0
0
0
0
0
0
5.3
0.4
0
-99
0
0
0
0
2.6
0
0
0
0
0
0
0
0
0
0
0
0
0
0
0
0
0
0
0
0
0
0
0
0
0
0
0
0
0
0
0
0
0
0
0
0
0
0
0
0
0
0
0
1.4
8.6
0
0
0
0
0
0
0
0
0
0.7
0
0
0
0
0
0
0
0
0
0
0
0
0
0
0
10.5
0
0
0
0
1.5
0
0
0
0
0
7.8
13.9
0
0
0
-99
0
0
0
0
0
0
0
-99
0
-99
1.1
0
0
0
3.4
9.8
0
0
0.3
0
0
0
11.2
0.1
0
0
-99
0
2
3.9
0
0
0
0
0
1.6
4.6
0.2
40.4
0
0
-99
-99
0
0
0
0
0
0
10.9
0
33.9
1.4
0.1
17.2
16.2
8.9
0
0
0
0
2.2
7.2
35.3
0
0
2.4
0
0
-99
3.1
16.4
-99
2.4
0
-99
0
-99
0
1.9
3.3
0
0
0
0
0
55.5
6.9
0
0
0
0
0
0
0
0
0
0
0
0
0
0
0
0
0
0
0
0
0
0
0
0
0
0
0
0
8.5
4.8
0
0
1.2
0.9
2.5
0
0
0
0
0
0
0
7.6
0
0
0
0
0
0
-99
1.6
0
0
0
0
-99
0
0
0
0
0
0
0
-99
0
0
0
0
0
0
2.8
0
0
0
0
0
0
0
0
0
0
0
0
0
0
0
0
0
0
0
0
0
0
0
0
0
0
0
0
0
0
0
0
0
0
0
0
0
0
0
0
0
0
0
0
0
0
0
0
0
0
0
0
0
0
0
0
0
0
0
0
0
0
0
0
0
0
0
0
0
0
0
0
0
0
0
0
0
0
0
0
0
0.1
0
0
0.2
-99
0
0
0
0
0
0
0
0
0
0
0
0
0
0
0
2.7
0
0
0
0
0
0
0
0
0
0
0
0
0
0
0
0
0
0
0
0
0
0.1
0
0
0
0
0
0
0
0
0
0
0.2
0
0
0
0
0
0
0
0
0
0
0
0
0
0
0
0
0
0
0
0
0
0
0
0
0
0.5
0
0
0
0
0
2.1
0
0
0
0
0
0
0
0
0
0
0.5
0
0
0
0
0
0
0
0
0
0
-99
0
0
0
0
-99
-99
-99
0.5
0
0
0
0
0
0
0
0.1
2.9
0
0
0
14.4
2.7
14.5
0
0
0
0
0
0
0
0
0
0
-99
0
0
0
0
-99
2.4
0
0
-99
0
0
0
0.3
0
0
0
0
0
0
2
0
1.2
8.8
2
0
0
0
0
0
0
0
0
20.1
0
1.6
17
5.5
0
0
0
6.1
0
1.1
0
0
0.6
31.6
15.4
0
0
0
0
0
14.1
0.7
4.4
1.6
14
0
0
0
0
6.1
0
0
0
-99
13.6
-99
0
0
0
0
0
0
1.3
0
0
0.3
2.9
0
0
2.2
0.6
0
0
0
0
0.3
0
0
0
-99
0
0
0
0
0
0.7
0
0
0
0
0
0
0
0
0
0
1.3
0
0
0
0
0
0
0
0
0
0
0
0
0
0
0
0.6
0
-99
0
0
0
0
0
0
0
9.5
0.2
0
0
0
0
0
0
0
0
0
0
0
0
0
0
0
0
0
0
-99
0
0
0
0
0
0
0
0
0
0
0
0
0
0
5
2.2
0
0
0
0
0
0
0
0
0
0
0
0
0
0
0
0
0
0
0
0
0
0
0
0
0
0
0
0
0
0
0
0
0
2.4
-99
0
0
0
-99
0
0
0
0
0
0
0
0
0
0
0
0
0
0
0
0
0
0
0
0
0
0
0
0
0
0
0
0
0
0
0
0
0
-99
0.5
0
0
0
0
0
0
0
0
0
0
0
0
0
0
0
0
0
0
0
0
7.5
-99
10
20.6
0
0
0
0
0
0
0
0
0
0
0
0
0
-99
0.7
0
0
0
0
0
0
0
0
2.2
1.7
0
0
0
0
0
0
0
0
0
0
0
0
-99
0
-99
0
0
0
0
0
0
-99
2.4
0
-99
0
0
0
0
0
0
0
0.2
0
0
0
0
0
0
0
0.7
0
7
0
0
0
0
-99
0
0
0
0
0
42.5
2.7
0.1
0
0
0
0
0
2.8
10.9
0
0
0
0
0
0
0
0
0
0
0
0
0
0
0
0
0
0
1.7
0.6
2
0
0
0
0
4.7
28.2
0
1.8
59.4
1.3
0
0.1
0
0
0
-99
-99
0
0
-99
0
39.8
-99
0
0
0
25
0
0
0
0
0
0
0
0
0
0
0
56.5
77.1
12
72.9
0
0
9.6
0
0.5
0
0
0.7
0
0.3
0
0
0
0
0
0
0
0
0
0
0
0
0
24.4
2
0.8
0.2
0
0
0
0
3.1
0
0
0
0
0
0
0
0
0
3.8
28.9
0
0
-99
44.4
0
0
0
0
0
0
0
-99
7.3
0
0
0
22.1
0
0.1
2.5
14.2
16.2
0.4
0
0
0
0
0
0
0
0
0
0
0
0
0
0
0
0
0
0
0
0
7.1
0
0
0
0
0
0
0
0
0
0
0
0
0
0
-99
0
0
0
0
0
0
0
0
0
0
0
0
0
0
0
0
0
0
0
0
0
0
0
0
0
0
0
0.4
0
0
0
0
0
0
0
0
0
0
0
0
0
0
0
0
0
0.3
0
0
0
0
0
0
0
0
0
0
0
0
0
0
0
0
0
0
0
0
0
0
0
0
0.5
0
0
0
0
0
0
0
0
0
0
0
0
0
0
0
0
0
0
0
0
0
0
0
0
0
0
0
0
0
0
0
0
0
-99
0
0
0
0
0
0
0
0
0
0
0
0
0
0
0
-99
0
0
0
0
0
0.4
0
0
2.7
4.9
6.4
0
0
0
0
1
1
0
0
-99
0
0
0
0
0.8
0
0
1
-99
5
0
0
0
0
0
0
0
0
39
19.6
1.7
0
0
0
0
0
0
0
0
0
0
0.7
0
0
0
0
0
1.4
0
6.9
0.6
0
-99
0
0.4
1.8
0
0
0
0
0
0
0
0
0
0
0
0
0
0
-99
-99
3.6
0.6
0
1.5
0
0
0
0
0
0
0
3.3
0
0
0.9
0
0
0
11
0
23.9
0
-99
3.6
13.6
27.7
43.2
0
1.9
0
0
-99
9.9
0
0
25.1
14.6
0
1.3
0.3
0
3.2
55.7
0
0
0
0
0
0
0
0
0
0
0
0
0
0
95.7
0
0
0
0
0
0
0
0
0
0
-99
80.1
0
0.5
51.5
9.3
0
0.1
0
0
0
2.2
0
0
0
0
4.2
0
0
0
1.1
0
0
0
0
2.4
5.6
0
5.4
0
6.2
13.8
0
0
0
0
0
0
0
0
12.2
0
1.7
21.4
0
33.3
0.2
0
0
0
0
0
0
0
0
0
30.2
0
0
-99
0
0
0
0
0
0
0
0
0
0
0
0
2.6
0
12.7
0
0
0
0
-99
0
0
0
0
0
0
0
0
0
0
0
0
0
0
0
0
0
0
0
0
0
0
0
0
0
0
0
0
0
0
0
0
0
0
0
0
0
0
0
0
0
0
0
0
0
0
0
0
0
0
0
0
0
0.7
0
0
0
0
0
0
0
0
0
0
0
0
0
0
0
0
0
0
0
0
0
0
0
0
0
0
0
0
0
0
0
0
0
0
0
0
0
0
0
0
0
0
0
0
0
0
0
0
0
0
0
0
7
1.1
0
0
0
0
0.3
3.9
0
0
0
0
0.2
0
0
0
0
0
0
0
-99
3.3
0
0
0
0
0
0
2.5
0
0
0
0
0
0
0
0
1.8
0
0
8
0
0
0
0
0
0
0
0
0
0
0
0
0
0
0
0
0
2.8
0
0.1
0
10
0
0
0
5.3
0
0
0
4.3
2.3
0
0
0
0
0
0
1.9
0
0
0
0
0
0
0
1
1.6
0
0
0
0
0
0.2
0
0
0
0
-99
11.8
0
0
0
0
0
0.1
0
0
0
0
0
0
0
0
7.7
0
69.4
0
0
0
0
0
0
0
15.6
0
10.3
6
0
0
0.3
0
0
0
3
1.3
0
0
0
0
0
0
0
0
0
0
11.2
0.6
0
0
0
0
1.4
0
0.3
61.3
0.2
0
2.8
0.3
0
37.3
3.5
4.2
0
0
0
0
0
3.1
3.1
7.7
0
17.3
0.7
43
0
0
0.8
4.2
0
0
0
0
0
0
10
0
18.6
0
1
1
0
0
-99
8.2
-99
0
0
0
0
0
0
0
0.7
-99
15.8
3.9
-99
0
0
0
0
0
0
0
0
0
0
0.6
4
0
0
0
0
0
10.6
0
0
0
0
0.1
0
0
0
0
0
0
-99
0
0
0
3.6
0.5
0
0
0
0
0
0
0
0
0
0
0
0
0
0
0
0
0.6
4.7
10.7
0
0
0
0
0
0
0
0
0.3
0.1
3.7
0
0
0
0
0
0
0
0
0
0
0
0
0
0
0
0
0
0
0
0
0
0.2
0
0
0
0
0
0
0
0
0
0
0
0
0
0
0
0
0
0
0
0
0
0
0
0
0
0
0
0
-99
5.9
-99
0
0
0
0
0
0
0
0
0
0
0
0
0
0
-99
0
0
0
0
0
0
0
0
0
0
0
0
0
0
0
0
0
-99
1.6
0
0.1
0
0
0
0
0
0
0
0
0
0
0
0
0
0
0
0
0
-99
6.8
2.7
0
0
0.1
-99
0
0
0.8
0
0
0
0
0
5.2
0
0
0
0
-99
0
0
0
0
0
0.2
0
0
0
0
0.5
0
0
0
0
0
0
0
0
0
0
0
1.7
2.1
0
0
0
0
0
0
5.6
0
0.3
0
0
0
3.3
2.6
0
0
0
0
0
0
0
5
0.3
0
0
0
0
0
0
0
0
0
0
0.1
2.2
12
0
0
0
0
0
-99
0
0
-99
1.3
-99
0
0
0
82
0
0
0
0
0
0
0
0.2
0
0
0
19.7
0
-99
29.9
3.3
0
0
0
9.7
0
0
0
0
0.3
0
0
0.3
28
0
0
0
0
0
0
0
24.5
6.6
0.6
0
0
0.9
-99
0
0
0
5.7
0.1
0
0
0
0
0
0
0
0
0
0
-99
-99
0
0
2.3
2.8
0
0
3.3
0
18
8.6
-99
2.4
0
0
0
0
0.1
41.5
0.3
34.9
1.4
0
0
0
0
0
0
0
0
0
0
0
9.9
4.1
-99
0
0.7
0
0
0
0
0
0
0
0
0
2.3
17.3
1.3
1.6
32.8
0
0
0
0
0
0
0
0
0
0
4.7
0
0
0
0
0
0
0
0
3.4
0
0
0
0
0
0
6.7
0.1
0
0
0
0
9.6
0
0
0
0
0
0
0
0
0
0
0
0
0
0.4
0
0
0
0
0
0
0
0
0
0
0
0
0
0
0
0
0
0
0
0
0
0
0
0
0
0
0
0
0
0
0
0
0
0
0
-99
0
0
0
0
0
0
0
0
0
-99
0
0
0
0
0
0
0
0
0
0
0
0
0
0
0
0
0
0
0
0
0
0
0
0
0
0
0
0
0
0
0
0
0
0
0
0
0
0
0
0
0
0
0
0
0
0
0
0
1.7
0
0
0.6
0
0
0
0
0
0
0
0
0
0
0
0
1.8
4.3
0
0
0
0
0
0
0
0
0
0
0
0
0
0
0
0
0
0
0
0
0
0
0
0
0
0
0
0
0
0
0
0
0
7.1
0
0
0
0
0
0
0
0
0
0
0
0
0
0
0
0
0
0
22.3
-99
0
0
0.8
0
0
0
-99
0.1
0
0
0
4.4
0.5
0
0
14.1
7.4
1.4
0
0
0
0
0
0
0
0
0
0
0
0
0
0
0
3.3
-99
0
0
0.1
0
0
0
0
0.6
0
0
0
0
0
4.9
8.6
0
0
0
0.9
0
0
0
0
0
0
0.3
5.3
61.6
0
0
0
0
0
0
13.4
0.5
0
0
0
0
8.4
0
0
0
0
0
0
0
0.5
10
8.3
2.5
0.1
6
0
0
0
0
26.9
0
1.2
0
8.4
78.1
0
0
0
0
0
0
0
0
0
0
0.1
0
0
0
18.5
16.2
20.9
0.7
4.4
0
0
0
0
0
0
0
0
0
0
0
0
0
22
0
0
0
0
0
0
0
5.6
19.8
0
0
0
0
0
5.8
4.9
0
0
0
0
0
0
0
0
0
0
0
0
0
0
0
0
0
0
0
0
0
0
0
0
0
12.9
0
0
0
0
0
0
0
0
0
1
0
0
0
0
0
0
0
0
0
0
-99
1.1
0.4
0
0
0
0
0
0
0
0
0
0
0
14.3
0.4
3
0
0
0
0
0
0
0
0
0
-99
0
0
-99
0
0
-99
0
0
0
0
0
0
0
0
0
0
0
0
0
0
0
0
0
0
0
0
0
0
0
0
0
0
0
0
0
0
0
0
0
0
0
0
0
0
0
0
0
0
0
0
0
0
0
0
0
0
0
0
0
0
0
0
0
0
0
0
0
0
0
0
0
0
0
0
0
0
0
0
0
0
0
0
0
0
0
0
0
0
0
0
0
0
0
0
0
0
0
0
0
0
0
0
0
0
0
0
0
1.4
0
4.3
0
0
0
0.5
-99
0
0
0
0
0
0
0
0
0
0
0
0
0
0
0
0
0
0.2
0
0
0
0
0
0
0
14.5
4.3
-99
0.3
0
0
30.4
0.4
0
0
0
0
0
0
0
0
0
0
0
0
0
0
0
0.1
4.4
0
0
0
0
0
0
0
2.4
0
0
0
0
-99
0
0
0
0
0
-99
2.6
0
0.1
0
0
-99
0
0.9
0.1
2
0
0
0.1
4.7
0
0
0
0
0
0
1.2
10.4
2.5
27.9
5.3
-99
0
3.9
20.9
0
0
0
0
4.8
3.7
0
0
7.9
8.9
1.6
8.9
0
0.6
0
0
0
0
0
0
0
5.1
113.4
0
0
1.1
32.7
1.1
-99
0
2.9
63.9
43.4
0
0
0
0
0
0
0
0
0
0
38.5
0
1.3
0
0
-99
3.7
0
0
0.6
0
0
0
0
0
0
0
0
0
0
0.4
30.4
0
0
0
5.3
83.1
0
0
0
2.8
0
0
0
0
0
0
0
0
0
0
-99
0
0
1.2
2.4
4.3
0
0
0
0
0
0
0
-99
0
0
0
3.6
0
0
0
0
0
-99
3.5
0
0
0
0
9.2
0
0
0
0
0
0.9
0
0
0
0
0
0
12.8
24.3
0
0
0
0
0
14.1
0.1
0
0
0
0
0.8
0
0
0
0
0
0
0
0
0
0
0
0
0
0
-99
0
0
0
0
0
0
0
0
0
0
0
-99
6.3
0
0.8
0
0
0
0
-99
0
0
0
0
0
0
1.1
2.1
0
0
0
0
0
0
0
0
0
0
0
0
0
0
0
0
0.1
0
0
0
0
3.2
0
0
0
0
0
0
0
0
0
0
0.2
0
0
4.7
0
1.1
0
0
0
0
0
0
0
0
0
0
0
0
0
0
0
0
0
0
0
0
0
0
0
0
0
0
0
0
0
0
0
0
0
0
2.7
0
0
0
0
0
0
0
1
0
0
0
0
0
0
0
0
0
0
0
0
0
0
0
0.6
0
0
0
0
0
0
0
0
0
0
0
0
0
4.6
0.6
0
0
0
0
0
0
0
0
0
0
0
0
0
0
0
0
0
0
0
0
0
0
0
0
0
0
0
0
0
0
0
0
0
0
0.1
2.2
2.6
0.9
0
0
0
0
0
0
0
0
0
0
0
17.6
5.3
2
0
0
0
0
0
0.1
0
0
0
0.1
32
0
0.2
17.2
0
11
0
0.1
-99
4.2
7
0
19
0.2
0
7.8
0.9
20.8
12.2
3.6
0
0
0
2.1
1
0
-99
0.5
0
0
0
7.9
0
0
21.2
0
0
0.7
0
0
18
0
0.1
0
6.4
0
1.5
0
0
0
8.5
4.2
0
0.6
0
-99
0
0
0
0
0
0
0
0
0
0
6.5
0.3
0
0
0
0
0
0
12.6
33.2
0
0
0
0
0
0
0
5
17.5
0
0
14.6
2.3
0
0
0
0
16
0
0
0
0
0
0
0
1.7
0
0
0
0
0
0
0
0
0
0
0
1.4
4.8
0
0
0
0
0
0
0
0
0
0
0
0
0
0.1
0
0
0
0.3
0
0
0
0
0
0
0
0.2
0
0
0
0
0
0
0
0
0
0
0
0
0
0
0.1
0
0
0
0
0
0
0
0
0
0
0
0
0
0
0
0
0
0
0
0
0
0
1.8
0
0
0
0
0
0
0
0
0
0
0
0
0
0
0
0
0
0
0
0
0
0
0
0
0
0
0
0
0
0
0
0
0
0
0
0
0
0
0
0
0
0
0
0
0
0.1
0
0
0
0
0
6.7
0.1
0
0
0
0
0
0
0
0
0
0
0
0
0
0
0
0
0
-99
1
0
0
0
0
0
0
0
0
0
0
0
0
0
0
0
0
0
0
0
0.3
0
0
0
0
0
0
0
0
0
0
0
0
0
0
0
0
0
0
0
0
0
0
0.2
0
0
0
0
0
4.2
0
0.1
0
0
0
0
0
0
21.7
0
0
0
0
0
9.6
0
0
0
0
0
0
0
0.3
27
0
0
0
0
0
0
0
0
0
0
0
0
2.4
0
0
0
0
0
0
0
5.7
0
0
0
0
38.1
0
2.7
0
0.5
0
0
0
1.2
0
0
1.6
0
0
12
0
7.9
0
0
7.2
0
1.9
0
0
0
0
13.3
0
13.1
0
0
0
0
0
0
0
0
0
0
0
0.1
20
0.4
0
0
0
-99
0
0.6
0
0
0
0
0
1.1
0
0
0
0
7.3
8.8
0
0
0
0
0
0
0
23.1
0
0
0
0
0
0
0
0
0
0.4
16.2
0
0
0
0
6.3
0
73.3
0
44.8
0
0
0
0
0
0
0
0
0
1.8
0
0.7
0
0
0
0
0
0
0
0
2
0.1
0
0
0
0
0
0
3.1
5.9
0.1
10.7
0.1
0
0
0
0
0
0
0.9
0
0
0
0
0
0
0
0
0
0
0
0
0
0
0
0
0
0
0
0
0
0
0
0
0
0
0
0
0
0
0
0
0
0
0
0
0
0
0
0
0
-99
0
0
0
0
-99
0
0
0
0
0
0
0
0
0
0
0
0.7
0
0
0
0
0
0
0
0
0
0
0
0
0
0
0
0
0
0
0
0
0
