20050101
0
0
0
0
0
0
0
0
0
0
0
0
0
0
0
0
0
0
0
0
0
0
0
0
0
0
0
0
0
0
0
0
0
0
0
0
0.5
0.6
0.2
0.1
0
0
0
0
1.6
10.9
-99
0.8
-99
0
0
0
0
0
-99
-99
0
0
0
0
0
0
0
0
0
0
0
0
0
-99
0
0
0
0
0
0
0
0
0
-99
0
0
0
0
0
0
0
0
0
0
0
0
0
0
0
0
0
1.9
5.1
0
0
0
0
0
0
0
0
0
-99
0
0
0
-99
0
0
0
0
0
0
0
0
0
0
-99
13.1
0
0
0
0
3.7
0
0
0
0
0.1
17.5
6.1
0
0
0
0.6
0
0
0
0
0
0.7
0
0.2
0
0
0
0
0
0
1
-99
0
0
7.2
0.1
0
-99
-99
0
0
0
-99
-99
2.1
0
0
0
0
0
-99
6.2
0
25.1
0.2
3.7
-99
19.3
0.2
0
0
0
0
0
-99
0
0
-99
-99
-99
0
36.1
0
1.1
-99
0
0
7.1
11.2
-99
0
0
0.2
0
0
0
3.4
18.6
0.2
3.9
0
0
0
15.5
0
0
0
0
-99
9.5
-99
0
63.9
20.6
0
0
0
0
0
2.5
0
0
0
0
0
-99
0
0
0
-99
0
0
0
0
-99
0
0
0
0
0
-99
0
-99
0.5
0
2
23.9
40.2
16
0
0
0
0.1
0
0
5.4
8.5
0.3
1.8
2
-99
0
0
6.7
0
0
0
0
0
-99
-99
0
0
0
0
0
1
0.2
-99
0
0
0
0
0
-99
0
0
0
0
0
0
0
0
-99
0
0
0
0
0
0
0
1.2
0
0
0
0
0
0
0
0
0
0
0
0
0
0
0
0
0
0
0
0
0
0
0
0
0
0
-99
0
0
0
0
0
0
0
0
0
0
0
0
0
0
0
0
0
0
0
-99
1.3
-99
0
0
2
0
0
0
0
0
0
0
0
0
0
0
0
0.3
-99
0
0
0
0
0
0
0
0
0
0
0
-99
0
0
0
0
0
2.1
-99
0
0
0
0
0
0
0
0
0
0
0
0
0
0
0
0
0
0
0
0
1.9
0.6
0
0
0
0
0
0
0
0
0
0
0
-99
0
0
0
0
0
0
0
0
0
0
0
0
0
0
0
0
0
0
0
-99
0
0
0
0
0
0
0
0
0
0.6
13.7
0
0
0
0
0
0
0
0
1.2
0
0
0
-99
0
0
-99
0
0
0
0
0
0
0.3
0
0
0
4.7
0.4
5.1
1.5
0
0
0
0
0
-99
0
3.4
13.6
0
0
23.5
23.5
2.9
0
0
0
0
0
0
0
0.2
0
0
0
0.2
0
-99
0
0
0
15.9
-99
0
0
0
0
-99
0
0.6
0
0
-99
0.4
0
0
5.2
0.1
0
0
-99
16
0
-99
0
0
0
-99
0.7
0.2
-99
0
-99
2.1
5.6
1
0.3
1.4
0
0
-99
0
0.2
0.1
-99
0
0
0
0
13.7
-99
0.2
-99
6.2
-99
0
-99
0
0
0
0
0
0
41.9
-99
0
0
0
0
0
1.2
-99
0
0
40.6
4.9
0
101.8
27.3
23.4
0.2
-99
0
-99
14.4
0
0
0.2
0
0
0
0
0
0
-99
0
0
0
0
0
0
0
0
0
-99
-99
0
-99
0
0
0
0
0
0
0
0
0
0
0
0
0
0
0
1.1
0
0
0
0
0
0
0
-99
0
0
-99
0
0
0
0
0
0
0
0
-99
0
0
0
0
0
0
0
0
0
0
0
0
0
0
0
0
0
0
0
0.2
16.8
0.1
11
0.2
0.3
0
0
0
0
0
0
0
0
0
0
-99
0
0
0
0
0
0
0
0
0
0
0
0
0
0
0
0
0
0
0
0
0
3.4
-99
0
0
0
0
0
0
0
0
0
-99
0
0
0
0
0
0
0
0
0
0
0
0
0
0
0
0
0
0
0
0
0
0
0
0
0
0
0
5.4
0
0
0
0
0
0
0
0
0
0
0
0
0
0
0
0
-99
0
0
0
-99
2.2
0
30.4
10.8
0
0
0
0
-99
0
0
0
0
-99
1.4
0
-99
0
-99
-99
0
0
-99
0
0
0
0
0
0
0
0
0
0
0
0
0
0
0
0
0
0
-99
0.6
-99
0
-99
0
0
0
0
0
0
0
-99
-99
0
0
0
0
0
0.4
0.3
0
0
0
0
0
0
0
0.7
-99
4.2
0
0
0
-99
0
0
0
0
-99
0.2
29.6
0
0.6
0
0
0
0
0
0.8
4.5
-99
0
0
0
0
0
0
0
0
0
0
0
0
0
0
0
0
-99
1
2.4
3.2
0.1
0
-99
0
0
1.4
0
14
11.9
0
0
0
0
0
0
0
0
0
-99
0
0
-99
18.7
2
0
0
114.3
0.2
0.1
0
0
0
0
0
0
2.3
34.2
15.8
14.3
-99
0
4.5
0
0
0
2.2
11.9
0
-99
2.5
0
0
0
0
0
0
0
0
0
0
0
0
0
0
0
-99
-99
-99
16.5
3.6
2
0
29
-99
0
0
0
0
0
0
0
0
0
0.2
14.1
0
0
17.8
-99
0
0
0
0
0
0
0
5.1
4.6
3.2
24.8
6.7
0.7
0.2
3.7
7.2
0.3
0.7
2
-99
-99
5
0.1
0
0
0
0
0
0
0
0
0
0
0
0
0
0
-99
1.9
0.1
0
0
0
0
0
0
0
0
0
0
0
0
0
0
-99
0
0
1.8
0
0
0
0
0
0
0
0
0
0
0
0
0
0
0
0
0
0
0
0
0
0
0
0
0.9
0
0
0
0
0
0
0
0
0
0
-99
0
-99
0
0
0
0.1
0
0
0
0
0
0
0
0
0
0
0
0
0
1.2
-99
-99
0
0
0
0
2.9
-99
2.1
1.4
0.8
0
0
0
0
0
0
0
0
0
0
0
0
0
0
0
0
0
0
0
0
0
0
0
0
0
0
0
0
0
0
0
0
0
2.9
1.1
0
0
0
0
0
0
0
0
0
0
0
0
0
0
0
0.1
0
0
0
0
0
-99
0
0
3.7
0
0
0
0
0
0
4.5
0.2
0
0
-99
0
0
0
0
0
0
-99
11.2
0
2.2
9.1
0
0
0
0
0
0.3
0.3
19.2
0.1
0
0
0
0
0
0
0
0
0
0
0.3
5.7
0
0
0
0
-99
7.3
0
9.5
0.2
0
0
0
0.3
6.5
0.1
0
0
0
0
0
1.1
0
0
0
0
0
0
0
0
0
4.4
0
-99
2.6
0
0
0
0
0
0
-99
20.8
0
15
-99
0
0
0
0
0
4.1
0
4.4
2.5
0.1
1.8
21.4
-99
1
1.3
0
0
4.9
0
0
-99
0
0
23.6
0
0
31.2
22.4
0
2.5
6.4
-99
0
0
0
0
0
0
0
0
0
2.2
16.8
-99
0
0
0
0
0
0
0
0
0
3.6
18
0
38.9
-99
7.4
0
0
0
0
-99
43.1
0
0
0
3.6
0.1
-99
0
0
1.1
0
0
0
0
12.8
0.1
0
0.1
2.6
0.1
19.7
0
0
0
0
0
0
0
0
2
0
-99
0.2
-99
0
6.9
0.1
18.1
1.1
0
0
0
0
0
2.1
7.1
0
0.5
0.1
0
0
0
0
0
0
0
0
0
0
0
-99
3.2
15.5
1
0
0
0
0
0
0
0
0
0
0
0
0
0
0
0
0
0
0
0
0
-99
0.3
-99
0
0
0
0
0
0
0
0
-99
0
0
0
0
0
0
0
0
0
0
0
0
0
0
0
0
0
0
0
0
0
0
0
0
0
0
0
0
0
0
0
0
0
0
0
0
0
0
0
0
0
0
0
0
0
0
0
0
0
0
0
0
0
0
0
0
0
0
0
0
0
0
0
0
0
0
0
0
0.1
0
0
0
0
0
0
4.7
0
0
0
0.2
0
0
0
0
0.1
1
4.5
0
0
0
1
0.8
-99
0
0
0
0
-99
0
0
0.2
0
0
0
0
0
-99
2.6
0
0
0
0
0
0
0
0
2.6
0
0
-99
0
0
0
0
-99
0
0.2
0
0
0
0
-99
0
0
0
0
0.6
0.2
0
0
0.9
0.7
0
0
-99
8.8
0
0
-99
4.6
0
0
0
0
0
0
0
0
0
0
0
0
0
0
0
94.8
71.2
0.6
0
0
3.8
0.1
22
1.5
0
0
0
-99
0.3
0
0
0
0
0
2.4
0
0
0
0
0
0.3
0
0
7
0
0.2
0.1
0
0
0
0.2
-99
-99
13.9
0.1
-99
3.6
0
0
0
0
0
0
0
-99
0
0
0
0
0
0
0
0
0.1
0
70.8
3.8
0
0
0
-99
0
0
1.9
13
0
0
0.2
0
0
-99
51.2
0
0
0
0
0
0
0
0
3.7
0
15
8.6
0
0
0
0
6
0
0
0
0
0
0
30.5
0
0
-99
2.3
23.4
0
0
0
10.2
0
0
7.7
0
0
0
0
0
4.7
7.7
15
2.3
9.3
0
2
-99
0
0
0
0
0
0
0
7.1
13.1
0
0
0
0
0
-99
0.8
0
0
0
0
0
0
-99
0
0
-99
0
0
0
0.2
0
0
0
0
0
0
0
0
0
0
0
0
0
0
0
0
0
0
3.5
6.4
0
0
0
0
0
0
-99
-99
0.9
3.3
36.1
6.7
0.2
0
0
0
0
0
0
0
0
0
0
0
0
0
0
0
0
0
0
0
0
0
0
0
0.4
0.2
0
0
0
0
0
0
0.2
0.9
0
0
0
0
0
0
0
0
0
0
0
0
0
0
0
0
-99
0.2
0
0
0
0
0
0
0
0
0
0
0
0
0
0
0
0
0.3
0
0
0
0
0
0
0
0
0
0
0
0
0
0
0
0
1.1
0.4
0.2
4.1
1
-99
0
0
0.2
0
0
0
0
0
0
0
0
0
0
0
0
-99
8.3
0.6
0
0
0
0
0
0
1.4
0
0
0
0
0
5.4
0
0
0
0.2
0
0
0
0
0
0
-99
0
0
0
1.2
-99
0
-99
0
0
0
0
0
0
0
0
-99
1.4
3.2
0
1
0
0
-99
0
-99
0.3
6.8
0.1
0
0
-99
0
0
-99
0
0
0
0
0
4.9
0.2
0
0
0
0
0
0
0
0
0
0
4.8
4.9
0
0
0
0
0
0
0
0
-99
3
13.7
-99
0
0
0
1.1
0.1
0
0
0
0
0
0.6
-99
0
0
0
0
0
0
0
0
0
0
0
-99
0.9
0
0
0
0
0
0
2.1
0.3
0
0
0
0
0
0
2.1
0.7
8.5
0
0
0
0
0.5
0
0
0
31.5
0
0
-99
0
0
0
0
0
0
0
0
0.4
20
0
0
73.8
0.1
0
0
0
49.6
8.7
6.5
3
0.4
0.3
0
0
0
0.1
30
24.1
45.9
4.2
0.7
-99
0
-99
55.6
0
0
0
29.1
-99
-99
4.5
1.3
-99
5.4
28.7
7.6
0
0
0
0
0
0
0
0
0.7
5.3
19.6
0
8.4
0
0
0
0
0
0
0
0
0
0
0.1
0
0
0
0
0
0
0
0
-99
0
0
0
0
0
0
-99
0
0.5
0
0
0
5
1.2
0
0
0
0
0
0
0
0
0
0
0
0
0
0
0
0
0
0
0
0
0
0
0
0
0
0
0
0
0
0
0
0
0
0
0
0
0
0
0
0
0
0
0
0
0
0
0
0
0.1
0
0
0
0
0
0
0
0
0
0.9
0
0
0
0
0
0
0
0
0
0
0
0
0
0
0
0
0
0
0
0
0
0
0
0
0
0
0
0
0
0
0
0
0
0
-99
-99
0
0
0
0
0
0
0
0
0
0
0
0
2.5
-99
0
0.9
0
0
0
0
0
0
0
0
0
0
0
0
-99
6.5
4
0.4
0
0
0
0
0
0
0
0
0
0
0
0
0
0
0
0
0
0
0
0
0
0
0
0
0
0
0
0
0
0
0
0.4
0
0
0
0.2
0
0
0
0
0
0
0
0
0
0
0
0
0
0
4.9
2
-99
0
0
0
0
0
-99
-99
0
0
0
0
-99
0
-99
1.5
9
3.9
0
0
0
0
0
0.4
-99
0
0.6
5.3
2
0
0
0
0
2
-99
0
0
0
0
0
0
0
0
0
23.2
4.9
0
0
-99
1.7
0
0
0
0
0
4
0
0
0
0
0
3.2
7.2
2
0
0
0
0
0
0
45.1
17.3
0
0
-99
0
0
0
-99
0
0
0
0
0
0
1.4
-99
15.2
0.5
0
1
0
0
27.9
0
0
0
9.9
0.2
0
0
45.3
0.5
0
0
84.4
-99
0
0
9.6
1.3
0
0
0
6.4
0.1
7
25.5
13.5
0
0
0
0
0
0
-99
0
0
0
0
0
0.2
-99
5.3
0.1
0
-99
0.3
0
0
26.6
2.1
15
4
0
0
1.5
37.4
2.9
0.1
0
0
0
0
0
0
0
0
0.2
0
0
0
0
0
0
-99
0
0
0
7.6
0.8
0.1
1.3
0.6
0
0
0
0
0
0
0
0
0
0.8
-99
0
0.9
0
0
0
0
0
0
0
0.3
-99
3
0.3
6.3
5.7
0
0
0
0
0
0
0
3.3
9.1
1.2
0
0
0
0
0
0
0
0
0
-99
27.2
1.5
0
0
0
0
1.7
1.1
0
0
0
0
0
0
0
0
0
0
0
0
0
0
0
0
0
0
0
0
0
0
0.2
0
0
-99
-99
0
0
0
0
0
0
0
-99
0
0
0
0
0
0
0
-99
0
4.6
0.1
0
0
0
0
0
0
0
0
0
0
-99
0
0
0
0
0
0
0
0
0
0
0
0
0
0
0
0
0
0
0
0
0
0
-99
0
0
0
0
0
0.3
0.3
0
0
0
0
0
0
0
0
0
0
0
0
-99
-99
0
0
1.2
0
0.4
12.9
0
0
0
0
0
0
0
0
0
0
-99
0
0
0
0
0
0
0
-99
0
8.4
0
0
0
0
0
0.4
6
-99
-99
0
0
33.1
0
0
0
0
0
0
0
0
0
0
0
0
0
0
-99
0
0
11
0
0
0
0
0
0
0
0
0
0.8
0
0
0
0.3
0
0
2.2
0
0
2.7
0.1
11.2
0
0
-99
-99
0.8
0
1.5
0
0
-99
0.3
0
0
0
0
0
0
3.5
2.8
0
3
8.5
0
3.8
1.2
34.6
0
0
0
0
0
10.5
0
7.4
1.2
20.1
37.8
0
0
22
0.5
0
0
0
0
0
0
6.5
0.2
0
0
0.7
1.1
75.6
0
0
14.5
31.5
2.7
0
0
0
21.3
0
0
0
-99
0
0
1.7
-99
10.3
0
0
0
16.7
0
0
0.1
0
0
0
0
0
0
0
0
0
0
1.9
25.8
0
0
0.1
6.4
1.1
0
0
0
4.9
0
0
0
0
0
0
0
0
0
-99
0
0
0
-99
0.3
0
0
0
0
0
0
0
0
0.3
0
0
0
-99
0
0
0
0
0
0
0
0
0
0
0
3.9
0.1
0
0
0
-99
-99
0
0
0
0
0
0
5.6
0
0
0
0
0
0
5.6
0
0
0
0
-99
0.8
0
0
0
0
0
0
0
0
0
0
0
0
0
0
0
0
0
0
0
0
0
0
0
0
0
0
4.5
1.5
0
0.9
-99
0
0
-99
3.1
0
0
0
0
0
0
0.3
0
0
0
0
0
0
0
0
0
0
0
0
0
0
0
0
0.1
0
0.3
0
0
0
4.3
1
-99
-99
0
0
0
0
0.3
0
0.3
-99
0
0
4.7
0
3
0
0
0
0
0.8
1.9
0.7
0
0
0
0
0
0
0
0
0
0
0
0
0
0
0
0
0
0
0
0
0
0
0
0
0
0
0
-99
0
0
0
0
0.2
0
0
0
0
0
0
0
0
0
0
0
0
-99
0
-99
0
0
0
2
0
0
0
0
0
0
0
0
0
0
0
0
0
12.2
0.8
0
-99
0
0
0
0
0
0.5
0
0
0
0
0
0
0
0
0
4.1
0
0
0
0
0
0
0
0
-99
-99
0
0
-99
1.5
-99
0
0
47.5
-99
0.8
0.1
0
0
0
9.9
-99
0
0
0
0.8
0.8
35.3
1.4
-99
0
0
0
0
0
0
11.9
0
0
39.8
7.7
-99
0
-99
0.2
1.5
0
0
0
23.2
2.8
0
-99
0
0
0
0.3
82.3
39.1
32.9
7.5
25.5
0.2
16
3.7
0
8.6
0.9
0
0
1.5
10
0
12.5
0.2
-99
-99
1
0
0
3.3
0
0
0
0
0
19
1.2
0
0
3.8
16.9
0.3
0
0
0
0
0
0
0
0
0
0
0
0
0
0
1.8
0
-99
0
0
0
0
15
2.4
0
0
-99
2.2
0
0
0
0
0
0
0
1.4
0.1
0
2.3
10.8
0
7
0
0
0
0
0
0
0
0
0
0
0
0
0
0
0
0
0
0
0
0
12.1
0.1
0
0
0
0
0
0
0
0
0
0
0
0
-99
0
0
0
4.9
0
0
0
0
0
0
0
0.9
0
0
0
-99
0
0
0
0
0
0
0
0
0
0
0.2
0
0
0
0
0
0
0
0
0
0
0
0
0
0
0
0
0
0
0
0
0
0
0
-99
0
0
0
0
0
0
0
0
0
0
0
0
0
0
0
0
0
0
0
0
0
0
0
0
0
0
0
0
0
0
0
0
0
0
0
0
0
0
0
0
0
0
0
0
0
-99
0
0
10.1
2.1
2
0
0
0
0
0
0
0
0
0
0
0
0
0
0
0
0
-99
0
0
0.9
0
0
0
0
0
0
0
0
0
0
0
0
-99
0
0
0
0
0
0
0
0
0
0
0
0
0
0
0
-99
0
0
-99
0
0
1.3
0
0
0
0
0
0
0
3.1
1.4
0
0
3.8
0
1.6
2.4
4.3
0
-99
0
0
0
13.8
3.1
0
0
0
0
0
0
0
0
0
0
0
0
0
9.6
6.6
0
0
0
0
0
0
0
0
0
0
0
0
6.9
0
0
0
0
0
0
0
-99
0
0
0
0
19
0
0
0
0
0
0
0
0
0
0
0
-99
60.7
2.1
0
4.1
0
0
1
0
0
0
0
0
5.6
0
0
4.2
0.1
0
0
0
4.9
2.9
0
-99
0.6
0.3
0
0
0
0
0
0
9.6
6.7
3.7
0
0
0
0
0
6
0
0
0
0
0
0.6
1.6
5.9
1.1
-99
0
0
0
0
34.9
0
0
11.5
1.1
1.3
0
0
0
0
-99
-99
0
0
0
0
0
0
0
0
12
0
0
0
0
2.2
0
0
0
4.4
7.8
0
12.2
2.3
20.2
12.2
0
0
0
0
0
-99
0
0
0
0
21.2
0.1
11.7
0.9
0
0
0.8
0
0
0
0
0
0
0
0.1
-99
0
0
0
0
0
0.1
0
0
0
0
0
0
0
0
0
-99
0
0
0
0
0
0
0
0
0
0.4
0
0
-99
0
0
0
-99
0
0
0
0
0
0
0
0.5
0
0
0
9
-99
-99
-99
0
0
0
0
0
0
0
0
0
-99
0
0
0
0
0
0
0
0
0
0
0
0
0
0
0
0
0
0
0
0
0
