20050101
0
0
0
0
1.4
-99
0
0
0
0
0
0
0
0
0
0
0
0
0
0
0
0
0
0
0
0
0
0
0
0
0
0
0
0
0
-99
0.4
1.1
-99
0
0
0
0
0
-99
3.1
0
1
0
0
0
0
0
0
0
0
0
0
0
0
0
-99
0
0
0
0
0
0
0
0
0
0
-99
0
0
-99
0
0
0
-99
0
0
0
0
0
0
0
0
0
-99
-99
0
0
0
0
0
0
3.9
1.4
0
0
0
0
0
0
0
0
0
-99
0
0
0
0
-99
0
0
0
0
0
0
0
0
0
-99
20.8
0
0
0
0
0.2
0
-99
2
0
0
13.8
11.9
0
-99
-99
0.9
0
0
0
2.3
0
0.1
0
3.3
-99
0
0
0
0
0
15.5
0
0
8.1
0
-99
0
-99
0.5
0
0
0
0
0
0.9
0
0
0
1.1
-99
0
12.6
0.2
5.2
0
0
0
2.2
0
0
0
0
0
2.5
0
0
0
0
-99
0.7
5.5
0
0
-99
0
1.6
2.7
5.9
1.3
0
0
0
11.6
0
0
0
2.6
0.1
4.2
0.3
0
1.9
0
0
0
-99
0
0
24
0.1
0
3.1
44.3
1.6
0
0
0
0
0
0.1
0
0
0
0
0
0
0
0
0
0
0
0
0
-99
0.2
0
0
0
0
0
0.5
-99
14.8
0.4
0
0
0
28.4
9.2
0
0.1
0.1
0
0
0
-99
9.6
0
0
0
0
0
0
-99
0
0
0
0
-99
-99
0
0
0
0
0
0
0
1.6
0
0
0
0
0
0
1.2
0
0
0
0
0
0
0
0
0
0
0
0
0
0
0
0
0
0
0
0
0
0
0
0
0
0
0
0
0
0
0
0
0
0
0
0
0
0
0
0
0
0
0
0
0
0
0
0
0
0
0
0
0
0
0
0
0
0
0
0
0
0
0
0
-99
0
0
0
-99
0
0
0
0
0
0
0
0
0
0
0
0
0
0
-99
1.4
-99
0
0
0
0
0
0
0
0
0
0
0
0
0
0
0
-99
0
0
0
0
0
0
0
0
0
0
0
0
0
0
0
0
0
0
0
0
3.4
0.1
0
0
0
0
0
0
0
0
0
0
0
0
0
0
0
0
0
0
0
0
0
0
0
0
0
0
-99
0
0
0
0
-99
0
0
0.1
2.8
1.6
0
0
0
0
6.7
2
0
0
0
0
-99
0
0
0
0
0
0
0
0
0
0
0
0
0
0
0
0
1.3
0
0
-99
-99
7.3
0
8.5
1.4
0
0
0
0
0
0
0
1
4.2
0
0
3
0.8
8.9
0
0
0.3
0.3
0.3
0
2.1
0.7
-99
0
-99
0.6
0
0.5
0
-99
3.3
0
0
0
0
0
0
0.5
4.1
-99
0
-99
-99
0.3
-99
-99
54.3
0.7
0
0
0
0
0
0
0
0
0.6
0.5
27.3
0
3
11.8
0.4
2.1
-99
0
2.1
-99
0.1
0
0
3.2
7.1
6.4
0.6
0
1.2
0
37
40
-99
0
0.1
0.3
-99
0
0
0
8.8
0
0
0
13.3
4.5
0
0
0
0
0
0
0
0.2
0
0
20.1
-99
0
1.6
-99
19.5
0
-99
0
-99
3
0
0
-99
0.8
0
0
0
0
0
5.9
0
0
0
0
0
0
0
0
0
0.3
0.5
0
0
0
0
1.2
0
0
-99
0
-99
0
0.4
5.1
0
0
0
-99
0.2
0
0
0
0
0
0.2
0
2.3
0
0
0.3
0
0
0
0
0
0
0
0
-99
0
0
0
0
0
0
0
0.1
0
0
0
0
0
0
0
0
0
0
0
0
1.2
2.9
4.2
0
1.2
0
0
0
0
0
0
0
0
0
0
0
0
0
0
0
0
0
0
0
0
0
0
0
0
0
0
0
0
0
0
0
0
0.1
0
0
0
0
0
0
0
0
0
0
0
0
0
0
0
0
0
0
0
0
0
0
0
0
0
0
0
0
0
0
0
0
0
0
0
0
0
0
5.3
0
0
0
0
0
0
0
0
0
0
0
0
0
0
0
0
0
0
0
0
2.2
2
0
8.3
7
0
0
0
0
0
0
0
0
0
0
0
2.7
0.3
-99
-99
0
0
0
0.1
0
0
0
0
0.4
0
0
0
0
0
0
0
0
0
0
0
0
0
0
-99
0
0.9
10.6
1.9
0
0
0
0
0
0
10
0
0
0
0
0
0
-99
0
0
0.4
0
0
0
0
-99
-99
1.5
8
0
0
0
0
0
0
0
0
0
0.9
34.1
-99
-99
0
0
0
0
0
-99
3.8
0
0
0.7
0.4
0
0
0
0
-99
0.2
-99
0
36.6
0
0
0
0
8.5
6.2
2.6
4.2
-99
2.4
0
0.9
0.1
0.6
-99
2.9
36.3
0
0
-99
0
0
0.6
0.9
-99
-99
0
0
0
9.1
0.2
-99
0
0
9.4
0
0
0
10.7
8.5
7
0
0
0.6
-99
12.6
12.2
0
0
0
13.4
0.1
5.5
0.2
15.5
0
0.7
3.2
0
0
-99
0
0
0
0
0
0
0
36.6
0
0
0
0.7
51.1
10.3
14.5
8.2
-99
0
-99
2.2
0
0
0
0
0
0
0
0
0
0
5.4
6.4
0
0
-99
0
0
0
0
0
0
0
0
-99
1.3
0.4
9.1
4.7
15.8
-99
8.3
7.7
5
31.8
0.4
0
0
0.4
0
0
0
0
0
0
0
0
0
0
0
0
0
1.2
0
0
0
0
0
0
0
0
0
0
0
0
0
0
0
0
0
0
-99
0
0
-99
0
0
0
0
0
0
0
0
0
0
0
0
0
0
0
0
0
0
0
0
0
0
0
0
1.1
0
0
0
0
0
0
0
0
0
0
0
0
0
-99
0
0
0
0
0
0
0
0
0
0
0
0
0
0
0
0
0
0
0
0.1
0.1
0
0
0.6
-99
0.4
2.9
0.7
-99
0
0
0
0
0
0
0
0
0
0
0
0
0
0
0
0
0
0
0
0
0
0
0
0
0
0
-99
0
0
0
0
0
0.3
0
0
0
0
0
0
0
0
0
0
0
0
3.4
0
0
0
0
0
0
0
0
0
0
0
5.4
8.4
0
0
0
0
0
0
2.6
0
0
0
-99
0
0
0
-99
0.4
0
9.1
0.7
0
-99
7.1
0
0
0
0
0
0
4.3
18.1
0
0.2
0
0
0
0
0
0
0
0
0
-99
11.2
0
0
0
0.5
0
6.4
0
1.6
0.3
0
0
0
0
-99
0
0
0
0
0
0
-99
0
0
0
0
0
0
0
-99
-99
22.9
0
0.7
23.9
0
0
0
-99
0.3
0
-99
30.6
8.2
26.4
0.7
0
0
10
0
2.1
-99
0
-99
4
2
22
4.8
6.1
1.8
0
0
0.5
3.6
0
0
0
0
0
-99
0
0
24.3
3.3
0
3.1
0.1
-99
0
0
-99
0
0
0
0
0
0
0
1.9
1.2
0.5
0
0
8.2
0
0
-99
0
8.3
1
0
2.8
15.3
41.7
0.6
-99
6
3.3
0
3.5
13.7
0
0
-99
0.5
11.5
0
0
6
9.4
0
0
0
19.7
0.4
0
2.2
0.6
-99
19.1
3.1
0
0
0
0
0
0
0.3
0
0
0
5.1
2.2
16.7
56.2
0
0
-99
0
0
0
0
0
0
12
0.3
0
0.3
0
-99
0
0
0
-99
0
0
0
0
0
0
0.7
-99
2.8
0
0
0
0
0
0
0
0
0
0
0
0
0
0
0
0
0
0
0
0
0
-99
0
0
0
0
0
0
0
0
0
0
0.7
0
0.1
0
0
0
0
0
0
0
0
0
0
0
0
0
0
0
0
0
0
0
0
0
0
0
-99
-99
0
0
0
0
0
0
0
0
0
0
0
0
0
0
0
0
0
0
0
0
0
0
0
0
0
0
0
0
0
0
0
0
0
0
0
0
0
0
0
0
0
0
0
0
0
0
0
0
0.2
0
0
0
0.6
0
0
0
0
0
-99
2.1
0
0
0
0
0
0
0
0
0
0
0.2
0.2
-99
-99
0
0
0
0
0
1.1
5.1
0
0
0
0
0
0
0
0
0
0
0
-99
0
0
0
0
0
0
0
0
0
0
0
0
0
0
0
0
4.8
0.7
0
0
-99
0
0
0
0
3.5
0
0
-99
0
0
0
0
0
0
-99
0
-99
0
0
0
0
0
0
-99
-99
7.6
-99
0
-99
4.5
0
12.8
0
0
0
0
1.5
0
0
0
0
0
0.3
1.5
0
0
0
0
0
-99
0
0
2.6
0
-99
0
0
0
0
-99
0
0
8.5
0.2
1.6
1.9
0
0
0
0
0
0
0.4
1.5
0
0
0
0
0
0
0
0
-99
0.1
49.8
-99
0
0
0
1.8
0
0
2.5
1.4
-99
0
0
0
0
-99
0
0
0
13.2
9.4
0
0
0
22.3
0
-99
2.5
-99
0.1
4.5
0
-99
0
0
0
0
-99
0
7.8
0
0.2
36.8
-99
23.8
4.6
0
0
6.6
0.8
0
0
-99
0
0
0
0
0
6.5
8.2
27
28.4
4.3
0
4.5
0
0
0
0
0
0
0
0
10.3
0.6
0
0
0
0.9
0
-99
0
0
0
0
0
0
-99
0
0
0
0.5
0
0
0
12.4
1
0
0
-99
0
0
0
0
0
0
0
0
0
0
0
0
0
0
2.7
0.3
-99
0
0
0
0
0
0
0
-99
12.6
10
6
-99
0
0
0
0
0
0
0
0
0
0
0
0
0
0
0
-99
-99
-99
0
0
-99
0
0
0
-99
-99
-99
0
0
0
0
0.2
0
0
0
0
0
0
0
0
0
0
0
0
0
0
0
0
0
0
-99
0
0
0
0
0
0
0
0
0
0
0
0
0
0
0
0
0
0
0
0
0
0
0
0
0
0
0
0
0
0
0
0
0
1
-99
0
-99
3.7
1.9
0
0
-99
0
0
0
0
0
0
0
0
0
0
0
0
1
7
0.3
0
0
-99
0
-99
-99
1.4
0
0
0
0
0
3.2
0
0
0
-99
0
0
0
0
0
0
0
0
-99
0
0.3
3.8
0
0
0
0
0
0
0
0
0
0
0
6
0
0
0
-99
0
0
0
0
4.6
11.7
-99
0
0
3.4
0.2
-99
0
0
0
0
0
3.7
13.7
6
0
0
-99
-99
0
0
0
0
-99
0
-99
3.8
5.1
0
0
-99
-99
-99
0
0
3.5
15.4
2.8
0
0
0
0
0
0
0
-99
0.9
0
0
6.9
0
0
-99
0
0
0
1.9
0
0
0
1.1
0
-99
0
0
0
0
0
0
0
5.5
5
0
0
0
0
0
0.2
0
47.4
0.2
0
2.3
-99
0
1.8
0
0.3
0
-99
0
0
0
0
0
0
0
0
0
0
0
-99
1.9
0
3.5
17.7
-99
0
2.3
6.3
0
-99
79.9
-99
-99
0
0
0
-99
9.1
1
0
55.7
0
0
0
0
0
-99
-99
0
0.1
1.3
0
0
2.3
0.2
0
0
10.3
0.1
0
0
0
0
0
0
0
-99
0.3
70.1
6.7
1.7
9.8
0
0
0
0
0
0
0
-99
0
1.5
0
0
0
0
0
0
0
0
3.8
0
0
0
0
0
0
0
1.4
0
0
0
0
2.8
4.1
0
0
0
0
0
0
0
0
0
0
0
0
0
0
0
0
0
0
0
0
0
0
0
0
0
0
0
0
0
0
0
0
0
0
0
0
0
0
0
0
0
0
0
0
0
0
0
0
0
0
0
0
0
0
0
0
0
0
0
0
0
0
0
0
0
0
0
0
0
0
0.3
0
0
0
0
0
0
0
0
0
0
0
0
0
0
0
0
0
0
0
0
0
0
0
0
0
0
0
0
0
0
0
0
0
0
0
0
-99
0.4
0
0.3
0.6
0
0
0
0
0
0
0
0
0
0
0
0
2.3
3.3
-99
0
0
0
0
0
0
0
0
0
0
0
0
0
1
0
0
0
0
0
0
0
0
0
0
0
0
0
0
0
0
0
4.1
3.6
0
0
0
1.5
0
0
0
0
0
0
0
0
0
0
0
0
0
0
-99
-99
-99
0
0
0
0
0
-99
0
0
0
0
0.6
0
0
0
35.2
11.3
4.7
0
0
0
0
0
0
0
0
0.3
0
0
0
0
0
0
-99
0
0
0
0
-99
0
0
0.4
1.3
-99
9.5
-99
0
0
4.2
0
0
0
1.2
0.1
11.9
20.7
0
0
0
0
-99
1.5
0.6
2
0
0.9
0
0
3
6.9
30.7
3.9
0
0
0
0
-99
3.8
0.7
-99
3.8
0.5
-99
0.6
-99
0.6
0.8
1.6
-99
-99
0
0
1.9
0
7
0
0
52.9
0.2
0
0
0
0
9.1
-99
0.1
0
0
0
0
0
0
0
0.8
0.2
0
5.4
14.9
0.1
0
0
0
0
10.5
12
14.5
10
0
0
0
0.7
0.7
1.6
7.4
0
0
0
0
12.7
9.8
27
0
0.4
0
0
-99
7.1
6.8
0
0
0
0
0
0
0
0
0
0
1.2
0
0
0.1
0
0
0.3
0.7
0
0
0
3.9
0
6.6
10.4
2.1
0.1
0.2
0
0
0
0
0
0
0
0
0
0
0.6
0
0
0
0
0
0.2
0.7
3.3
4.2
0.2
0
1.3
7.4
0
0
0.2
0
0
0
0
0.9
10.6
1.7
0
0
0
0
0
0
0
0
0
0
16.4
0
-99
-99
-99
0
0.1
0.1
0
0
0
0
0
0
0
0
0
0
0
0
0
0
0
0
0
0
0
0
0
0
0
0
0
0
0
0
0
0
0
0
0
0
0
0
0
0
0
0
0
0
0
0
0.8
0.2
0
0
0
0
0
0
0
0
0
0
0
0
0
0
0
0
0
0
0
0
0
0
0
0
0
0
0
0
0
0
0
0
0
0
0
0
0
0
0
-99
-99
0.3
-99
-99
0
0
0
0
0
0
0
0
0
0.2
0
0
0
0.4
2.1
-99
5.5
0.8
0
0
0
0
0
0
0
0
0
-99
0
0
0
0
0
0
0
0.5
-99
-99
0
0
0
0
0
-99
0
0
0
0
0
5.2
0
0
0
0
0
0
0
0
0
0
0
0
0
0.2
13.5
0
8.5
0
0
0
0
0
0
0
0.5
-99
3.4
0.1
0
0
-99
0
0
0
2.6
0
18.1
6
-99
11.7
0
0
-99
1.2
0
4
0
0
0
0
0
0
0
0
0
2.5
0.1
0.1
-99
0.1
4.4
8.6
0
0.3
18.6
32.3
0
0
0
0.5
1.8
0.6
0
-99
0.8
1.1
-99
0
0
2.8
0.4
0.2
0
0
0
0
0
30.4
0
0
0.3
3.8
0.7
-99
0.5
0
62
29.8
0
0
0
0
0
0
0
11.3
0
0
7.1
1.7
-99
4.5
0
0
2.6
0.8
0
-99
0
0
0
0
0
0
0
7.1
0
0
0
35.3
1.7
0.1
0
0
1
0.1
0
0
0
0
0
0.4
0
0
0
0
-99
0.5
0
13.5
0.1
0
-99
16.8
0.1
0
0
0
0
0
0
0
-99
0
0
0
-99
0.9
0
0
0
0
0
3.2
6.5
0
0
0
0
1.7
0
0
0
0
0
0
0
0
0
0
0
0
5
0.1
0
0
0
0
0
4
0
0
0
0
3
0
0
0
0
0
0
0
0
0
0
0
0
0
0
0
-99
0
0
0
0
0
-99
0
0
0
0
0
1.8
1.5
0
0
0
0
0
0.7
0
0
0
0
0
0
0
-99
0
0
0
0
0
0
0
0
0
0
0
0
0
0
0
0
0
0
0
0
0
0
3.8
0.9
0
0
0
0
0
0
0
0
0
0
0
0
0.4
0
-99
0
0
0
0
0
0
0
0
0
0
0
0
0
0
0
0
0
0
0
0
0
0
0
0
0
0
0
0
0
0
0
0
0
0
0.6
0
0
0
0
0
0
0
0
0
0
0
0
0
0
0
0
0
0
0
0
0
0
5
0
0
0
0
0
0
0
0
0
0
0
0
0
0
15
0
0
0
0
0
0
0
0.1
0
0
0
0
0
0
0
0
0
0
1
0.5
0
0
0
0
0
0
0
0
0
0
0
-99
0.5
0
-99
-99
0
-99
3.6
0
0
0
-99
0
0
0
0
-99
8.2
3.5
7.8
0
-99
0
0
0
0
0.5
0.5
-99
0.1
32.2
29.6
12.5
0
14.6
0
-99
0
0
-99
0
5.6
0
0
0
0
0
0
24.6
25.2
29.4
2.3
0
0
5.2
26.7
-99
0
12.3
0
0
0
0
0
0
0
24.8
4.7
0
0.3
0
25.3
0
27
9.3
2.6
0
11
1.2
0
0
0
11.9
-99
0
0
0
0
0
0
0
0
10.5
0
3
4
0
0
0
0.3
0
0
0
0
0
0
3.9
0.3
0
0
1.8
1.7
-99
0
0
0.6
-99
0
2.6
10.6
1.8
5.3
0.5
3.4
0
11.1
0
0
0
0
0
0
0
11.5
0
0
0
0
0
1
0
0
0
0
0
3.6
5.8
0
0
0
0
0
0
0
0
0
0
0
0
-99
0.3
0
0
0
1
0
-99
0
0.3
0
0
0
0.8
0
0
0
0
0
0
-99
0
0
0
0
0
0
0
0
0
-99
0
0
0
0
0
0
0
0
0
0
0
0
0
0
0
0
0
0
0
0
0
0
0
0
0
0
0
0
0
0
0
0
0
0
0
0
0
0
0
0
0
0
0
0
0
0
0
0
0
0
0
0
0
0
0
0
0
0
0
0
0
0
0
0
0
0
0
0
0
0
0
-99
2.5
0
0
0
0
0
0
0
0
0
0.3
0
-99
0
0
0
0
0
0
-99
0
-99
0
0
0
0
0
0
0
0
0
0
0
0.4
0
0
0
0
0
0
0
0
0
0
0
0
0
0
0
3.3
0
0
5.7
0
0
0
0
0
0
0
0
0
3
0
0
0
0
1.9
1.5
7.4
9.5
1.3
0
0
0
0
0
1.8
0
0
0
0
0
-99
0.2
0
0.4
0
0
0
0
-99
38.7
8.1
0
0
0
0
-99
0.9
0.2
0
-99
0
0
-99
0.6
0
0
0
0
0
0
0.1
-99
0
0
0.1
0
0.5
0
-99
0
0
0
0
-99
0
0
1.9
1.2
-99
4.8
-99
7.6
0
0
-99
0.4
0
0
0
-99
8.7
8.8
0.3
0
7.2
0
0
1.6
0.2
17.9
1.2
0
0.9
0
0
1
0
0
0
0
0
0
40.2
2.2
0
0
0
0
0
-99
1.6
0
0
0
0
3.7
-99
1.4
0
0
1.3
0
0
0
8.4
0
0
0
0
-99
0
0
0
1
0.2
0.1
0
0
1.3
8.1
0
-99
-99
20
1.7
0
0
0
0
0.7
0
1.9
0.3
13.6
6.6
0
3.2
0
5.2
1.1
0
0.2
0
0
1.3
32.6
0.1
0
0
0
14.4
0
0.1
4
0
6.4
3.5
0
0
0
0
0
0
0.2
-99
0
0
0
0
0
0
0
0
0
-99
0
0
0
0
0
0.3
0.5
0.4
2
0
0
0
0
0
0
0
0
0
0.2
0
0
0
0
0
0
0
0
0
0
0
0
1.3
0
0
0
0.6
0.1
0
0
0
0
0
0
0
0
0
0
0
0
0
0
0
0
0
0
0
0
0
0
0
0
0
0
0
0
0
0
0
0
0
