20050101
0
0
0
0
0
0
0
0
0
0
0
0
0
0
0
0
0
0
0
0
0
0
0
0
0
0
0
-99
0
0
0
0
0
0
0
0
0.1
0.8
-99
-99
0
0
0
0
0
3.5
0
1
0.8
0
0
0
1.7
0.2
2.1
0
0
0
0
1.6
0
-99
0
0
0
0
0
0
0
0
0
0
0
0
0
0
0
0
0
0
0
0
0
0
0
0
0
0
0
0
1.9
0.2
0
0
0
0
0
8.9
4.2
0
0
0
0
0
0
0
0
0.2
0
0
0
0
-99
0
0
0
0
0
0
0
0
0
0
0
11.4
0
0.4
0
0
1.4
0
0
0
0
0
8.4
27.6
0
0
0
2.8
0
0
0
0
0
2.1
0
2.8
0
1.6
0.3
0
0
0
15.8
0
19
2.7
-99
0
0
-99
1.7
1.5
0
0.1
0
0
-99
0
0
0
0
0.7
1
9.3
-99
0.1
25.4
-99
0
0
0
0
0
0
3.7
0.5
0
0.1
1.3
0.1
3.4
0.2
0
0
10.2
0
0
0.2
0.1
5
39.3
0.9
0
0
18.4
0
0
0
13.1
0
2.8
4
8.1
36.2
0
1.6
0
7.1
-99
0
4.3
3.7
0
8.8
10.6
1.3
0
0
0
0
0
0
-99
0
0.2
0
0
0.3
0
0
0
0
0
0
0
0
0.9
0
0
0
0
6.1
1.7
0
4.6
3.4
-99
0
0
0
0
0
0.2
0
0
0
0
0
5.1
0
0
0
0
0
0
-99
0
0
0
0
0
1.3
-99
0
0
0
0
0
0
0.2
0
0
0
0
0
0
1.7
0
0
0
0
0
0
0
0
-99
0
0
0
0
0
0
0
0
0
0
0
0
0
0
0
0
0
0
0
0
0
0
0
0
0
0
0
-99
0
0
0
0
0
0
0
0
0
0
0
0
0
0
0
0
0
0
0
0
0
0
0
0
0
0
0
0.2
0
0
-99
0
0
0
0
0
0
0
-99
0.2
0
0
0
0
-99
0
0
0
0
0
0
0
0
0
0
-99
0
0
0
0
0
0
0
0
1.5
0
0
0
0
0
0
0
0
0
0
0
0
0
0
0
0
0
0
0
0
0
0.6
0
0
0
0
0
0
0
0
0
-99
0.4
0
0
0
0
0
0
0
0
0
0
0
0
0
0
-99
0
0
0
0
0
0.1
0
0
0
0
3.8
0
0
0
0
-99
0
0
0
0
0
-99
1
0
0
0
0
0
0
0
0.1
0.4
0
0
0
0
0
0
0.1
0
-99
0
4.7
9.4
0
-99
5.9
0
0
0
1.1
0
0
0.4
-99
0.5
0
0
0
19.5
24.3
6.3
0
0
0
0.8
0
27.8
8.3
0
0
9.7
0
-99
0.9
0
-99
1.2
2.1
0
0
-99
0
0
0
0
0
0
1.6
16.4
0.2
2.5
0.6
10.5
9.3
-99
18
0
0
0
-99
0
0
0
0.4
17.8
0
17.9
0.2
7.4
0
0
-99
9.5
0
0.7
0
0
9.2
29
0.3
11.9
0.1
0.2
0
0.4
-99
-99
0.8
0
7
0
0
0
2.4
1.3
0.3
0.1
0
44.4
0
0
0.1
0
0
0
0
0
0
0
0
-99
10.8
0
0
2.1
-99
0
0
0
0.1
0
0
0
-99
10.3
0
0
0
0
0
0
0
0
0
0
0
0
0
0
0
0.5
4.4
0
0
0
0
0
0
-99
0
0
0
1
0
4.5
0
-99
-99
0
0
0
0
0
0
0
0
0
2.9
0.2
0
-99
0.1
0
-99
0
0
0
0
0
0
0
0
0
0
0
0
0
0
0
0
0
0
0
0
0
0
0
0
0
0
0
0
1.1
0
0
0
0
0
0
0
0
0
0
-99
0
0
0
0
0
0
0
0
0
0
0
0
0
0
0
0
0
0
0
0
0
0
0
3.8
0.1
0
0
0
0
-99
0
0
0
0
0
0
0
0
0
0
0
0
0
0
0
0
0
0
0
0
0
0
0
0
0
0
0
0
0
0
0
0
0.1
0.1
0
0
0
0
0
0
0
0
0
0
0
0
0
0
0
0
0
-99
-99
0
0.1
0
17.4
21.5
0
0
0
0
0.1
0
0
0
0
0
0
0
0
1.4
4.5
0
0
0
0.2
0
0
0
0
-99
4.5
-99
0
-99
0
0
0
0
-99
0
0
0
0
0
4.9
0
0
0
0
0
0
-99
0
0
0
0
0
0
0
0
0
0
10.4
-99
0
0
0
0
0
0
1
-99
0
1.2
0
0
0
-99
0
0.2
0
0
1.2
0
32.5
1.6
2.1
0
0
0
0
0
-99
11.9
0
-99
0.3
0
0
0
0
0
0
0
0
0
15.2
0
0
0
0
0
1.1
0.1
-99
0
0
0
0
0
1.5
0.8
2.6
20.8
0.6
0
-99
0
-99
0
36.1
1.1
17.3
0
0
0
0
-99
0
0
0
2.5
0
0
0
0
0
0
0
0
0
1.6
0
5.6
22.8
1
2.2
0
8.1
0
3.6
11.2
0
0
0
0
1.2
0
0
0
0
0
0
0
0
0
0
0
0
-99
20.2
0
0
0
0
0
0
0
-99
0
0
0
0
0
0
0
0
0
1.7
8.3
0
0
1.7
41.4
0
0
0
0
0
0
0
1.3
1.2
0
0
0
8.3
0
0
2.7
5.2
14.5
0
0
0
0
0
0
0.9
0
0
0
0
0
0
0
0
0
0
0.3
0
0
6.3
11.3
0
0
0
0
0
0
0
0
0
0
0
0
0
0
-99
0
2.1
0
0
0
0
0
0
0
0
0
0
0
0
0
0
0
0
0
0
0
0
0
0
0
0
0
3
-99
0
0
0
0
0
0
0
0
0
0
0
0
0
0
0
-99
-99
0
0
0
0
0
0
0
0
0
0
0
0
0
0
0
0
0
0
0
-99
-99
0
-99
0.2
-99
0
0
0
0
0
0
0
0
0
0
0
0
0
0
0
0
0
0
0
0
0
0
0
0
0
0
0
0
0
0
0
0
0
-99
0
0
0
0
0
0
0
0
0
0
0
0
0
0
0
0
0
0
0
0
0
0
0
-99
5.2
0
0
0
0
0
0
7.1
1.9
0
0
0.5
0
0
0
0
0.7
0
6.1
3.9
6.3
2.2
0.3
0
0
0
0.1
0
0
0
10.1
7.1
0.8
0
-99
-99
0
0
0
0
0
0
0.2
15.5
0
0
0
0
0
7.1
0.2
2.8
0.3
0
2.3
0
3
0
0
0
0
0
0
0
0
0
0
3.9
0
-99
0
-99
0.2
0.2
1.4
15.2
0
2.4
-99
0
0
0
0
0.6
-99
6.1
1.4
0
3.9
0
0
23.4
3.9
-99
0.9
0
1.2
1.2
12.5
0.2
5
1.2
-99
1.9
0
-99
12.8
0
0
0
0
0
0
0
0
18.8
14.1
-99
0
0
0
0
0
0
0
0
0
0
0
0
2.7
0
72
4.2
-99
0
0
0
0
0
-99
0
31.4
7.4
0
0
6.3
0
0
-99
3.9
6.7
0
45.8
1.2
0
0
0
12.9
0
0
0
5.2
0
0
0
-99
0.6
0.2
0
2.1
0
7.7
3.6
0
0
0
7.3
2.7
17.7
0.1
0
0
0
21.8
4.5
-99
2.1
-99
0
0
0
0
0
0
0
0
10.2
11.6
0
0
1.9
1.6
0
0
0
0
0
0
0
0
0.9
0
0
0
1.7
0.7
0
0
0
0
0
0.5
0
0
0
0
0
0
0
0
0
-99
0
0
0
0
-99
0
0
0
0
0
0
0
0
0
0
0
0
0
0
0
0
0
0
0
0
0
0
0
0
0
0
6.9
0
0
0
0
0
0
0
0
0
0
-99
0
0
0
0
0
0
0
0
0
0
0
0
0
0
0
0
0
0
0
0
0
0
0
0
0
0
0
0
0
0
0
-99
0
0
0
0
0
0
0
0
0
0
0
0
0
0
0
0
0
0
0
0
-99
0
0
0
0
-99
0.3
1.5
0
0
0
-99
0
0
0
0
0
0
0
0
-99
2.3
0
0
0
0
0
0
3.2
0
0
0
0
0
0
0
0
-99
0
0
-99
0
0
0
0
1.7
-99
0
0
0
0
0
0
0
0
0
0
-99
-99
0
4.2
-99
-99
0
0
0
4.1
1
0
0
14.2
0.1
0
0
0
0
0.4
-99
0.8
0
0
0
0
0
0
0
0.6
0
0
0
0
0.6
3.2
0
0
0
0
0
5.5
-99
0
0
0
0
0
0.3
-99
0
0
0
0
0
0
0
15.8
0
18
0
0
0
0
-99
-99
-99
6.4
0
2.3
0.2
0
0
0
-99
0
0
0
6.2
0
0
0
0
0
0
0.7
26.3
4.2
0
0
0
-99
0
1.2
0
37
0
0
12
4.4
-99
20.4
6.1
0
3.6
34.1
0
0
0
0
0.4
-99
2.1
0.7
0.3
0
0
0
-99
0
0
0.3
-99
0
0
0
0
0
0
0.3
0
28.1
0
0
0
0
-99
0.2
0.3
1.4
0
0
1.1
0
0
0.3
0
-99
0
9.3
4.5
0
0
0
0
0
0
0
0
0
0
-99
0
2.5
0
0
0
0
0
15
0.1
0
0
-99
0.8
0
0
0
0
0
-99
-99
0
0
0.9
0.9
0
0
0
-99
0
0
0
0
0
0
0
0
1.5
0.9
0
0
0
13.8
1.9
6.8
0
0
0
0
0
0
0
0.4
1.5
0
4
0
0
0
0
0
0
0
0
0
0
0
0
0
0
0
0
0
0
0
0
0
0
0
0
0
0
0
0
0
0
0.1
0
0
0
0
0
0
0
0
0
0
0
0
0
0
0
0
0
0
0
0
8.8
-99
0
0
0
0
0
0
0
0
0
0
0
0
0
0
0
0
0
0
0
0
0
0
-99
0
0
0
0
0.3
0
0
0
0
0.2
0.6
0
0
0
0
0
0
0
0
0
-99
0
0
0
0
0
0
0
0
0
-99
1.9
1.1
0
0
0.1
0
0
0.4
3.8
0
0
0
0
0
11.9
0
0
0
0
-99
-99
0
0
0
-99
-99
0
0
0
-99
5.9
2.1
0
0
0
0
0
0
0
0
-99
0
0.9
0.5
0
0
-99
-99
0
0.1
0.4
-99
8.3
12.4
0
0
6
0.4
0
0
0
0
0
0
-99
1.1
18.4
0
-99
-99
4.4
-99
0
0
0
1.2
0
0.2
0.3
23.3
0.2
0
0
0
-99
0
0
0.3
5.4
20.1
0.4
-99
9.2
1.8
0.9
0
0
0
0
0
0
0
2.4
3.3
0.1
17.8
0
-99
24.9
17.8
-99
1.9
0
0
-99
0
0
0
0
0.2
-99
0
-99
11.8
0
0
0.2
0
0.1
-99
0
3
0.6
-99
0
-99
0
15.2
0
-99
-99
-99
0.6
0
0
0
0
0
0
0
0
0.3
0.2
3.9
0
0
12.9
7.4
0
0
6.4
6.5
0.6
0
-99
0
0.2
0
0
0
4.9
3.9
9.7
0
29.6
0
0
0
0
2.4
-99
0
0.4
0
13.4
5.6
0
5.2
0
0
0
23.2
0
0
0
0
0
0
0
0.2
16.8
19.2
35.3
0
20
25.6
0
0
0
2.6
0.1
0
0
0
0
2.3
4.7
0
0
0
0
0
0
0
10.5
2.7
0
0
0
0
0
0
6.4
0
-99
0.2
0
1.8
11.6
0
0
0
0
0
0
0
0
0
0
0
0
0
0
-99
0
0
0
0
0
-99
0
0
0
0
0
0
0
0
0
0
0
0
0
0
0
0
0
0
0
0
0
0
0
0
0
0
0
0
0
0
0
0
0
0
0
0
0
0
-99
0
0
0
0
0
0.6
0
0
0
0
0
0
0
0
0
0
0
0
0
0
0
0
0
0
0
0
0
0
0
0
0
0
0
0
0
0
0
0
0
0
0
0
0
0
0
0
0
0
1.2
0
0
0.8
0
0
0
0
0
0
0
0
0
0
0
0
4.2
0.4
-99
0
0
0
0
0
0
0
0
0
0
0
0
0
0
0
0
0
0
0
0
0
0
0
0
0
0
0
0
0
0
0
-99
-99
0
0
0
0.3
0
0
0
0
0
0
0
0
0
0
0.7
0
0
0
5.7
-99
-99
0
0.3
-99
0
-99
2.4
-99
0
0
0
6.9
-99
0
0
7
0.8
0
0
0
0
0
0
0
-99
-99
0.4
0
0
0
0
0
0
5.8
0
-99
5.3
1.6
8.8
1
-99
0
0
-99
-99
1.4
7.5
0
1.3
0.4
0
0
3.9
0.3
15.9
-99
0
0
0
0
-99
15.9
29.3
0
0
0
0
0
16.2
0.1
0.2
0
0
-99
-99
1.2
-99
0
0
0
0.5
0.9
-99
59.1
0.1
-99
21.4
0.2
-99
0.1
0
0
4.5
16.2
0
0
0.3
6.7
9.8
0
0
0
0
0
0
-99
0
0
1.6
-99
0
0
0
6.4
11.5
10.6
1.1
-99
0
0
0
0
0
-99
2.5
0
1.4
0
0
0
0
-99
0
0
0
0
0
7.4
1.1
0
8.8
0
0
0
0
0.1
3.2
0
0
0
0
0
0
0
0
0
0
0
-99
0
0
0
0
0
0
0
0
0
0
0.2
0
0
0
5.5
0
0
0
0
0
0
0
0
0
2.4
0
0
-99
0
0
0
0
0
1.4
0
1.3
0.7
-99
0
0
0.3
0
0
0
0
0
0
0
0
10.9
-99
0.9
0
0
-99
0
0
0
0
0
0
0
0
0
-99
0
0
-99
0.1
0.6
0
0
0
0
0
0
0
0
0
0
0
0
0
0
0
0
0
0
0
0
0
-99
-99
0
0
0
0
0
0
0
-99
0
0
0
0
0
0
0
0
0
0
0
0
0
0
0
0
0
0
0
0
0
0
0
-99
0
0
0
0
0
0
0
0
0
0
0
0
0
0
0
0
0
0
0
0
0
-99
0
0
0
0
0
0
0
0.1
0.9
0.3
0
-99
0
0
0
0
0
0
0
0
0
0
-99
0.1
4.2
0
0
0
0
2.5
0
0
0
0
0
0.2
0
0
0
0
0
0
0
0
0
0
0
4.1
0
0
0
0
0
0
0
0
0.1
0
-99
0
0
28.6
0
0
0
0
0
0
0
0
0
0
0
0
0
0
0
0
10.8
1.1
0
0
0
0
0
0
0.1
-99
0
0
0
0
-99
0
0
0
4.4
0
0.3
2.4
0
3.6
0
0
8.4
0.1
-99
0.4
0.3
0
-99
8.1
5.4
-99
0
-99
0.6
2.1
3.1
0
1.9
0
6.4
5.1
1
7.9
5.4
1.6
0
0
0
0
0
0
48.5
0
-99
0
1.2
3.2
-99
0
0
0
0
0
0
0
0
57.1
6.5
0
0
2.1
-99
0
-99
5.9
1.3
34.2
3.3
0
0
0
0
0
0
1.9
0
0
1.5
4.4
-99
0.5
0.1
0
0
3.1
0
0
0
0
0
0
0
0
0
-99
0
0
0
2.6
47.5
0
0
0
0
0
0
0
0
11.9
0.6
0.4
0
0
0
0
0
0
0
2.7
0
-99
0
13.8
0
2.5
0
0
0
0
0
0
0
0
0
0
0
3.2
0
0
0
0
0
0.3
12.2
0
0
0
0
11.9
0
0
0
0
0.3
0.7
0
0
0
0
0
0
15.6
53.6
0.4
0
0
0
0
12.8
0
0
0
0
0
1.5
0
0
0
0
0
0.4
0
0
0
0
0
0
0
0
0
0
0
0
0
0
0
0
0
0
0
0.1
0
3.1
0
0.6
0
0
0
0.6
0.4
0
0
0
0
0
0
2.1
-99
0
0
0
0
0
0
0
0
0
0
0
0
0
0
-99
0
-99
0
0
0
0
5.4
0
0
0
0
0
0
0
0
0
0
0.2
0
0
0.3
0
0
0
0
0
0
0
0
0
0
0
0
0
0
0
0
0
0
0
0
0
1.5
0
0
0
0
0
0
0
0
0
0
0
0
0
0
6
0
0
0
0
0
-99
12.2
6.8
0
0
-99
0
0
0
0
0
0
0
0
-99
0
0
5.9
1.9
0
-99
0.9
0
0
0
0
0
0
0
-99
0
0
-99
0
0
0
0.5
-99
0
0
0
0
0
0
0
0
0
0
0
0
0
0.9
1.5
0
0
0
0
0
0
0
0
0
0
0
0
0
0
-99
0
0
0.4
0.4
0
0
0
0.8
0
0
35.7
26.2
0.1
33.5
-99
18.3
0
-99
0
0
0
0
6.6
0
0
0
0.1
0
3.6
0
3.2
5.2
0
1.9
4.8
18.6
1
5.6
27.1
0
0.4
0
0
9.4
-99
18.7
3.7
0
0
0
0
69.3
-99
0
0
0
-99
0
0
0
0
0
1.5
1
0
0
0
24
1.2
3.9
1
6.5
3
0
27.8
0
0
0
0.1
3
0
7.7
0
0
0
0
0
1.7
0.2
-99
0
0
0
0
0
41.3
0
0.3
0
0
0
0
3.4
6.4
0
0
-99
2
1.1
0
0
5.3
0.5
0
0
0
17.2
8.8
0
0
-99
13.6
0
0
0
0
0
0
0
3.9
0
0
0
0
0
0
2.3
0
0
0
-99
-99
0
0
0
0
0
0.5
0
0
0.4
0
0
0
0
0
0
0
0
0
0
0
-99
0
-99
0
0
0
0
0
0
0
0
0
0
0
0
0
0
0
0
0
0
0
0
0
0
0
0
0
0
0
0
0
0
0
0
0
0
0
0
0
0
0
0
0
0
0
0
0
0
0
0
0
0
0
0
0
0
0
0
0
0
0
0
0
0
0
0
0
0
0
0
0
0
0
0
0
0
0
0
0
0
0
0
0
0
0
0
0
0
0
0
0
0
0
0
-99
0.8
0.4
0
0
0
0
-99
-99
0
0
0
-99
-99
0
0
0
0
0
0
1.1
0
0
0
0
0
0
0
0
0
0
0
0
0
0
0
0
0
0
0
0
-99
0
0
0
0
0
0
0
0
7.8
0
0
-99
0
0
0
0
0
0
0
0
0
0
-99
0
0
0
0
0
4.9
0
2.3
0
0
0
-99
0
-99
2
0
0
0
0
17
-99
0
0
0
0
-99
0
0
0
13.2
0
0
0
0
0
1
-99
3.4
0
0
0
0
2.6
0
0
0
0
0
0
0
7.9
0.5
0
-99
0
28.8
0
0.1
-99
11.8
0
-99
7.4
0
0.9
0.5
0.5
0
0
13.7
13
0.4
0
0
2.6
0.6
0
0
0
1
2.5
6.4
4.5
0
0
0
0
0
0
0
0
0
0.1
0
0.3
7.8
0
0
0
0.1
5.7
0.4
-99
0
0
0
0
0
0
17
0
0
0
-99
1.2
0
0
0
0
1.4
5.1
0
-99
15.1
-99
0.6
0
0
0
0
0
0.3
1.3
-99
1.3
0
0
0
16.7
0.4
0
6.5
18.5
12
0
0
0
0
1.8
0
0
0
2
6
0
0
0
0
0
0
1.1
0
0
0.5
23.6
0.8
0
3.7
0
0
0
0
21.5
0.5
-99
8.1
0
0
0
0
0
0
0
0
0
0
0
0
0
0
0
0
0
0
0
0
0
0
0
0
0
-99
0.2
0
0
0
0
0
0
0
0
0
0
0
0
0
0
0
0
0
0
0
0
0
0
0
0
0
0
0
0
0
0
0
0
0
0
0
0
0
0
0
-99
0
0
0
0
0
0
0
0
0
0
0
0
0
0
0
0
0
0
0
0
0
