20050101
0
0
0
0
0.3
0.1
0
0
0
0
0
0
0
0.1
0
0
0
0
0
0
0
0
0
0
0
0
0
0
0
0
0
0
0
0
0
0
0
0
0
0.2
0
0
0
0
0
0.3
-99
0
0
0
0
0
4.4
0
-99
0
0
0
0
2.5
0
0
0
0
0
0
0
0
0
0
0
0
0
0
0
0
0
0
0
0
0
-99
0
0
0
0
0
0
0
0
0
0
0
0
0
0.2
0
1.5
3.8
0
0
0
0
0
0
0
0
0
11.8
0
0
0
0
0
0
0
0
0
0
0
0
0
0
0
6
0
0.9
0
0
4.4
0.9
0
0
0
0
11
66.7
0
0
0
-99
7.1
0
0
0
0
0
0
0
31.6
0.6
70.1
1.1
0
0
0
9.4
0
3.2
21.3
0
0
0
5.5
7.3
0
0
3.4
0
0
0
4.1
0
0
0
-99
4.4
3.6
0
13.4
0
0
0
0
0
0
0
0
0
22.2
2.7
2.4
0.1
7
0.3
0
0
0
0
0.9
0
0
0
0
2.6
0
0
9
0
0
0
28.8
17.1
0
0
0
0
4.3
0
17.4
20.6
38.6
0
0
0
0
0
0
26.4
0
0
0
0
0
0
0
-99
0
0
0
0
0
0
0.4
-99
0
0
0
0
0
0
0
0
0
0
0
0
0.4
23
0
0
0
0
0
0
0
0
0
0
0
0
11.1
3.9
0
0
0
0
0
0
2.3
0
0
0
0
0
0.4
0
0
0
0
0
0
0
0.3
0
0
0
0
0
2.9
0
0
0
0
0
0
0
0
0
0
0
0
0
0
0
0
0
0
0
0
0
0
0
0
0
0
0
0
0
0
0
0
0
0
0
-99
3
0
0
0
0
0
0
0
0
0
0
0
0
0
0
0
0
0.9
0
0
0
0
0
0
0
-99
1.6
0
0
0
0
0
0
0
0
0
0
0
0
0
4.2
0.1
0
0
0
-99
0
0
0
0
0
0
0
0
0
0
0
-99
0
0
0
0
0
0
0
7.7
-99
0
0
0
0
0
0
0
0
0
0
0
0
0
0
0
0
0.4
2.7
0
0
0.4
0
0
0
10.1
0
0
0
0
0
0
0.1
0
0
0
0
0
0
0
0
0
0
-99
0
0
0
0
0
0
0
0
0
6.5
0
0
0
0
1.5
0
0
0
0.4
0
0
0
0
-99
0
0.2
1.5
0
0
0
0
0
0
0
4.4
0
0
0
0
0
0
0
0
0
0
0
0
0
-99
0
-99
0
0
0
0
-99
0
-99
-99
31.8
0
0
0
0
-99
0.3
0
0
0
0
0
0
0
0
0
0
2.5
0
0.4
1.4
0
0
2.1
23.7
2.4
0
0
0
0
0
0
0
0
0
2.6
4.6
0
0
80.1
0
0
0
0
0
33.2
0
0
0
0
-99
0
0
8
30.8
0
0
0
17.9
0
-99
0
0
0
9.5
4.7
0
0
0
-99
75.6
0
3.7
0
0
29.7
0
0
0
0
0
0
0
0
6.5
0
-99
0
0
0
0
0
0
0
0
0
0
97.2
0
0
3.7
0
0
0
0
0.7
0.3
0
0
0
4
0
0
0
0
0
0
0
0
0
0
0
0
0
0
0
0
2.5
1.3
0
0
0
0
0
0
0
0
0
0
0
0.8
0
0
0
0
-99
0
0
-99
0
0
0
0
0
-99
0
0
0
0
0
0
0
0
0
0
0
0
0
0
0
0
0
0
-99
0
0
0
0
0
0
0
0
0
0
0
0
0
0
2.5
3.2
0
0
0
0
0
0
0
0
0
0.2
0
0
0
0
0
0
0
0
0
0
0
0
0
-99
0
0
0
0
0
0
0
0
0
0
-99
0
0
0
0
0
0
0
0
0
0
0
0
0
0
0
0
0
0
0
0
0
0
0
0
0
0
0
0
0
0
0
0
0
0
0
0
0
0
0
0
0
0
0
0
0
0
0
0
0
0
0
0
0
0
0.2
0
-99
0
0
6
0.3
0
22.2
0
0
0
0
0
0
0
0
0
0
0
0
0
0
6.6
0
0
0
0.2
0.1
0
0
0
0.2
3.6
0.2
-99
0.3
0.1
0
0
0
0
0
0
0
0.1
0
15.9
0
0
0
0
0
0
0
-99
1.4
0
0
0
0
0
0
0
0
0
0.5
0
0
0
0.2
0
0
0
2.6
0
6.6
1.3
0
0
1.2
13.9
1.7
0.5
0
0
0
9.6
18.7
1
0.6
0
0
1.3
0.6
0
9.5
7.2
0
0
0
0
0
0
0
0
0
0
0
0
0
0
0
0
0
0
0
0
0
0
0
0
0
8.7
6.1
0.9
46.1
50.6
0
0
22.6
0
0
-99
5.2
-99
2
0.1
0
0
0
0
0
0
81.3
0
0
0
0
0
0
0
0
0
2.7
2.9
0
8.9
0
0
0
0
0
0
11.7
7.3
0
0
0
0.6
0
0
0
10.2
3.1
0
0
0
0
0
0
0
0
9.9
0
0
0
0
0
0
1.2
0
0
0
0
0
0
0
0
0
0
4.2
22.3
0
0
0
0.5
0
-99
0
0
0
0
0
0
0.7
0
0
0
21.3
0
0
0
18.1
40.5
0.7
0
0
0
0
0
0.7
0
0
0
0
1.1
0
0
0
0
0
0
0
0
12.9
1.3
0
0
0
0
0
0
0
0
0
0
0.1
0
0
0
0
0
0.3
0
0
0
0
0
0
0
0
0
0
0
0
0
0
0
0
0
0
0
0
0
0
0
0
0
3.7
0
0
0
0
0
0
0
0
0
0
0
0
0
0
0
0
-99
4
0
0
0
0
0
0
0
0
0
0
0
0
0
0
0
0
0
0
0
-99
0
0
0
0
0
0
0
0
0
0
0
0
0
0
0
0
0
0
0
0
0
0
0
0
0
0
0
0
0
0
0
0
0
0
0
0
0
0
-99
0
0
0
0
0
0
0
0
0
0
0
0
0
0
0
0
0
0
0
0
0
6.7
0
0
0
0
0
0
0
0
0
2.1
3.7
0
0
1.3
5.1
0
0
0
2
0
0
0
2.4
1.8
0
0
0
0
0
0
0
0
2
19.4
2.3
0
0
30.2
0
0.9
0
0
0
0
0
-99
12.2
0
0
0
0
0
0
4.2
9.1
0
0
0
0
0.1
0
0
0
0
0
0
0.1
0
0
0
0
0
0
0
0.1
0
0
0.3
0
0
0.2
0
0
0
0
0
0
0
0
0
0.4
0.2
0
0
0
0
27.6
19.7
0.6
4.8
1.8
1
0.9
0.5
21.1
2.6
0
0
58.1
0
0
17.7
1
0
0.1
0
0
0
88.7
0
0
0
0
0
18.1
0
0
0
0
0
0
0
29.6
0
14
14.9
0
0
0
0
0
0
0
0
0
4.3
0
0
0
0
0
0.5
-99
0.1
0
1
6.5
0
0
0
0
0.7
0
0
1.3
0.4
0
0
0
0
1.2
0
23
0
-99
30.4
0
0
0
0
0
0
0
0
0
0
0
13.1
0
0.3
0
0
0
0
0
0
0
0
0
0
8.5
0
0
0.6
0
0.6
0
0
0
0
0
0.1
0
0
0
0
4.5
0
4.7
0
0
0
0
0
0
0
0
0
0
0
0
0
0
0
0
0
0
0
0
-99
0
0
0.1
0
0
0
0
0
0
0
0
0
0
0
0
0
0
0
0
0
0
0
0
0
0
0
1.2
0
0
0
0
0
0
0
0
0
0
-99
0
0
0
0
0
0
0
0
0
0
0
0
0
0
0
0
0
0
0
0
0
0
0
0
0
0
0
0
0
0
0
1.7
0
0
0
0
0
0
0
0
0
0
0
0
0
0
0
0
0
0
0
0
6.6
19.8
0
0
0
0
4.4
2.4
0
0
0
0
-99
0
0
0
0
0
0
0
-99
3.9
0
0
0
0
0
0
4.6
0
0
0
0
0
0
0
0
1.6
0
0
-99
0
0
0
0
0
0
0.5
0
0
0
0
0
0
0
0
0
0
0
0
1.7
0
5.5
0
0
0
19.9
0.7
0
0
0.2
12.9
0
0
0
8.8
0
0
10.4
0
0
0
0
0
0
0
43.6
0
0
0
0
0
0
0
0.3
0
0
0
0
8.1
0
0
0
0
0
0
0
0
0
-99
0
0.4
3.4
0.8
-99
0.2
21.4
2.3
0
0
0
0.3
0.4
3.5
6.5
0
0
64.6
0
0
0
0
0
0
0
0
16.4
0
0
12.2
0.1
0
0
0
51
0.2
0
0
0
-99
0
0.1
4.6
0
0
22.1
0
0
13.3
0
0.4
4.1
6.4
3.7
0
0
0
0
0
0
0
21.3
0
0
0
7.7
0
0
0
0
0
0
0
0
0
0
3
0
7.4
0
0
0
0
0
-99
0.6
0
0
0
0
0
0
0
0
41.9
7.2
0.2
0
0
0
0
0
0
0
0
0
0
0
0
0
18.8
0
0
0
0
0
11.6
0
0
0
0
24
0
0
0
0
0
0
0
0
0
0
0
-99
0
0
0
0
0
0
0
0
0
0
0
0
0
0
0
0
0
14.1
0
0
0
0
0
0
0
0
0
-99
0
8.5
-99
0
0
0
0
0
0
0
0
0
0
0
0
0
0
0
0
0
0
-99
0
0.3
0.1
0
0
0
0
0
0
0
0
0
0
0
0
0
0
0
0
0
0
0
0
0
0
0
-99
-99
0
0
0
6.5
2.8
0
0
0
0
-99
0
0
0
0
0
0
0
0
0
0
0
0
0
0
0
0
0
0
0
0
0
0
0
0
0
0
0
0
3.9
0
0
0
0
0
0
0
0
0
0.1
0
0
0
0
0
0
-99
0
0
1
0.1
0
0
0
0
0.9
0
0
0
0
0
0
0
0
3.2
1.8
0
0
0
0
0.1
0
0
0
0
0
0
0
0
0
0
0
-99
0
0
0
-99
0
0
0
0.2
0
0
0
0
0
0
1.6
0
0
1.9
0
0
0
0
0
0
1.7
-99
0
0
0
0
0
-99
17.5
19.2
0.2
0
0
5.8
0
0
0
0
0
0.2
2.3
40.5
4.8
0
0
0
0
0
0
0
0
0
7.8
1
1.3
-99
0
0
0
0
0
0
0
0
0
0.3
0.4
0
0
11
0
2.5
0
0
0
0
0
0
0
0
0
0
0
0
0
0
11
1.6
0
0
0
0
0
0
0
19
-99
0.6
3.5
0
9.5
2.2
0
0
24.2
76.2
0.7
0
0.1
0
0
0.1
0
0
0
0
16.7
0.4
0
0
46.6
117.3
0
0
30.1
0.1
0
0
0
0
0
0
0
0
0
8.3
9.5
48.7
33.9
0
0
0
0
0
0
1.2
0
0
0
0
15.3
0
0
0
0
0
0
0
0
0
0
0
-99
4.1
12.7
17.5
0
1.2
15.6
0
0
0
0
0
0
0
0
0
0
12.9
1.2
0
0
0
0
0
0
0
3.6
0
0
0
0
0
0
3.6
1.2
0
0
0
0
0
0
0
0
0
0
0
0
0
0
0
0
0
0
-99
0
0
0
0.4
0
0
0
0
0
0
0
0
0
0
0
0
0
0
0
0
0
0
0
0
0.2
0
0
0
0
0
0
0
0
0
0.1
0.1
0
0
0
0
0
0
0
0
0
0
0
0
0
0
0
-99
0
0
0
0
0
0
0
0
0
0
0
0
0
0
0
0
0
0
0
0
0
0
0
0
0
0
0
0
0
0
0
0
0
0
0
0
0
0
0
0
0
0
-99
1.4
0
0
0
0
0
0
0
0
0
0
0
0
0
0
0
0.6
0
0
0
0
0
0
0
0
0
0
0
0
0
0
0
0
0
0
0
0
0
0
0
0
0
0
0
0
0
0
0
0
0
0
0
0
0
0
0
0
0
0.3
0
0
0
-99
0
0
1.2
0
0
0
8.1
0.7
2.6
0
0
0.7
0
0
4.3
1.3
0
0
0
0.4
4.3
-99
0
1.1
9.7
0.6
0
0
0
0
0
0
0
0
0
0
0
0
0
0
0
0
0.1
0
0
2
1.4
0
0
0
0
0
0
0
40.7
0
0
3.5
0
0
0
0
2
73.6
0
0
0
0
0
8.1
0.2
0
0
-99
0
-99
0.2
5.6
0.5
0
0
0
0
9
0
0
0
0
0
0
-99
0
0.7
0.4
0
22.5
11.3
2.5
0
0.3
0
102.1
0
37.2
0
-99
126.4
0
0
12.2
0.4
0
0
7.4
8.4
3.1
0.7
0
0
0
0
0
5
39.8
0
0
0
0
0
0
0
0
0
0
16.4
0.2
0
0
0
8.4
0
0
0
0
0
0
0
0.6
0
2.4
0
0
0
0
0
0
0
0
0
0
0
0
0
0
0
0
0
-99
0
0
0
0
0
2
0
0
0
0
0
0
0
4.6
0.1
0
0
0
0
0
0
0
0
0.8
-99
0
0
0
0
0
0
0
0
0
0
0
1.2
0
0
0
0
0
0
0
0
0
0
0
27.3
7.6
0
0
0
0.8
0
0
0
0
0
0
0
0
0
0
-99
0
0
-99
0
0
0
0
0
0
0
0
0
0
0
0
0
0
0
0
0
0
0
0
0
0
0
0
0
0
-99
0
0
0
0
0
0
0
0
0
0
0
0
0
0
0
0
0
0
0
0
0
0
0
0
0
0
0
0
0.1
0
0
0
0
0.7
0
0
0
0
0
0
0
0
0
0
0
0
0
0
0
0
0.1
0
0
0
0
0
0
0
0
0
0
0
5.2
1.2
0
0
0
0
0
0
0
0
0
4.1
0
0.4
0
0
0
0
0.5
0
0
0
0
0
-99
0
0
0
8.1
0
0
0
0
0
0
0
0
-99
0
0
0
0
0
0
0
0
7.3
1.5
0
0
0
25.9
0
0
0
0
1.3
0
0
0
-99
0.7
0
0
0
0
0
0
0.1
0
3
0
0
0.4
0
0
0
0
0
0
0
0
0
0
0
-99
3.2
0
1.8
0
29.6
0.1
0.4
0
0
0.3
1.4
15.7
0
0
0
32.7
0
0
0
0
0
0
0
8.3
6.9
0
0
0
0
0.3
28
0
0
7.4
0
0
0
0
0
0
21.7
54.4
0
0
0
0
0
0
0
0
0
0
0
39.4
0
0
0
43.6
0
68.9
44.6
0
27.5
104.4
60.7
40
183.8
0
0
0
0
26.1
0
0
24.9
0
1.4
0.1
0
0
1
0.6
0
0.9
0
0
0
0
0.1
50.5
0
0
0
0
0
7.9
16.7
0.8
0
0
16.8
0
0
0
0.8
31.8
1.7
0
0
0
0
0
0
0
-99
0
0.1
0
0
5.8
10
0
0
0
0
0
0
0
0
0
0
0
0.4
0
0
0
0
0
0
2.7
0
0
0
0
1.6
5.2
0
0
0
0
33.5
0
0
0
0
0
0
14
63.9
2.2
0
0
0
0
8.4
8.6
0
0
0
0
1.7
0
0
0
0
0
0.7
0
0
0
0
0
0
0
0
-99
-99
0.3
0
0
0
0
0
0
0
0
0
0
1.1
0
0
0
0
0
0
-99
0
0
0
0
0
0
-99
6.4
0
0
0
0
0
0
0
0
0
0
0
0
0.5
0
0
0
0
0
0
0
0
0
0
0
0
0
0
-99
-99
0
0
0
0.2
0.4
0
1.5
-99
-99
0
0
0
0
0
-99
0
0
0
0
0
0
0
0
0
0
0
0
0
0
0
0
1.1
0
0
0
0
0
0
0
0
0
0
0
9.5
0
0
0
0
0
0
0
0
0
0
0.5
0
0
0
0
0
0
0
0
12.9
0
0
0
3.9
0
0
2.9
0
0
0
0
0
0
0
0
0
0
0
0
0
0
0
0
0
0
0
0.5
0
0
0
0
0.1
0
0
0
0
0
5.8
0
0
0
0
0
0
0
0
0
0
0
0
0
0
0
0
4.8
1.6
0
0
0
0
0
0
0
0.9
21
1.1
0
0
0
0.1
7.1
-99
0
0
0
0
8.6
14.8
0.1
0
0
0.3
0
0
19.8
3.9
1.8
0
18.7
0.1
22.3
22.5
0
0
2.1
0
0.3
0.1
93
1.6
0.2
0
0
0
1.4
48.9
0
-99
2.4
0
0
0
0.9
0
0
0
1.9
0.6
0
1.2
0
0.1
0.1
48.2
0
9.7
0
1
6.5
0
0
0
28
0
0
0
15.3
0.1
0
0
0
1.6
0
0
0
0
0
0
30.5
0.8
0
0.8
2.9
27.8
0
1.5
7.7
5.4
0
0
0.1
0
0
0
0
2.5
0
0
0.8
0
0
0
0
40.6
16.4
-99
0
0
0
0
0
0
30.7
0
0
0
0
0
0
0
0
0
0
0
12.7
17.1
0
0
0
0
0
0
0
0
4.1
0
0
0
0
9.6
0.1
0
0
0
0
0
0
0
0
0
0
0.8
0
0
0
0
0
0
0
0
0
0
0
0
0
0
0.1
0
0
0
0
0
0
0
0
0
0
0
0
0
0
0
0
0
0
0
0
0
0
0
0
0
0
0
0
0
0
0
0
0
0
0
0
0
0
0
0
0
0
0
0
0
0
0
0
0
0
0
0
3.6
0
0
0
0
0
0
0
0
0
0
0
0
0
0
0
0.1
0
0
0
0
0
0
0
0
0
0
0
0
0
0
0
0
0
0
0
0
0
0
0
0
0
3.1
0
0
0
0
2.7
0
0
0
0
0
0
0
0
0
0
0
0
0
0
0
0
0
0
0
0
0
0
0
6.4
-99
0
0
0.1
0
0
0
0
0
0
0
0
0
-99
0
0
0
0
0
0.1
0
0.4
0
0
0
0
0.2
0
0.7
0
0
0
0
0
8.8
0.7
0
0
0
12.4
0
0
0
37.8
1
0
0
0
0
0
0
0.7
0
0
0
0
23.5
0.1
0
0
0
0
0
0
0
1
0
0
0
-99
25.6
0
0
3.1
0.2
1
0
0
0
0
0
0
0
1.3
0
2.2
0
0
0
10.6
1.9
0
0
0
0
23.2
0
0
0
0
0
1.5
0
0
0
0
-99
0
0
8.4
5.1
0
0
0
0.8
0
0
0
0
0
0
0
0
0
0
0
0
0
2.6
0
0
0
0
0
3.9
2.9
0
0
9.8
0
2.6
22.2
6.9
0
0
0.2
-99
0
13.3
0
0
0
0
5.7
0.8
0
0
8.1
0.3
0
0
0
0
0
0
0
0
0
0
0.1
0
0
0
0
0
23.2
0
0
7.1
1.2
0
14.1
0.2
0
0
0
3
20.4
0
4.3
0
0
0
0
0
0
0
0
0
0
0
0
0
0
0
0
0
0
0
0
0
0
0
0
0
2.9
2
0
0
0
0
0
0
0
0
0
0
0
0
0
0
0
0
0
0
0
0
0
0
0.2
0
0
0
0
0
0
-99
0
0
0
0
0
0
4.9
0.2
0
0.6
0
0
0
0
0
0
0
0
0
0
0
0
0
0
0
0
0
0
0
0
-99
