20050101
0
0
0
0
0.9
0
0
0
0
0.1
0
0
0
0
0
0
0
0
0
0
0
0
0
0
0
0
0
-99
0
0
0
0
0
0.2
0
-99
0.7
0.4
-99
0.2
0
0
0
0
0.8
3.8
0.2
3.2
0.3
0
0
0
-99
0
0
0
0
0
-99
0
-99
3.7
0.2
0
0
0
0
0
0
0
0
0
0.1
0.1
0
2.3
0
0
0
5.7
-99
0
0
0
0
0
0
0
0
0.6
2.2
0.5
0
0
0
0
0
5.3
3.4
0
0
0.2
0
0
0
0
0
0
0
-99
0
0
0
-99
0
0
0
0
0
0
0
0
0
0
10.7
0
0
0
0
1.1
0
0.8
0
0
-99
12.1
14.3
0
0
0
2.1
0
0
0
1.4
0
12.6
0
9.3
2
1.1
0
0
0
0
25.5
0
0
16.7
0
-99
0
0.1
0.5
0
0
0
0.5
0.2
2.4
0
0
0
29.5
0.1
-99
23
0
10.8
2
0
0
3.4
0
0
0
0
0
5.7
0
0
0
0
0.3
7.8
13
0
0.2
0.9
0.1
4.2
0.2
12.5
5.5
0.1
0
0
12.2
0
0
0
56
1
1
3.6
5
2.4
0
0
0
-99
0
0
41.7
0
6.2
-99
62.2
0.9
0
0
0
0
0
0
5.6
0
9.8
0
0
0
0
0
0
0
0
0
0
0.6
6.3
0
0
0
0
0
0.9
0
17
5.1
0
0
0
27
7.6
0
4.4
0.4
0
-99
0
1.2
9.2
0
0
0
0
0
0
-99
0
0
0
0
0
0.8
0
0
0
0
0
0
0
0.6
0
0
0
0
0
0
0.5
0
0
0
0
0
0
0
0
0
0
0
0
0
0
0
0
0
0
0
0
0
0
-99
0
0
0
0
0
0
0
0
1
0
0
0.1
0
0.9
0
0
0
0
0
0
0
0
0
0
0
0
0
0
0
0
-99
0
0
0
0
0
0
0
0
0
0
0.6
0
0
0.1
0.4
0
0
0
0
0
0
0
-99
0
0
0
0.1
0
0
5.1
4.5
0
0
0
0
0
0
-99
0
0
0
0.1
-99
0.8
0
0
0
0.9
0
0
0
0
0
0
0
0
0
0
0
0
0
0
0
0
0
0
0.1
-99
1.3
0.1
0
0
0
0
0
0
0
0
0
0
0.2
0
0
0
0
0
0
0
0
0
0
0
0
0
0
0
-99
0
0
0
0
-99
0
0
-99
0
5.6
0
0
0
0
4.8
9.1
0
0
0
0
0
0
0
0
0
0
0
0
0
0
0
0
0
0
0
0
0
10.6
0
0
-99
-99
21.5
0
7.1
3.5
2.1
0
0
-99
0
0
0
6
6.6
0
0
0
16.9
20.3
0
0
1.4
0.3
0
0
-99
0
4.2
0
0
0.6
0
0.8
0
-99
9.7
0
0
0
0
0
-99
5.5
11.3
0
0
0
0
2.4
0
3.5
38.5
0
0
0
0
11.8
0
0
0
11.5
17.7
5.1
41.1
0
0.1
1
5.2
5.6
0.1
0.1
3.9
0
0
0
-99
2.8
0.1
7.8
30.9
-99
0.3
0
26.8
5.6
0.5
3.1
27.7
0.3
0
0.5
23.1
0
16.1
0
0
0
20.1
9.9
0
0
0
0
2.2
0
0
0.8
0
0
12.5
0
0
3.2
0.7
12.6
0
0
0
3.5
12.1
0
0
0
2.6
0
0
0
1.8
0
1.9
0
1.8
0
0
0
0
0
0
0
2.1
5.6
0
0
0
0
0
0
0
0
0
0
0
12.8
7.7
0
0
0
8.7
0
0
0
0
0
0
0
0
3.1
0
0
2
0
0
0
0
0
0
0
0
0
0
0
0
0
0
0
0
0.1
0
0
0
0
0
0
0
0
0
0
0
0.3
2.8
3.8
6.7
0
3.6
0.4
0
0
0
0
0
0
0
0
0.2
0.3
0
0
0
0
0
0
0
0.2
0
0
0
0.9
0
0
0
0
0
0
0
0
0
1.5
0
0
0
0
0
-99
-99
0
0
0
0
0
0
0
0
0
0
0
0
0
0
0
0
0
-99
0.2
0.4
1
0
0
0
-99
0
0
0
0
0
0
14.9
0
0
0
0
0
0
0
0
0
0
0
0
0
0
0
0
0
0
0
-99
5.1
3.3
0
20.9
7.6
0
0
0
0
0
-99
0
0
0
0
0.4
2.2
1.8
4.3
1.1
0
0
0
1.1
0
0
0
0
0.4
0
0
0
0
0.9
0
0
0.6
0
0
0
0
0
0
0.8
0
-99
10.2
1.6
0
0
0
0
0
0
6.1
0
0
0
0
0
0
0.5
0
0
0.8
0
0
0
0
-99
0.3
0.3
2
0
0
0
0
-99
0
0
0
0
0.6
41.8
4.3
0.2
0
0
0
0
0
0
0.2
0
0
0
1.7
0
-99
0
0
0.8
-99
0
0
38.3
0
0
0
0
11.3
3.5
2
4.8
0
0.3
0
1.4
15.9
9.8
0
10.3
15.3
0
0
4.9
0
6.1
0.3
0
0.8
0.8
0
0
0.6
7.7
0.6
5.7
0
0
16.3
0
0
0.3
6.1
0.5
2.9
0
-99
0
-99
5.1
52.6
1.4
0.1
0.1
1.1
0
0
0.6
14.6
2.2
3.5
8.3
0
0
0
8.7
0
0
0
0
0
0
0
0
0
0
1.2
68.1
8.7
34.1
1.9
0
0
0
0
0
0
0
0
0
0
0
0
0
0
4.9
4.5
0
0
5.1
0.2
0
0
0
0
0
0
0
2.5
21.5
0
7.3
4.7
21.6
0
2.6
13.4
11.4
36.6
1
0
0
0.4
0
0
-99
0
0
0
0
0
0
0
0
0
0
0
0
0
0
0.5
0
0
0
0
0
0
0
0
0
-99
-99
0
0
0
0.5
-99
0
0
0
0
0
-99
0
0
0
0
0
0
0
0
0
0
0
0
0
0
0
0
-99
0
0
0
1.4
0
0
0
0
0
0
0
0
0
0
0
0
0
0.6
0
0
-99
0
0
0
0
0
0
0
0
0
0
0
0
0
0
0
0
0.1
-99
-99
-99
0.9
0
0.1
2.7
1.1
0.3
0
0
0
0
0
0.1
0
0
0
0
0
0
0.1
0
0
0
0
0
0
0
0
0
0
0
0
0
0.6
0
0
0
0
0
1.1
0.3
0
0
0
0
3.1
4.2
0
0
0
0
0
1.1
0.1
0
0
0.2
0
0
0
0
0
0
0
10.3
10.8
0.4
0
0
0
0
0
8.5
-99
0
0
0.4
0.6
0
0
-99
0.9
0
8.7
2.6
0
0
8.3
0
0
0.3
0.4
0
0
7.4
16.1
0
2.6
0.4
0
0
0
0
0
0
0
0
0
12.8
0
0
-99
2.2
0
4.5
-99
6.1
4.3
0
0
0
8.9
1
0
0
0
0
0
0
0
0
0
0
0
0
0
0
1.2
0
33.8
0
15.7
22.6
0
0
0.4
4.8
0.1
10.9
1.4
13.4
8.6
4.9
0.3
0
0
2.6
0
1.2
6.1
-99
0.7
1.1
38.3
5.2
7.3
4.2
20.4
0
0
25.2
3
0.1
0
0.2
0
0
1.3
0
0
22.9
5
0
12.3
1.1
0
0.5
2.7
0
0
0
0
0
0
0
-99
15.5
5.2
0.3
0
0
0
0
0
0
0
2.3
3.5
0
0.8
3.1
3.8
4.3
0
0.4
0.6
0
2.1
27.4
0
0
0
0.1
0
0.6
0
0.5
26.9
0
0
0
3.2
5.5
0
0.5
0.6
0
31.7
6.5
0
0
0
0
0
0
0
0
5.5
0
8.7
4
15.5
48.1
0
0
0
0
0
0
0
0
0
11.6
5.5
0
3.7
0
0
0
0
0
0
0
0
0
0
0.3
0
0.3
1.1
4.2
-99
0
0
0
0
0
0
0
0
0
0
0
0
0
0
0
-99
0
0
0
0
0.9
0
0
0
0.7
-99
0
0
0
0
0.2
1
0
0.4
0
0
0
0
0
0
0
0.3
0
0
0
0
0
0.2
0
0
0.7
0
0
0
0
0
0
0.4
0.5
0
0
0
0
0
0
0
0
0
0
0
0
-99
0
-99
0
0
-99
-99
0
0
0
0
0
0
0
-99
0.6
0
0
0
0.1
0
0
0
0
0
0
0
0
0
0
0
0.2
0
0
0
0
-99
0
0
0
3.7
-99
0
0
0
0.4
-99
3.8
0
0
0
-99
0
0.2
0
0
0
0
2.8
0.6
0.1
1.4
0
0
0
0
0
2.6
6.7
0
0
0
0
0
0
0
0
0.2
0
0
1.4
0
0
0
0
0.2
-99
0
0
0
0
0
0
0
0
0
0
3
2.1
0
0
1.8
0
0
0
2.1
1.7
0.2
0
0
2.8
-99
0
0
0
0
0
0
0
0
0
0
-99
0
0
3.4
1.8
3.1
8
0.2
0
10
3
3.5
0
0
0
0
7.5
0
0
0
0
0
0
12.4
0
0
0
0
0
-99
0
0
24
4.1
13.8
0
-99
0
0
0
0
0
11
0
6.3
0.6
0
0
0
0
0
0
6.5
0.3
0
0
0
0
0
0
-99
0
0.3
1.2
73.3
0.2
0
-99
-99
2.5
0.6
0
22.6
30.4
0
0
0
0
0.8
3.1
0.1
0
0
0.8
1.4
0.2
0
0
17.3
0
10.6
9
7.3
0.9
23.4
5.2
2.2
0
0
0
0
0
0
6.1
0
0
26.1
0
27.9
5.7
0
-99
7.2
2.2
0.2
0
1.1
0
0
0
0
0
7.4
5.6
21.3
36
4.7
0
9.4
0
0
0
0
0
0
0
0
5.1
0.6
0
0
0
3.4
0
0
0
0
0
-99
0
0
0
0
0
0
-99
0.7
0
0
5.2
0.7
0
0
-99
0
0
0
0
0
0
0
0
0
0
0
0
0
0
8.4
0
0.6
0
0
0
0
0
0
0
0
4.7
9
7.1
0
0
0
0
0
0
0
0
0
0
0
0
0
0
0
0
0
-99
0
1.9
0
2
0
0
0
0
0
0
0
0
0
0
0.5
0
0
0
0
0
0
0
0
0
0
0
0
0
0
0.9
0
0
0
1.5
0
0
0.3
-99
0
0
0
0
0.2
0
0
0
0
0
0
0
0.5
0
0.2
0
0
0
0
0
0
0
0
0
0
0
0
0
0
1.9
-99
0
0.4
2.7
2.8
0
0
2.5
0
0
0
0
0
0
0
0
0
0
0
0
0.9
7.8
0.6
0
-99
4.9
0
0.7
1.5
4.6
0
0
0
2.4
1.9
12.8
0
-99
2.3
0.2
0
0
0
0
0
0
-99
0
-99
0
4.1
5.3
0
0
0
0
0
0
0
0
0
0
0
6.9
1.4
0
0
1.8
0
0
0
0
9.6
9.1
0.1
0
0
4.8
4.4
0
0
0
0
0
0
0
7.7
8
0
0
4.5
3.1
0
0
0
0
1.8
0
1.1
4.5
15.3
0
0
0
0
0
0
0
1.1
21.2
1.5
0
-99
0
0.8
0.1
-99
0
2
0
0
0
0.2
1.6
-99
16.1
2.9
0
0
5.6
0
0
0.2
0
1.8
2.1
0
0
0
0
0
-99
0
4.4
14.6
0
0
0
0
0
0.3
0
9.1
0
7.6
0
1.2
0
3.3
0.3
11.8
0
0
0
0.4
13.6
0
0
0
0
0
0
0
0
0.1
1.2
0
0
5.7
0
0
0.9
11.5
0
1.6
52.6
0
5.9
0
0
0
0
25.7
2
0
46.5
0
0
0
0
0
7
2.6
0
2.3
4.2
10.5
0
2.2
10.7
0.1
0
10
1.1
0
0
0
0
0
0
0
0.1
0
46.1
11.8
5.8
18
0
0
0
-99
0
0
0
0
0
7.9
3.6
0.1
0
0
0
0
0
0
10.9
0.1
0
0
0
0
0
0
3.3
0
0
0
0
4.6
6.9
0
0
0.2
0
0
0
0
0
0
0
0
0
0
0.5
-99
0
0
0.6
0
0
-99
0
0
0
0
0
0
0
0
0
0
0
0
0
0
0
0
0
0
0
0
0
0
0
0
0
-99
0
0
-99
0
0
0
0
0
0
0
0
0
-99
0
0
0
0.1
0.3
0
-99
0
0
0
-99
0
0
0
0
0
-99
0
-99
0
0
0
0
0
0
0
0
0
0
0
0
0
0
0
0
0
-99
0
0
0
0
0
0
0
0
0
0
0.2
0.9
0
1.2
1.2
0
0
0
0.2
0
0
0
0
-99
0
0
2.2
5.8
2.3
0.1
0
0.1
0.1
0
0.2
0
0
0
0
0
0
0
0
1.7
0
0
0
0
-99
-99
0
0
0
0.3
0
0
0
0
0
0
0
9
5.1
0
0
-99
6.1
0
0
0
0
0
0
0
0
0
0
0
0
0
0
0.4
0.8
0.7
0
0
0
0
0
0.2
0
0
0
0
2.8
0
0
0
23.4
9.4
3.3
0
0
0
0
0
0
0
0
4.7
0
0
0
0
0
0
2.4
0
0
0
0
0.5
0
0
3.5
11
-99
10.5
0.5
0
0
-99
0
0
0
2.5
12.2
18
1
0
0
0
0
2.7
3.1
13
0
0
0.7
0
0
9.2
10.6
18.5
0.2
0
0
0
0
0
0
0.1
1.9
2.4
-99
0
0
5.6
0
11.6
9.1
16.1
0.2
0.5
0
2
0.2
15.9
0.1
0
65.2
1.1
0
0
0
0
0.1
2.8
0
0
0
24.1
0.2
10.8
5.8
0
0.7
34.2
0
4.7
11.4
0
0
0
0
0
0.2
34.1
24.1
0.9
4.6
0
5
0
0
0.9
12.1
0
0
0
-99
0.4
10
38.4
0
0.4
0
0
1.4
28.5
9.3
0
0
0
0
0
0
0
0
0
0
2
0
0
0
0
0
0.4
5
0
0
0
4.9
0
0
1.9
9.5
3.3
5.2
0
0
0
0
0
0
0
0.8
0
0
6
0
0
0
0
0
0
-99
7.4
5.6
1
0
0.8
18
0
0
0.8
0
0
0
0
0.2
5.7
0.4
0
0
0
0
0
0
0
0
0
0
9.2
0.1
0
0
0
0
0.3
0
0
0
0
0
0
0
0
0
0
0
0
0
-99
0.1
0
0
0
0
0
0
-99
0
0
0
0
0
0
0
0
0
0
0
0.1
0
0
0
0
0
0
0
0
0
0
-99
2.1
0.6
0
0
0
0
0
0
0
0
0
0
0
0
0
0
0
0
0
0
0
0
0
0
0
-99
0
0
0
0
0
0
0
0
0
0.3
0
0
0
0
0
0.9
0
3.1
0
2
0.8
0
0
0
1.5
0
0
0
0
4.1
1.2
0
0
0.7
0.9
0.9
7
7.7
0
0
0
0
0
3
0
0
0
-99
0
0
0
0
0
0
0
-99
-99
-99
0
0
0
0
0
0
1.8
0
0
0
0
16.9
0
0
0
0
0
0
0
0
1.4
0
0
0
-99
0
20.1
0.5
13.7
-99
0
0
0
0
0
0
0.7
4.5
5.7
1.1
0
0
1.3
0
0
0
8.3
0
12.6
3.8
-99
13.5
0
0
0
13.5
0
0.4
0
0
0
0
0
0
0
0
7
10.3
0
0
0
4.5
9.2
0
0
0.5
14.9
26.2
0
0
0
0
0
0
0
0
0.1
8.4
2.9
0
0
9.2
17
0
0
0
0
0
0.4
43.4
11.5
0
0
17.2
0.4
0
2.1
0.1
36.7
23.6
0
0
0
0
0
0
0
0
1.6
0
21.4
17.9
0
2.9
0
0
6.1
2.3
0
0
0
0
0
0
0
9.4
18.6
0
0
0
0
29.1
11.5
0
0
0
9.4
0.2
0
0
0
2.9
0
1.7
0
0
0.1
0
1.2
2.2
0
24.4
0.3
0.8
0
17.6
0
0
0
0
0
0
0
0
3.5
2.5
0
0
-99
2.2
0
0
0
0
0
9.7
11.5
0
0
0
0
6.7
0
0
0
0
0.3
0
0
0
0
0
0
0
12.6
0
0
0
0
0
-99
15.8
0
0
0
0
5.1
-99
0
0
0
0
0
0
0
0
0
0
0
0
0
0
1.3
0
0
0
-99
0.9
0
0
0
0
0
0
1.5
0
0
0
0
0
0
3.1
0
0
0
0
0
0
0
1.4
0
0
0
0
0
0
0
0
0
0
0
0
0
0
0
0
0
0
0
0
0
-99
5.7
1.1
0
1.1
0.2
0
0
0
0
0
0
0
0
0
4.3
0
2.5
0
0
0
0
0
-99
0
0
0
0
0
0
0
0
0
0
0
0
0
0
0
0
0
0
0
0
0
0
0
0
0
0
0
0
1.4
0
0
0
0
0.1
0
0
0
0
0
0
0
0
0
0
0
0
0
0
0
0
0
3.1
-99
0
0
-99
0
0.5
1.3
0
-99
0
0
0
0
0.3
12
0
0
0
0
0
0
0
0
0
0
0
0
0.1
0
0
0
0
0
3.1
-99
0
0
0
0
0
0
0
0
0
0.7
0
0
3.8
1.8
0
0
0
0
7.8
0
0
0
0.5
0
0.1
0
0
0
42.2
0.1
13.6
0.4
0
0
0
0
0
1.8
2.3
0
1.2
17.3
19.7
15.9
0
2.5
-99
5.8
0
0
29.9
0
42.3
2.4
0
0
0
0
0
23.7
27
12.3
3.6
-99
0
1.4
37.5
0
0
4.5
0
0
0
0
0
0
0
19.6
6.9
0
2.4
0
15.5
21.2
0.1
12.5
7.5
0.1
1.1
21.3
0
0
0
40
0
0
0
0
0
0
0
0
0.1
1.7
0
1.9
-99
0
0
0
9.5
0
0
0
0
-99
5.2
9.4
0.9
0
0
4.2
0.3
1.6
0
0
1.8
2.2
0
0.1
8
9
0
-99
8
1.1
43
0
0
0
0
0
0
0
10.8
0
0
0
0
-99
1.9
1
0
0
0
0
-99
2.8
0
0
0
0
0
0
0
0
0
0
0
0
-99
0
0
0
0
3.6
0
-99
0
0.2
0
0
0
4.9
0
0
0
0
0
0
0.5
0
0
0
0
0
0
0
0.1
1.6
1.6
0
0
0
0
0
0
0
0
0
0
0
-99
-99
0
0
0
0
0
0
-99
1.5
0
0
0
0
0
0
0
0
0
0
0
0
0
0
0
0
0
0
0
-99
-99
0
0
0
0
0
0
0
0
0
0
0
0
0
0
0
0
0
0
0
0
0
0
0
0
0
0
0
0
2.4
0.3
4.9
0.1
0
0
0
0
0.9
0.9
0
0
2.2
0.4
0.9
0
0
0
0
0
0
2.8
0
2.8
0
0
-99
-99
0
0
0.2
1.3
0
0
0
3
0
0
0
0
0
0.1
0.2
0
0
0
0
0
0
0
0
2.7
0
0
5.7
0
0
0
0
0
0
0
0
0
9
0.7
0.2
0
0
2.2
1.7
13.3
1.9
3.8
0
0
0
0
0
12.2
0
0
0
0
0
0.4
-99
0
-99
0
0
0
0
0
21.4
15.7
0
0
0
0
0
-99
0.7
0
0
0
0
1.3
7.1
0
0
0
0
0
0
0.2
0.9
0.2
0.1
2.4
0.3
6.5
0
0
0
0
0
0
1.8
2.5
1.5
0.2
16.2
1.4
8.3
2.1
12.1
3
0
0.8
0.3
0
0
0
8.7
4
0.3
1.5
9.6
0.2
0.1
0
1.1
6.9
16.8
0.5
7.7
2
-99
1.5
15
2.2
2.5
0
0
0.9
6.7
29.8
2.9
0
0
18.2
0
0
0
5.8
0
6.9
12.7
9
13.9
0.1
0.3
0
0
4.1
4.5
0
17.1
55.2
1.4
0
0
-99
0.2
0.2
0
1.4
1.9
0
0
0
0
0
4.6
0.2
25.5
13.3
14.5
9.8
0
0
0
0
4
0
12.4
3.7
18.8
9.6
0.3
10.4
0
8.2
0.5
0
0
0
0
0.3
42.2
0.6
0
0
0
11.1
0.1
1.4
8.2
0
6.1
4.7
0
0
0
0
0
0
0.1
4.9
0
0
0
0
0
0
0
0
0
0.8
0
0
0
0
0
0.1
3.2
4.2
3
0
0
0
0
0
0
2.6
0
0
0
0.3
1.2
0
0
0.4
0.8
0
0
1.2
0
0
0
2.5
0
0
0
1
0.2
0.2
0.6
0
0
0
0
0
0
0.7
0
0.8
0.6
0
0
0
0
0.8
0.5
0
0
0
0
0.1
0
0
0
0
0
0
0
0
1
1.2
