20050101
0
0
0
0
0
0
0
0
0
0
0
0
0
0
0
0
0
0
0
0
-99
-99
0
0
0
0.1
0.8
0
0
0
0
0
0
0
0
-99
1.3
-99
-99
-99
-99
0
0
-99
2.4
2.3
0
0.6
0
0
0
0
0
0
0
-99
0
0
0
0
0
0
0
0
0
0
0
0
0
0
0
0
-99
0
-99
0
0
0
0
2.3
0
0
0
0
0
0
0
-99
0
0
0
0
0
0
-99
0
0
18.1
0.2
0
0
0
0
0
0
0
0
0
3.5
0
0
0
0
0
0
0
0
0
0
-99
0
0
0
3.3
6.2
0
0
0
0
0
0
0
0
0
0
25.9
4.8
0
-99
0
0
0
0
0
0
0
0
0
-99
0
0
0
0
0
0
6.4
0.4
0
0
13.4
0
0
-99
0
0
0
0
0
0
0
0
0.4
-99
0
0
0.2
-99
0.2
0.3
8.4
0.6
0.2
16.4
0.2
-99
0
0
0
0
0.2
0
0
0.3
0
0
0
0
0.3
-99
-99
0
0
10.5
0
0
0
0
-99
0
0
1.6
36.7
0
0
41.7
0
0
-99
-99
0
0
0
0
0.1
0.6
0
0
58.4
58.8
0
0
0
0
0
14.8
-99
0
0
0
-99
3.3
0
0
0
0
0
0
0
0
3
0
0
0
0
0
0
-99
0.1
1.3
0
0.2
11.3
84.1
11.4
0
0
0
0.2
0
7.7
23.9
4.2
4.5
6.5
5.9
0
0
0
4.5
0
0
0
0
-99
0.2
0
0
0
0
0
0.2
6.3
1
0
0
0
0
0
0
0
0
0
0
0
0
0
0
0
0
0
0
0
0
0
0
0
2.8
0
0
0
0
0
0
0
0
0
0
0
0
0
0
0
0
0
0
0
0
0
0
0
0
0
0
0
0
0
0
0
0
0
0
0
0
0
0
0
0
0
0
0
0
-99
0
-99
0.2
0
0
0
0.1
-99
0
0
0
0
0
0
0
0
0
0
0
0.2
0.9
2.5
0.6
-99
0
0
0
0
0
0
0
0
-99
0
0
0
0
0
1.1
0
0
0
0
0
0
0
0
0
0
0
0
0
0
0
0
0
0
0
0
1.2
4.2
-99
0
0
0
0
0
0
0
-99
0
0
0
0
0
0
0
0
0
0
0
0
0
0
0
0
0
0
0
0
0
0
0
0
0
0
-99
0
0
0
0
0
0
-99
15.3
0
0
0
0
0
0
0
0
5.6
0
0
0
0.8
0
0
0
0
0
0
0
0
0.8
-99
0
0
0
1.9
0.4
11.5
0.8
0
0
0
0
-99
-99
0.3
15.1
21.2
0
0
12.5
27.6
6.2
0
0
0
0
0
0
0
4.3
0
0
0
0
0
-99
1.8
0
0
5.2
0
0
0
0
0
0
-99
21.6
0.1
0
0
26.1
0.3
0
11.9
0
0
0
-99
33.2
0
0
0
0
0
16
0
-99
0
19.7
0.9
0
-99
0
0
0
0.7
-99
5.1
0.2
13.6
12.5
0
0
0
1.8
0
4.9
3.9
-99
0
0
0
0
0
0
0
0
0
0
0
54.2
4.6
0
0
0
0
6.4
7.4
10
0
0
11.3
0.1
0
11.8
24.9
17.5
0.6
0.4
-99
0
23.6
0.2
0
-99
0
0
0
0
0
0
0.6
1
0
0
0
0.6
0
12.4
0.6
0
-99
2
0
1.7
0.1
0
0
0
0
0
0
0.4
0
13
-99
0
0
0
0
-99
0
0
1.3
0
-99
0
0
-99
0
0
0.3
0
0
0
0
0
0
0
0
0
0
0
0
0
0
0
0
0
0
0
0
0
0
0
0
0
0
0
0
0.3
8
0.2
10
0
0.4
0
0
0
0
0
0
0
0
0
0.3
0.1
0
0
0
0
0
0
0
0
0
0
0
0
0
0
0
0
0
0
0
0
1.3
1.1
0.3
0
-99
0
0
0
0
0
0
0
0
0
0
0
0
0
0
0
0
0
0
0
0
0
0
0
0
0
0
0
0
0
0
0
0
0
0
0
5.6
0
0
0
0
0
0
0
0
0
0
-99
0
0
0
0
0
-99
0
0
0
5.3
0.2
0
22
1.4
0
0
0
0
0.2
0
0
0
0
2.1
2.6
4.2
0.4
-99
0
0
0
0
0
0
0
0
0
0
0
0
0
0
0
0
0
0
0
0
0
0
0
-99
0
0
7.9
0.3
0
0
0
0
0
0
0
0.7
0.5
0
0
0
0
0
2
0
0
0
0
0
0
0
0
0.2
1.9
10.6
0
0
0
0
0
0
0
0
4.9
7.3
10.1
-99
-99
0
0
0
0
-99
6.8
0
0
0
0
0.1
0
0
0
0
0
0
0
0
33.5
-99
0
0
0
7.5
5
0.9
4.6
0.9
0
0
1.1
2.7
3
0
0.7
12.5
0
0.8
0
-99
0
0
0
10.3
2.5
0
0
0
1.1
0.5
0.1
0
0
17
13.4
1.3
0
0
0
2.4
0
12.9
-99
-99
52.1
39.8
0.8
0
0
0
0
0
0.2
11.2
0
-99
6.3
0
0
2.8
0
0
0
0
0
0
0
0
0
0
0.1
-99
0
7.6
0
58.2
39.2
15.8
0.1
0.3
0.1
0
0
0
0
0
0
0
0
0
1.1
0
0
0
-99
0
0
0
0
0
0
0
0
-99
14.6
6.4
16.4
13.1
1.4
0.2
3.1
4.1
0.7
1.4
7
0.5
0.9
5.8
1.9
0
0
0
0
0
0
-99
0
0
0
0
0
0.1
0
0
1
-99
0
0
0
0
0
0
0
0
0
0
0
0
0
0
-99
0
0
0.3
0.3
0
0
0
0
0
0
0
0
0
0
0
0
0
0
0.4
1.5
0
0
0
0
0
0
-99
1
0
0
0
0
0
0
0
0
0
0
0
0
0
-99
0
0.2
0.3
0
0
0
0
0
0
0
0
0
0
0
0
0
1.6
-99
2.2
0.6
0.2
0
-99
1.8
-99
1.2
0.5
0.2
0.1
0
0
0
0
0
-99
-99
0
0
0
0
0
0
0
0
0
0
0
0
0
0
0
0
0
0
0
0.4
0
0
0
0
0
3.1
1.1
0
0
0
0
0
0
0
0
0
0
0
0.4
0
0
0
1.7
0
0
0
0
0
0
0
0.4
6.4
0
0
0
0
0
0
4.3
0
0
0
-99
0
0
0
0
0
0
4.6
7.6
0
0.7
9.1
0
0
0
0
0
0.3
5.8
12.7
0
-99
0
0
0
0
0
0
0
0
0
-99
2.6
0
0
0
-99
5.1
1.9
0
-99
0
0
0
5.9
0.5
4.8
0
0
0
0
0
0
-99
0
-99
0
0
0
0
0
0
0
4
0
0
0.5
0
0
-99
0.7
0.3
0
1.2
0
0
4
0
0
0.2
0
0
-99
0.5
0
0
0
3.6
41.5
1.9
3.2
3.9
0
0
0.9
16.2
0
0
0
0
0
0
1.2
0
15.6
2
0
3.6
1.7
-99
0
0
0
0
0
0
0
0
0
0
0
0
0
0
0.7
0
-99
-99
0
0
-99
0
0
0
12.2
32.8
0
-99
0.5
0
0
0.6
32.5
0
0
0
1
3.5
3.1
0
0
8.5
0
0
0
0
0
-99
0
1
-99
0.6
6.4
0
0
0
0
0
0
0
0.9
2
0
0.4
0
0
0
2.5
9.4
26.5
1.8
0
0
0
0
0
24
0.1
0
1
-99
0
0
0
0
0
0
0
0
0
0
0
-99
0
2.1
0
0
0
0
0
0
0
0
0
0
0
0
0
0
0
0
0
0
0
0
0
-99
2.7
-99
0
0
0
0
0
0
0
0
0
0
0
0
0
0
0
0
0
0
0
0
0
0
0
0
0
0
0
0
0
0
0
0
0
0
0
0
0
0
0
0
0
0
0
0
0
0
0
0
0
0
0
0
0
0
0
0
0
0
0
0
0
0
0
0
0
0
0
0
0
0
0
0
0
0
0
0
0
-99
3.3
-99
0
0
0
0
11.8
0
0
0
0
0
0
0
0
-99
0.8
0.9
0
0
0
-99
0
0.5
0.4
-99
0
0
0.3
-99
2.7
2
0
0
0
0
0
0.6
7.8
0
0
0
0
0
0
0
-99
2.4
0
0
0
0
0
0
0
0
0
-99
0
0.8
0.3
-99
0
0
0
0
0
0.4
-99
0
0
-99
0
0
0
0
3.2
0
0
0
2.8
0
0
0
0
0
0
0
0
0
0
0
0
0
0
-99
27.6
23.4
5.7
0
1.2
15.6
0.6
0.6
0
0
0
0
0
0
0
0
0
0
0.1
11.4
0
0
0
0
-99
-99
0
0
2.2
4
0.1
0
0
0
-99
-99
-99
0
0.2
0
3.7
4.9
0
-99
0
0
0
0
0
0.5
0
0
0
0
0
0
0
0
0
0.4
18.1
2.1
-99
0
0
9.2
0
0
0
7.2
0
0
15.9
0.7
-99
0
0
11.5
0
0.5
0
0.1
0
0
0
0.2
0
0.2
9.8
-99
0
0
0.9
0
0
0
0
0
0
4.6
7.1
0
0.7
0.1
2.3
6.4
0
0
0
4.3
0
-99
20.1
0
0
0
0
0
0.2
8.6
8.5
-99
4.7
1.6
0
1.2
0
1.4
0.5
0
0
0
0
17.3
14.4
0
0
0
0
0
0
0
0
0
0
0
0
0.5
0
0
0
1.8
-99
0
0.4
3.3
1.4
0
0
0
0
0
0
0
0
0
0
0
0
0
1
0
0
0
-99
7.9
0
0
0
0
0
0
-99
0
0.1
2.7
21.3
6
0
0
0
0
0
0
0
0
0
0
0
0
0
0
0
1.1
-99
0
0
0
0
0
0
0
0.9
-99
-99
0
0
0
0
0
0.9
-99
0
0
0
0
0
0
0
0
0
0
0
0
0
0
0
0
0
0
0
0
0
0
0
0
0
0
0
0
0
0
0
0
0
-99
0.6
-99
0
0
0
0
0
0
0
0
0
0
0
0
0
0
0
-99
-99
0
0.2
1.2
1.9
0.1
0
-99
-99
0
0
0
0
0
0
0
0
0
0
0
-99
5.6
-99
0
-99
0.3
0
0
0
0.2
0
0
0
0
0
2
0
0
0.4
2.6
0
0
0
0
0
0
0
0
0
0
0.6
0.2
-99
-99
0
0
0
0
0
0
0
0
0
1
3
0
6
0
0
0
0
0.2
4.2
7.5
-99
0
0
0.6
-99
0.1
0
0
0
0
0
0
38.9
0.2
0
0
0
0
0
0
0
0
0
0
0.6
5.7
0
0
0
0
0
0
0
0
0.4
12.9
0.6
6
0
0
3
28.6
-99
0
0.6
0
0
0
4.8
0.3
0
-99
0
0
0
0
0
0
0
-99
0
5
0
0.9
0
2
0
0
0
12.5
3
3.6
-99
0
-99
0
0
14.7
2
6.4
0
0
0
0
1.9
0
0
18
7.2
0
0
0
0
1.4
0
0
0
0
0
0
0
5.3
0
0
2.7
-99
0
0
0
18.2
12.6
0
1
15.8
7.7
0
0
0
0
15.2
22.1
12.8
0.3
4.6
0.6
0
1.5
8.3
7.6
0
0
1.4
0
5
0.2
0.8
0.2
12.3
11.4
0.8
0.1
-99
0
0
0
0
0
-99
0
0
0
-99
8.2
0
0
0
0.1
0
0
0
0
0
1.6
0.3
0
0
0
0
0
0
0
1.8
0.6
-99
0
0
0
0
0
0
0
0
0
0
0
3.6
2.7
0
0
0
0
0
0
0
1.1
0
0
0
0
0
0
0
0
0
0
0
0
0
0
0
0
0
0
0
0
0
0
0
0
0
0
0
0
0
0
0
0
0
0
0
0
0
0
0
0
0
0.1
0
0
0
0
0
0
0
0
0
-99
0
0
0
0
0
0
0
0
0
-99
0
0
0
0
0
0
0
0
0
0
0
0
0
0
0
0
0
0
0
0
0
0
0
-99
0.4
0
0
0
0
0
0
0
0
0
0
0
1
1.1
0
-99
1.5
0
0
0.6
0
0
0
0
0
0
0
0
0
0.9
4.2
7.4
0.7
0
0
0
0
0
0
0
0
0
0
0
0
-99
0
0
0
0
0.1
1.9
0
0
0
0
0
0
0
0
0
0
0
-99
0.8
0
0
0
3.3
0
0
0
0
0
0
0
0
0
0
0
0
0
1.4
7.5
0
0
0
0
0
0
0
0
0
0
0
0
0
0
0
0
0
32.2
16.6
0
0
0
0
0
0
0
0
-99
19
5
0
0
0
0
0
-99
0
0
0
0
0
0
0
0
0
3.6
0.4
0
0
0.2
0
0
0
0
3.7
0
0
0
0
0
0
-99
12.4
0.1
0.4
0
0.8
0
0
0
0
18.2
32.6
0.6
3.6
0.5
0
0
0
0
3.5
-99
0
-99
0
0
0.7
7.4
0
0.2
0
0
0
3
0
0
0
0
29.1
-99
0
2.7
33.6
0.6
0
0
0
0
0
0.6
2.6
0
0
0
0
0
0.5
15.7
26.9
45
0.2
0
0
0
0
-99
16.4
0.4
0
0
0
0
0.5
2.1
1.8
2.9
0.3
1.7
9
0
0
8.9
11.8
13.3
9.6
0
0
3.1
20.5
6.6
1.7
0
0
0
0
0
0
0
3.5
4.2
0
0
0
0.4
0
0
0
0
0
0
8.2
11.3
8
2.1
4
0
0
0
0
0
0
0
0
4.4
4.9
0.1
0
0.9
0
0
0
0
0
0
0
0.3
3.1
0.5
-99
19.5
0.8
0
0
0
0
0
0
0
1.1
9.5
5.1
0
0
0
0
0
0
-99
0.2
0
1.5
18
0
0
0
0
1.2
1.3
-99
0
0
0
0
0
0
0
0
0
0
0
0
0
0
0
0
0
0
0
0
0
0
0
0
0
0
0
0
0
0
0
-99
-99
0
0
0
0
0
0
0
0
0
0
0
2.9
0
0
0
0
0
0
0
0
0
0
0
0
0
0
0
0
0
0
0
0
0
0
-99
0
0
0
0
0
0
0
0
0
0
0
0
0
0.6
0
0
0
0.4
0.2
-99
0
0
0
0
0
0
0
0
0
0
0
0
0
0
0
2
0.1
3.6
5.9
0.5
0
0
0
0
0
-99
0
0
0
0
0
0
0
0
0
0
0
5.2
0
8.6
0
0
0
0
0
0
0.6
0
0.7
0
0
5.4
0
0
0
0
0
0
0
0
0
0
0
0
0
0
0
0
-99
1.4
0
0
0
0
0
0
-99
0
-99
0.5
0.5
9.5
0
0
0
0
0.7
0
0
3.5
0
0
0
0
0
7.8
0.5
0
0.3
0
0
0
0
0
0
0
0
0
0
4.5
0
0
9.7
4.5
0.5
0
0
30.3
0
0
0
4.6
-99
0
0
1.9
0.1
56.5
5.2
-99
0
25.7
3.5
0.1
0
0
0
0
0
0.2
1.5
0
-99
0.5
0.1
-99
0
0
0
69.7
1.5
2.8
0
0
3.3
0
0
0
10.1
0
0
1.5
0.1
23.4
0
0
0
24.2
0
0
0
0
0
0
0
0
0
0
0
0
0
4.1
1.2
0
0
15.9
7.2
0
0
0
4.8
12.4
0
0
0
0
0
0
0.9
7.3
0
0.7
0
0
0
1
3
0
0
0
0
0
0
0
5.6
5.7
0
0
0
0.4
0
0
0
0
0
0.3
0.4
0
0
0
0
5.3
0
0
0
0
-99
0
0
-99
0
0
0
0
5.3
0
0
0
0
0
0
6.3
0
0
0
0
0.7
1.3
0
0
0
0
0
0
0
0
0
0
0
0
0
0
0.8
0
0
0
0
0
0
0
0
0
0
0
2.7
0.1
0
0.2
0
0
0
1.9
2.1
0
0
0
0
0
0
0
0
0
0
0
0
0
0
0
0
0
0
0
0
0
0
0
0
0
0
0
0
0
1
0.7
0
0
0
0
0
0
0
0
0
0
0
0
3.8
0
1.8
0
0
0
0
0
2.5
0.1
0
0
0
0
0
0.6
0
0
0
0
0
0
0
0
0
0
0
0
0
0
0
0
0
0
0
0
0
0
0
0
0
0.1
4.5
0
0
0
0
0
0
0
0
0
0
0
0
0
0
0.2
0
-99
-99
8.2
0
0
0
0
0
0
0
0
0
0
0
0
0
9
-99
0
0.7
0
0
0
0
-99
0.3
0
0
0
-99
0
0
0
0
-99
1.5
0.1
0
0
0
0
0
0
0
-99
1.4
0
0
0
2.1
9.5
1.9
0.9
12.9
0
8.3
0
0
0
0.3
0
-99
-99
0
0
0.4
0
22.1
8.1
0.8
0
0
0
0
0
0
17.2
0
0.1
0.9
7.9
0
2
17
3.6
0
0
0
0
0
6.7
0
60.3
0
0
0
0
97.4
51.5
8
8.4
85.5
0.8
18.2
-99
0
23.9
12.8
0
0
8.2
23.6
0
0
0.2
0
0
1.5
0
0
9.2
0
0.4
0
0
0
32.3
2.9
0
0
5.2
4
0
0
0
5.6
0
0
0
0
0
0
0
0
-99
0
1.8
1
0
0
0
0
0
0
0.8
0.1
0
0
0.3
0.9
-99
0
0
0
0
0
0
0
0
-99
2
8.4
0
9.6
0.3
0
0
0
0
0
0
-99
0
0.9
0
0
0
0
0
0
0
0
0
0
18.1
0
0
0
0
0
0
0
0
0
0
0
0
0
6.4
0
0
3.8
6.9
0
0
0
0
0
0
0
-99
0
0
0
-99
0
0
0
0
0
0
0
0
0
0
1.1
0
0
0
0
0
0
0
0
0
0
0
0
0
0
0
0
0
0
0
0
0
0
0
-99
0
0
0
0
0
0
0
0
0
0
0
0
0
0
0
0
0
0
0
0
0
0
0
0
0
0
0
0
0
0
0
0
0
0
0
0
0
0
0
0
0
0
0
0
0
0
0
2.6
2
1.5
1.3
0
-99
0
0
0
0
0
0
0
0.6
0
0
0
0
0
0
0
0
0.2
0.2
0.8
0
0
0
0
0
0
0.2
0.4
0
0
0
0.6
0
0
0
0
0
0
0
0
0
0
0
0
0
0
0
2.9
0
0
1.1
0
0
2.8
0
0
0
0
0
0
0.1
11.9
0.2
0
0
21.9
0.4
8.5
8.9
4.5
-99
1.9
0
0
0
2.8
0
0
0.1
0
0
0
0
0
0
0
0
0
0
0
11.9
2
0
0
0
0
0
0
0
0
0
0
0
0.6
11
0
0
0
0
0
0
0
0
0
0
0
0
0
0
0
0
0
0
0
5.2
0
0
0
18
6.5
15.6
0.6
-99
0
0.1
0
0
0
3.7
3.7
2.9
0.5
18.3
5.2
0
25.1
0.2
0
0
6
11.5
11.4
0
17.4
0
-99
0
0
0
0
0
0
0
3.3
8.5
0
0
0
0
0
18
0
0
0
0
0
0
19.8
28.4
9.4
6.1
4.8
0
4
2.4
0.9
0
0
0
11.3
13.7
4.2
0
0
0
0
0
0
0
0
0
0
0.2
0
0
1.3
0
0
0
0
8.7
0
0
0
22.5
4.5
-99
21
12.7
28.4
9.4
0
0
0
0
0
-99
0
0
0
0
10
0
0
2.7
0
0
-99
0
0
0
0
0
0
0
2
0.2
0
0
0
0
0
1
0
0
0
0
0
0
0
0
0
0
0
-99
0
0
0
0
0
0
0
1.8
0
0
0.2
0
0
0
1
0
0
0
0
0
0
0
0.8
0
1.2
0
0
0
0
0
0
0
0
0
0
0
0
0
0
-99
0
0
0
0
0
0
0
0
0
0
0
0
0
0
0
0
0
0
0
0
0
