20050101
0
0
0
0
1.3
0
0
0
0
0
0
0
0
0
0
0
0
0
0
0
0
0
0
0
0
0
0
0
0
0
0
0
0
-99
0
0
0.4
0.2
-99
-99
0
0
0
0
0
1
0.2
2.3
-99
0
0
0
0
0
-99
0
0
0
1.1
0
0
-99
0
0
0
0
0
0
0
0
0
0
0
0
0
-99
0
0
0
0.3
0
-99
0
0
0
0
0
0
0
0.2
3.1
0
0
0
0
0
0
3.1
3.4
0
0
0
0
0
0
0
0
0
0.3
-99
0
0
0
0
0
0
0
0
0
0
0
0
0
0
23.7
0
0
0
0
1.9
0
-99
0.3
0
0
12
19.7
0
0
0
2.4
0
0
0
0.8
0
12.3
0
9.2
0
3
0
0
0
0
13.2
0
0
1.7
-99
0.5
0
0
1.1
0
0
-99
4.3
0.3
-99
0
0
0
-99
1.9
-99
9.3
0.1
14.5
0.5
0
0
-99
0
0
0
0
-99
1
0.4
0
0
0.7
1.1
5.7
0
0
0
8.9
0
27.4
15.1
33.2
4.6
0
0
0
4.1
0
0
-99
11.8
0
-99
17.6
2.4
0.5
0
0
0
-99
0
0
10.4
0
0
16.3
23.7
1.8
0
0
0
0
0
0
6.7
5
2.4
0.4
0
0
0
0
0
0
0
0
0
0
1.1
0
0
0
0
0
3.7
0
2.1
1.2
0
0
0
42.2
3.2
0
13.2
0
0
0
0
0
0.8
0
0
0
0
0
0
0.9
3.3
0
0
0
0
-99
0.5
0
0
0
0
0
0
-99
0.2
0
0
0
0
0
1.1
0
0
0
0
0
0
0
0
0
0
0
0
0
0
0
0
0
0
0
0
0
0
0
0
0
0
0
0
0
0
0
0
0
0
0
0
0
0
0
0
0
0
0
0
0
0
0
0
0
0
0
0
0
0
0
0
0
0
0
0
0
0
0
0
0.6
0
0
0
0
0
0
0
0
0
0
0
0
0
0
0
0
0
-99
-99
6.2
1
0
0
0
0
0
0
0
0
0
-99
0
0
0
0
0
0.5
0
0
0
0
0
0
0
0
0
0
0
0
0
0
0
0
0
0
0
0
-99
0.5
0
0
0
0.1
0
0
0
0
0
0
0
0
0
0
0
0
0
0
0
0
0
0
0
0
0
0
-99
0
0
0
0
0
0
0
0
0
3.1
0
0
0
0
1.3
1
0
0
0
0
0
-99
0
0
0
0
0
0
0
0
0
0
0
0
0
0
0
2
0
0
-99
9.9
22.7
0
1.4
1
0
0
0
-99
0
0
0
-99
6.1
0
0
0
24
7.5
0
0
0
-99
1.3
0
8.6
0
0
0
0.2
0
0
0
0
7.6
5
0
0
0
0
0
0
1.5
3.9
0
0
0
25.9
14.2
0
-99
27.7
0
6.5
0
0
-99
0
0
0
0
0.1
2.3
31.7
0
2.9
-99
0.2
-99
0.3
-99
3.7
0
1.9
0
0
24
1.2
1
27.6
0
0.8
0
6.8
1.5
5.1
-99
0.5
2.2
0
0
0
0.2
13.6
1
0
10.7
8.6
0.5
0
0
-99
-99
0.4
0
0
0
0
0
19.2
0
0
0.5
0.1
6.5
0
0
0
0.5
1
0
0
0
2.1
0
0
0
0
0
-99
0
-99
0
0
0
0
0
0
0
2.9
0.7
0
0
0
0
0
0
0
0
0
0.8
0
0.3
7.7
0
0
0
0
0.2
0
0
0
0
0
0.4
0
1.7
1
0
0
0
0
0
0
0
0
0
0
0
0
0
0
0
0
0
0
0.4
0
0
0
0
0
0
0
0
0
0
0
-99
0.1
0.6
2
0
-99
0.2
0
0
0
0
0
0
0
0
0
-99
0
0
0
0
0
0
0
0
0
0
0
0
0
0
0
0
0
0
0
0
0
1.1
-99
0
0
0
0
0
0
0
0
0
0
0
0
0
0
0
0
0
0
0
0
0
0
0
0
0
0
0
0
0
0
0
0
0
0
0
0
0
0.2
0
0
0
0
0
0
0
0
0
0
0
0
0
0
0
0
0
0
0
-99
0.1
2.1
0
7.5
6.4
0
0
0
0
0
0
0
0
0
0
0
0.3
0
2.5
-99
0
0
0
1
0
0
0
0
2
0.6
0
0
0
-99
0
0
0
0
0
0
0
0
0
3.1
0
0
0.2
-99
0
0
0
0
0
0
5
0
0
0
0
0
0
11.9
0
-99
4.4
0
0
0
0
1.7
0
0
0.3
0
0
0
0
0
0
0
0
1
0
24.4
-99
0
0
0
0
0
0
0.9
1.2
0
0
0
0
0
0
0
0
0
0
0
0
33.2
0
0
0
0
4.5
6.6
3.8
2.1
0
0
0
1.9
17.8
4.8
3.1
7.2
18.8
1.2
0
13.4
0.7
0
-99
0
-99
0.5
0
0
0
0
0
0
0
0
18.6
0
0
0
1.6
0
0
0
0
0
0
-99
9.8
0.3
0
23.8
0
0
0
0.4
22.9
0
-99
1
0
0
0
0.3
0
0
0
0
0
0
8.2
-99
0
0
0.6
63.2
0
4.7
3.2
0
0
0
3.7
4.1
0
0
0.2
0.8
0
0
0
0
0
0.5
7
0
0
11.5
5.6
0
0
0
0
0
0
0
4.3
10.9
0
1.6
3
12.5
0
0.6
8.9
8.9
26
0
0
0
0
0
0
-99
0
0
0
0
0
0
0
0
0
0
0.5
0
0
-99
0
0
0
0
0
0
0
0
0
0
-99
0
0
0
0
-99
0
0
0.1
0
0
0
-99
0
0
0
0
0
0
0
0
0
0
0
0
0
0
0
0
0
0
0
0
0.5
0
0
0
0
0
0
0
0
0
0
0
0
0
0
0
0
0
0
0
0
0
0
0
0
0
0
0
0
0
0
-99
0
0
0
0
0
0
0.5
0
0
0.7
0.8
0.1
0
0
0
0
0
0
0
0
0
0
0
0
0
0
0
0
0
0
0
0
0
0
0
0
0
0
0
0
0
0
0.7
0
-99
0
0
0
0
0
0
0
0
0
0
0
0
-99
0.1
0
0
0
0
0
0
0
0
0
0
0.1
8.7
-99
0
0
0
0
0
3
-99
0
0
0.7
0
0
0
0
1.8
0
3.6
3.7
0
1.1
5.1
0
0
-99
-99
0
0
0.8
16.5
1.7
1.3
0
0
0
0
0
0
0
0
0
0
24.4
0
0
0
0.3
0
10
1.1
0.7
0.4
0
0
0
0
6.5
0
0
0
0
0
0
0
0
0
0.5
0
0
0
0
0
0.2
32.7
0.2
0
5.4
0
0
6.7
0.9
0
-99
0
11
0
2.2
0.5
0
4.1
2.8
0.7
1
3.2
-99
0
0
9.2
1.8
0.3
9.8
0.9
0
0
1.3
1
0
0
0
0
0
3.9
0
0
23.2
6
0
-99
4.2
16.5
0.1
0
0
0
0
0
0
0
0
-99
0
0.6
1.7
0
0
0
0
0
0
19.1
0
10.5
1.7
3.3
1.3
5
10.7
0
0
0
0
-99
33.1
0
0
12.3
1.5
11
8.4
0
14.1
18.4
0
0
0
0.2
9.6
0
0
14.6
0
20.1
5.9
0
0
0
0
0
2.3
14.6
0
0
0
24.1
1.4
9.7
30.3
0
0
0
0
0
0
0
0
0
2.3
1.5
0
-99
2.5
1.5
0
0
0
0
0
0
0
0
1
0
1.9
0.2
1
0.1
0
0
0
0
0
0
0
0
0
0
0
0
0
0
0
0
0
0
0
0
0
0
0
0
0
0
0
0
0
0
0
0
0
0
0
0
0
0
0
0
0
0
0
0
0
0
0
0
0
0
0
0
0
0
0
0
0
0.1
0.1
0
0
0
0
0
0
0
0
0
0
0
0
0
0
0
0
0
0
0
0
0
0
0
0
0
0
0
-99
0
0
0
0
0
0
0
0
0
0
0
0
0
0
0
0
0
0
0
0
0
0
0
0
0.5
-99
0
0
0
0
0
1.8
0
0
0
0
0
0
0
0
0
0
0
0
0
0.9
0
0
0
0
0
0
0.9
0
0
0
0
0
0
0
0
-99
0
0
2.1
0
0
0
0
-99
0
0
0
0
0
0
0
0
0
0
0
2.2
0.7
0
0
0
0
0
0
0
5.8
0
0
0
2.5
0
0
0
0
0
0.9
1.1
0.4
0
0
0
0
0
0
0
0.6
0.1
0
0
0
3.5
0.3
0
0
0
0
0
19.4
0
0
0
0
0
0
0.2
0
0
0
0
0
0
-99
0
15
30.2
26.5
0
0
0
0
-99
0.2
0
6.9
0
3.2
1
0
0
0
0
0
0
0.5
0.2
0
0
0
0
0
0
0
0.7
0.3
0
41.6
0
0
0.3
6
1.3
0
0
18.5
5.8
0.8
0
0
0
0
15.3
1.6
0
0
0
0
1.5
1.8
1.2
0.9
0
0
0
-99
0
0
0
0
0
0
0
0
0
0
3.8
2.8
0
20.4
0
13
0.5
0
2.5
5.7
0.3
6.5
0
0
0
0
0
0
0.2
2.6
4
30.2
16.7
1.5
0
2.5
0
0
0
0
0
0
0
0
1.8
3.5
0
0
0
0
0
0.8
0
0
0
3
0
0
0
0
0
0
0
1
0
0
0.7
1.4
0
0
0
0
0
0
0
0
0
0
0
0
0
0
0
0
0
3.7
1.8
0.3
0
0
0
0
0
0
0
2.2
1.8
8.5
7.9
0
0
0
0
0
0
0
0
0
0
0
0
0
0
0
0
0
0
0
0
0
0
0
0
0
0
0
0
0
0
0
0
0
0
0
0
0
0
0
0
0
0
0
0
0
0
-99
0
0
0
0
3.1
0
0
0.1
0.4
0
0
0
0
0
0
0
0
0
0
0
0
0
0
0
0
0
0
0
0
0
0
0
0
0
0
0
0
-99
0.2
0
0
0
0.2
0.2
0
0
-99
0
0
0.6
0
0
0
0
0
0
0
0
0
0.6
3.4
2
0
0
-99
0
0
-99
1.9
0
0
0
0
0.2
9
0
0
-99
0
0
-99
0
0
0
0
0
0
0
0
0
0.8
0
0
0
0
0
0
0
0
0
0
0
2.4
0
0
0
0
0
0
-99
0
0
5.1
-99
0
0
4.2
2.6
0.6
0
0
0
0
0
0
0.4
15.8
0
0
4.5
0.6
0
0
0
0
0.9
0
0.8
1.6
14.5
0
0
0
0.5
-99
0
0
0
9.5
0.4
0
0
0
0
3.7
0
0
0
0
0
0
0.3
4.6
5.3
0
6.3
0
0
12.4
26.8
1.5
0
0
0.8
0.4
0
0
0
0
0
9.8
0
2
11.1
0
0
0
0
0
-99
0
3.4
1.4
0.6
6.2
0.3
0
0.3
0
12.9
0
0
0
0
0
0
0
0
0
0
0
0
0
0
0.1
0
0
18.4
0
0
0.2
5.3
0
0
10.3
1.1
0.1
0
0
0
0
15.2
4.3
0
52.5
0
0
0
0
0
6.7
0.5
0
0
3.7
0.5
0
4.5
0
0
0
15.4
0.3
0
0
0
0
0
0
0
0
0.1
19.8
0.9
0.6
9.4
0
0
0
0.4
0
0
0
0
0
5.8
1.1
0
0
0
0
0
0
0
6.4
0.1
0
0
0
0
0
0
1.5
0
0
0
0
4.3
6.9
0
0
0
0
0
0
0
0
0
0
0
0
0
0
0
0
0
0.3
0
0
-99
0
0
0
0
0
0
0
0
0
0
0
0
0
0
0
0
0
0
0
0
0
0
0
0
0
-99
0
0
0
0
0
0
0
0
0
0
0
0
2.2
0
0
0
0
0
0
0
0
0
0
0
0
0
0
0
0
0
0
0
0
0
0
0
0
0
0
0
0
0
0
0
0
0
0
0
0
0
0
0
0
0
0
0
0
0
0
0
0
0.8
0
0
-99
0
0
-99
0
0
0
0
0
0
0
0
0
0.8
1.4
0.4
0
0
0
0
0
0
0
0
0
0
0
0
0
0.5
0
0
0
0
0
0
0
0
0
-99
0
0
0
0
0
0
0
2.2
4.8
0
0
0
0.5
0
0
0
0
0
0
0
0
0
0
0
0
0
0
1.2
1.1
0
0
-99
0
0
0
0.9
0
0
0
0
6.4
0.2
0
0
18.9
9.4
1.9
0
0
0
0
0
0
0.3
0
0.4
0
0
0
0
0
0.1
0.2
0
0
0
0
0.4
0
0
0
0
0.5
4.1
0
0
0
0.5
0
0
0
0
11.1
37.2
0
0
0
0
0
0.5
0.7
2.2
0
0
4.1
0
0
22.8
19.1
5.5
0
3.9
0.3
3.7
0
0
0
0
1
1.9
15.6
0.3
0
4.7
4.2
2.3
10.2
0.2
3.2
0.6
0
24.6
0.1
3.1
0
0
38.7
8.2
0
0
0
13.4
0.4
0
-99
0
0
0
5.7
0
0
4.5
0.1
2.7
0.1
12.7
7.3
0
0
0
0
0
0
11.5
0.7
0
0
-99
0
0
11
0
3.2
0
0
0
0
0.4
1.2
30
0
0.2
0
0
6.1
1.6
2.8
0
0
0
0
0
0
0
0
0
0
0.3
0
0
0
0
0
14.9
1.8
0
0
0
0.1
0
0
2.2
4.1
-99
2.3
0
0
0
0
0
0
0
0
0
0
2.4
0
0
0
0
0
0
0
0.1
0.1
1.4
0
0.1
2.2
0
0
0
0
0
0
0
0
5
1.3
0
0
0
-99
0
0
0
0
0
0
4.4
0
0
0.5
0
0
0
0
0
0
0
0
0
0
0
0
0
0
0
0
0
0
0
0
0
0
0
0
0
0
0
0.1
0
0
0
0
0
0
0
0
0
0
0
0
0
0
0
0
0
0
0
0
1.1
0.3
0
0
0
0
0
0
0
0
0
0
0
0
0
0
0
0
0
0
0
0
0
0
0
0
0
0
0
0
0
0
0
0
0
0
0
0
0
0
0
0.2
0.2
0.1
0.3
-99
0
0
0
0
0.8
0
0
0
0
0
0
0
0
1.1
1.2
-99
3.9
0.1
0
0
0
0
0
0.1
0
0
0
0
0
0
0
0
0
0
0
0.8
0
0
0
0
0
0
0
-99
0
0
1.7
0
0
12
0
0
0
0
0
0
0
0
0
0
0
0
-99
0
4.3
0
8.6
9.7
0
0
0
0
0
-99
0
30.2
0
1.4
0
0
3.3
0
0
0
3
0
12.3
14.6
1.5
3.2
0
0
0
7.8
0
0.9
1
0
0
0
0.2
0
0
0
1
-99
0
0.2
0.1
0
2.9
0
0
4.9
9.9
18.8
0
0
0
0
0
0
11.9
0
0
0
0.5
0
0.2
0.3
0
0
0
0
0
0
0
43
12.7
0
0
2.3
5.1
0
1.6
0
20.2
17.3
0
0
0
0
0
0
3.3
0.5
0
0
3.6
5.1
0
1.3
0.1
0
0
0
0
0
0
0
0
0
0
0
1.9
0
0
0
0
14.3
11
0
0
0
0
0
0
0
0
0.4
0
0.7
0
0
0
0
0
0
0
4.4
0
0.1
0
16
0
0.3
0
0
0
0
-99
0
0
0
0
0
0
1.6
0
0
0
0
0
1.9
4.2
0
0
0
0
3.9
0
0
0
0
0.1
0.2
0
0
0
0
0
0
8.8
0.6
0
0
0
0
0
7.9
0
0
0
0
1.6
0.5
0
0
0
0
0
0
0
0
0
0
0
0
0
0
0
0
0
-99
0.1
0.3
0.1
0
0
0
0
-99
0.3
1.8
0
0
0
0
0
-99
0
0
0
0
0
0
0
1.4
0
0
0
0
0
0
0
0
0
0
0
0
0
0
0
0
0
0
0
0
0
0
1.3
0.2
0
0
0
0
0
0
0
0
0
0
0
0
-99
0
-99
0
0
0
0
0.5
0
0
0
0
0
0
0
0
0
0
0
0
0
0
-99
0
0
0
0
0
0
0
0
0
0
0
0
0
0
1.5
0
0
0
0
-99
0
-99
0.3
0
0
0
0
0
0
0
0
0
0
0
0
0
0
2.8
1.8
0
0
0
0
0
0
0
0
0
0
0
0
0
2.5
0
0
0
0
0
0
0
0
0
0
0
0
0
0
2.2
0
0
0
0.3
1.5
0
0
0
0
0
0
0
0
0
0
0
0
0
4
0
0
0
0
4.2
0
0
0
0
0
0
0
0
0.4
18
0
8.1
0
0
0
0
0
0
0.3
5.4
0
0
1.3
7.8
10.8
1.6
18.9
-99
0
0
1.1
25.4
0
5.5
1.7
0
0.2
0
0
0
6
9.3
28.3
0.5
0
0
0
24.7
0
0
0
0
0
0
0
0
0
0
0.3
0.5
0
-99
0
15.9
7.2
3.8
33.2
10.8
0
0
17.2
0
0
0
29.3
5
0
0
0
0
0
0
0
0
1.2
0.7
1.4
0
0
0
0
6
0
0
0
3.2
0.7
7.4
7.4
1.2
0
0
4.1
0.6
2.4
0
0
12.6
0.1
0
0
18.5
13.7
5.5
0
1.5
0
15.7
0
0
0
0
0
0
0
4.3
0
0
0
0
0
0.2
3
0
0
0
0
0
3.9
0
0
0
0
0
0
0
0
0
0
0
0
0
0
0
0
0
-99
0
0
0
0
0
0
0
0
0
0
0
0
0
0
-99
0
0
0
0
0
0
0
0
-99
0
0
0
0
0
0
0
0
0
0
0
0
0
0
0
0
0
0
0
0
0
-99
0
0
0
0
0
0
0
0
0
0
0
0
0
0
0
0
0
0
0
0
0
0
0
0
0
0
0
0
0
0
0
0
0
0
0
0
0
0
0
0
0
0
0
0
0
0
0
0
0
0
0.3
3.6
0.2
0
0
0
0
0
0
0
0
0.1
0
0.1
0
0
0
0
0
0
0.2
0
0.3
0
0
0
0
0
0
0
0
0
0
0
0.3
0
0
0
0
0
0
0
0
0
0
0
0
0
0
0
1.4
0
0
0.7
0
0
0
0
0
0
0
0
0
0.6
0.2
0
0
0
0
-99
8.8
0
3.6
0
0
0
0.3
0
1.9
0.5
0
0
0
0
0
0
0
0
0
0
0
0
0
6.8
13.3
0
0
0
0
0
0.1
0
0
0
17.4
0
0
0.8
0
0
0
0
0
0
-99
0.2
0
0
1.3
0
11.2
0
0.3
0
0
0
0
0
9.6
1.6
9.1
13.1
0.5
0
1.3
9.2
12.3
0
9.1
0.1
0
0
0
0
0
0
2.2
0
0.6
0
0
0.7
0
0.4
0.1
0
0
0
9.6
13.8
3.4
5.3
0
0
0
3.2
7.9
0
0
0
0
0
0
0
7.2
0
0
0
19.2
18.6
0
0
0
0
0
1.5
0
11.3
4.7
5.2
0.7
0
0
9.7
0
0
0
0.2
0
0
0
0
0
6.6
14.9
0.1
3
15.9
32.6
0
0
0
0
3.3
0
0.5
0.5
13.5
8.3
0
0.4
0
0.5
0
0
0.5
0
0
0.1
44.1
0.1
0
0
0
2.4
0
0
15.9
0.8
3.9
3
0
0
0
0
0
0
0
0.8
0
0
0
0
0
0
0
0
0
0
0
0
0
0
0
0
0
2.8
0
0
0
0
0
0
0
0
0
0
0
0
0
0
0
-99
-99
0
0
0
0
0
0
0.1
0
0
0
0
0
0
-99
0
0
0
0
0
0
0
0
0
0
0
0
0
0
0
0
0
0
0
0
0
0
0
0
0
0
0
0
0
0
0
