20050101
0
0
0
0
1.5
-99
0
0
0
0
0
0
0
0
0
0
0
0
0
0
0
0
0
0
0
0
0
0
0
0
0
0
0
0
0
0
-99
0.4
-99
0
0
0
0
0
0.3
4.8
0.1
0.3
0.3
0
0
0
0
-99
-99
0
0
0
0
0
0
-99
0
0
0
0
0
0
0
0
0
0
0
0
0
0
0
0
0
0
0
0
0
0
0
0
0
0
0
0
0.1
0.7
0
0
0
0
0
5.7
5.9
0
0
0
0
0
0
0
0
0
-99
0
0
0
0
0
0
0
0
0
0
0
0
0
0
0
26.6
0
0
0
0
0.1
0
0
0.3
0
0
11.2
19.4
0
0
0
1
0
0
0
-99
0
-99
0
0.1
0
7.7
0
0
0
0
9.9
0.4
0
-99
5.2
0.1
0
0
0.6
5.6
-99
0
0.1
1.2
5
1.2
0
0
0
-99
0
7.4
-99
5.7
0.3
0
0
1
-99
0
0
0
0
0
0
-99
-99
-99
-99
0.2
16.3
28.6
13.3
12.4
0.1
0
0
-99
69.8
61.8
0
0
1.2
0
0
-99
3.3
4.8
0
5
0
0
0
22.3
0
-99
2.4
0
36.5
0.5
0
0
22.9
2.5
0
0
0
0
0
0
0
0
0
0
0
0
0
0
0
0.8
0
0
0
0
0
0
0
0
0
0
-99
0
6.4
4.2
0
0
0.6
20.2
5
0
-99
0.5
0
0
0
0
8.1
0
0
0
0
0
0
1.4
7.8
0
0
0
0
0.1
0.7
0
0
0
0
0
0
-99
0
0
0
0
0
0
-99
0
0
0
0
0
0
0
0
-99
0
0
0
0
0
0
0
0
0
0
0
0
0
0
0
0
0
0
0
0
0
0
0
0
0
0
0
0
0
0
0
0
0
0
0
0
0
0
0
0
0
0
0
0
0
0
0
0
0
0
0
0
0
0
-99
0
0
-99
-99
-99
0
0
0
0
0
0
-99
-99
-99
0
-99
0
0.2
-99
-99
0.2
0
0
0
0
0
0
0
0
0
0
-99
0
0
0
0
0
2
0
0
0
0
0
0
0
0
0
0
0
0
0
0
0
0
0
0
0
0
0
0.4
0
0
0
0
0
0
0
0
0
0
-99
0
0
0
0
0
0
0
0
0
0
0
0
0
0
0
-99
0
0
0
0
0.2
0
0
0
0
0.1
0
0
0
0
0
12.7
0
0
0
0
0
0
0
0
0
0
0.2
0
0
0
0
0
0
0
0
0
0
-99
0
0
0
-99
1.4
0
0.2
0.4
0
0
0
0
0.2
0
-99
0.7
2.5
-99
0
0
16.1
8
3.2
0
0
0
-99
0
-99
-99
0
0
0
5.4
0
0
0
-99
1.1
4.7
0
0
0
0
0
0
0.5
0
0
0
0.5
0.5
-99
0
15.8
0.9
29.2
-99
0
0
0
12.2
26.2
0
0
0
10.4
0
60.2
-99
4.4
-99
0.8
0
6.9
-99
0.3
0
0
10.2
3.8
0.4
9.2
-99
-99
0.1
-99
5.3
0
0
6.4
26.7
0
0
0
0
15.3
6.8
-99
0
7
11.8
0.1
0
0
0
0
0
6
1
0
0
3.3
0.7
0
1.1
1.7
0.6
0
0
0
0.2
2.8
0
0
0
0.1
0
0
0
0
0
0
0
0
0
0
0
0
0
0
0
-99
0.5
0
0
0
0
0
0
0
0
0
0
0
0
1.2
0
0
0
0
0
0
0
0.2
0
0
0
0
0.1
0
0
-99
0.1
0
0
0
0
0
0
0
0
0
0
0
0
0
0
0
0.1
0
0
0
0
0
0
0
0
0
0
0
0
0.6
1.6
6.2
0.7
0
0
0
0
0
0
0
0
0
0
0
0
0
0
0
-99
0
0
0
0
0
0
0
0
0
0
0
0
0
0
-99
0
0
4.3
-99
0
0
0
0
0
0
0
0
0
-99
0
0
0
0
0
0
0
0
0
0
0
0
0
0
-99
0
0
0
0
0
0
0
0
0
0
0
0
-99
0
0
0
0
0
0
0
0
0
0
0
0
0
0
0
0
0
0
0
0
0
3.1
0
16.7
21.5
0
0
0
0
0
0
0
0
0
0
0
0
0
1
-99
0
0
0
0.1
0
0
0
0
0.7
-99
0
0
0
0
0
0
0
0
0
0
0
0
0
-99
0
0
0
0
0
0
0
-99
4.9
0
0.1
0
0
0
0
0
0
0.5
0.1
0
-99
0
0
0
0
0
0.2
0
5.1
0
0
0
0
0
0
0
0
0.1
-99
37.9
0.4
0.2
0
0
0
0
0
0.7
1.6
0
0
0
0
0
0
0
0
0
0
0
0
0
0
0
0
0
-99
1.5
0.8
1.9
0
-99
0
0
24
18.7
0
63
21.5
0.6
0
3.6
0
0
0
-99
1.2
0.1
0
0
0
28.6
1.9
-99
0
0
12.4
0
0
0
0
-99
0
0
0
0
4.8
-99
36.4
64.4
0
16.5
0
0
9.7
0.4
3.7
-99
0
1.2
0
0
0
0
0
-99
0
0
0
0
0
0
0
0
0
8.3
4.2
0.1
0.1
-99
0
0
-99
13
0
0
0
0
0
0
0
0
0
75.5
7.9
0
0
3.1
3.6
0
0
0
0
0
0
0
0.3
1
0
0.9
0.6
24.7
-99
-99
7.8
17.7
13.4
0.7
0
0
0.6
0
0
0
0
0
0
0
0
0
0
0
0
0
-99
0
0
0
6.9
0
0
0
0
0
0
0
0
0
0
0
0
0
0
-99
0
0
0
0
0
0
0
0
0
0
0
0
0
0
0
0
0
0
0
0
0
0
0
0
0
0
0
3.1
0
0
0
0
0
0
0
0
0
-99
0
0
0
0
0
0
0
0
0
0
0
0
0
0
0
0
0
0
0
0
0
0
0
0
0
0
0
0.2
0
0
0
0
0.3
0
0
0
0
0
0
0
0
0
0
0
0
0
0
0
0
0
0
0
0
0
0
0
0
0
0
0
0
0
0
0
0
0
0
0
0
0
0
0
0
0
0
0
0
0
0
0
0
0
-99
0
0
0
0
0
0.7
0
0
6.3
0.3
3.8
0
0
0
0
1.7
0.7
0
0
-99
0
0
0
0
1.2
0
0
2.1
-99
2
0.5
0
0
0
0
0
0
-99
27.9
9
0.3
0
0
0
0
0
0
0
0
0
0
11.7
0
0
0
-99
0
9.4
0
14.5
-99
0
0
-99
-99
1.8
0
0
0
0
0
0
0
0
0
0
0
0
0
0
15.2
-99
20.7
0
-99
20
0
0
0
0
0
0
-99
21
0
-99
-99
0
0
0
7.6
0
21.9
-99
-99
0
4.6
14.4
1.7
0.2
3.3
0
0
0.1
8.3
-99
0
8.4
0
0
8.2
0
0
32.8
33.8
0
0
0
-99
0
0
0
0
0
0
0
0
0
5.4
0
3.6
0
0
0
0
0
0
0
0
0
62.1
-99
0
22
7.3
3.7
0
-99
-99
0
0
18.4
0
0
-99
3.1
17
-99
0
0
2.1
0
0
0
0
8.1
1.8
0
-99
-99
5.4
12.5
0
0
0
0
0
0
0.7
0
4.1
0
3
16.7
1.3
30.5
-99
0
0
0
0
0
0
0
0
3.3
8.4
0
0
0
0
0
0
0
0
0
0
-99
0
-99
0
0
1.5
0.3
5.4
0
0
0
0
0
0
0
0
0
0
0
0
0
0
0
0
0
0
0
0
0
0
0
0
0
0
0
0
0
0
0
0
0
0
0
0
0
0
0
0
0
0
0
0
0
0
0
-99
0
0
-99
0
0
0
0
0
0
0
0
0
0
0
0
0
0
0
0
0
0
0
0
0
0
0
0
0
0
0
0
0
0
0
0
0
0
0
0
0
0
0
0
0
0
0
0
0
0
0
-99
0
0
0
0
0
0
0
0
-99
0
0
0
5.2
1.2
0
0
0
0
0.1
4.4
0
0
0
0
0
0
0
0
0
0
0
0
0
1
0
0
0
0
0
0
0.4
0
0
0
0
0
0
0
0
0.5
0
0
17.5
0
0
0
0
0
0
0
0
0
0
0
0
0
0
0
0
0
0.1
0
-99
0.6
-99
0
0
-99
2.6
0
0
0
3.7
1.4
0
0
0
0
0
-99
-99
-99
0
0
0
0
0
-99
0.2
4.7
-99
-99
0
0.7
-99
-99
-99
0
0
0
2.4
8.9
0
0
0
0
0
0.2
0
0
0
0
0
0
0
0
14.8
1.3
29.8
0.4
0
0
0
-99
-99
0
26.4
0
-99
2
0
0
1.3
0
0
0
-99
-99
0
0
0
0
0
0
0
0
-99
0
19.3
0.4
0
0
0
0
1.2
0
12.3
59.3
0.1
0
1.7
0
0
20.7
28.5
0.1
0
0
0
0
-99
3.3
-99
2.5
0
4.6
1.3
3.4
19.2
0
0.1
0.3
0
0
0
0
0
6.3
35.8
0
31.5
0
6.4
5.9
0
-99
-99
19.4
0.3
0
0
0
0
0
0
-99
2.6
-99
17.5
6.5
0.8
0
0.3
0
0
0
0
0
0
0
0
-99
16.4
0
0
0
0
0
0.6
0
0
0
-99
-99
0
0
0
0
0
0
0.1
0
0
-99
-99
-99
0
0
0
0
0
0
0
0
0
0
0
0
0
0
0
0
1.1
3.2
6.5
0
0
0
0
0
0
0
0.5
-99
0.4
4.7
-99
-99
0
0
0
0
0
0
0
0
0
0
0
0
0
0
0
0
0
0
0
0
0
0
0
0
0
-99
0
0
0
0
0
0
0
0
0
0
0
0
0
0
0
0
0
0
0
0
0
0
-99
3.1
-99
0
0
0
0
0
0
0
0
0
0
0
0
0
0
0
0
0
0
0
0
0
0
0
0
0
0
0
0
-99
0
0
0
0.2
0.7
0
0.6
0
0
0
0
0
0
0
0
0
0
0
0
0
0
0
0
0
0
11
2.3
0
0
0.3
0
0
-99
3
-99
0
0
0
0
3.4
0
0
0
0
0.3
0
0
0
0
0
3.8
0
0
0
-99
1
-99
0
0
0
0
0
0
0
0
0
0
8.6
0.9
0
0
0
0
0
0
3.3
0
1.5
0.3
0
0
3.9
7.2
0
0
0
0
0
0
0
8.4
0.8
0
0
0
-99
0
0
0
0
0
0
0.1
3.1
5.8
0
0
0
0
0
-99
0
-99
0.1
24.5
0
0
0
0
13.9
0
0
0
0
0
0
-99
1.1
0
-99
0
11.2
0
0
6.5
6.2
0
0
-99
-99
0
0
0
0
0
0
0
0.1
15.2
0
0
0
0
0
0
-99
2.4
6
7.4
-99
-99
2.7
0.5
0
0
0
6.6
0.2
0
0
0
0
0
0
0
0
0
0
0.9
-99
0
0
9.7
0.2
0
0
5.1
-99
4.4
42.5
0.3
0.4
-99
0
0.2
0
10.2
37.8
0
41.2
1.5
0
0
0
0
-99
0
0
0
-99
4.9
0
12.1
0
0
0
0.5
-99
0
0
0
0
0
0
0
-99
5.4
12.2
5.7
0
26.9
0
0
0
0
0
0
0
0
0
-99
0.6
0
0
0
0
0
0
0
-99
2
0
0
0
0
0
0
3.3
-99
0
0
0
0
9.6
0
0
0
0
0
0
0
0
0
0
0
0
0
-99
0
0
0
0
0
0
0
0
0
0
0
0
0
0
0
0
0
0
0
0
0
0
0
0
0
0
0
0
0
0
0
0
0
0
0
-99
0
0
0
0
0
0
0
0
0
1.1
0
0
0
0
0
0
0
0
0
0
0
0
0
0
0
0
0
0
0
0
0
0
0
0
0
0
0
0
0
0
0
0
0
0
0
0
0
0
0
0
0
0
0
0
0
0
0
0
2
0
0
0.3
0
0
0
0
0
0
0
0
0
0
0
0
2.7
4
0
0
0
0
0
0
0
0
0
0
0
0
0
0
-99
0
0
0
0
0
0
0
0
0
0
0
0
0
0
0
0
0
-99
5.6
0
0
0
0
0
0
0
0
0
0
0.1
0
0
0
0
0
0
0
2.2
-99
0.2
0
-99
0
0
0
-99
-99
0
0
0
4.9
1.5
0
0
7.1
15.4
5.5
0
0
0
0
0
0
0
0
0.5
-99
0
0
0
0
0
0.3
0
0
-99
0.1
0
0
0
0
-99
0
-99
-99
0
0
3
-99
0
0
0
0.6
5.9
-99
0
0
0
0
0.9
29.7
14.1
0
0
0
0
0
-99
2.2
5.2
0.8
0
0
0
1
0
0
0.1
0
0
12.1
0
-99
12.6
0.2
4.2
4.7
-99
0
0
0
27.4
4.3
0
19.7
0
6.2
48.1
0
0
0
0
0
0
0
0
0
0
1.4
0
0
0
0
56.4
42
0.1
6.8
0
0
0
0
0
0
5.2
4.1
-99
0
0
0
0
8
1.6
1.5
0
0
0
0
0
0.7
19.3
0
0
0
0
0
6.7
5.4
0
0
0
0
0
0
0
0
0
0
-99
0
0
0.1
0
0
0
0.1
0
0
0
2.3
0
0
0
11.5
0.1
0
0
0
0
0
0
0
0
0.3
-99
0
0
0
0
0
0
0
0
0
0
2.1
0.2
0.2
0
0
0
0
0
0
0
0
0
-99
4.6
0.1
0
0
0
0
0
0
0
0
0
0
3.7
1.5
0
0.1
0
0
-99
0.1
0
0
0
0
0
0
0
0
0
0
0
0
0
0
0
0
0
0
0
0
0
0
0
0
0
0
0
0
0
0
0
0
0
0
0
0
0
0
0
0
0
0
0
0
0
0
0
0
0
0
0
0
0
0
0
0
0
0
0
0
0
0
0
0
0
0
0
0
0
0
0
0
0
0
0
0
0
0
0
0
0
0
0
0
0
-99
0
0
0
0
0
0
0
0
0
0
0
0
0
0
0.3
0
4.2
0.4
8.7
0
2.3
0
0
0
0
0
0
0
0
0
0
0
0
0
0
0
0
0
0
0
0
0
0
0
0
0
0
0
0.7
0.2
7.3
0
0
40.1
0
0
0
0
0
0
0
0
0
0
0
0
0
0
0
0
-99
4.6
0
0
0
0
0
0
0
0
0
0
0
0
-99
0
0
0
1.6
0
0
2.6
0
-99
0
0
0
0
0
2.8
-99
0
0
-99
-99
0
0
0
0
0
0.1
5.7
0
0
10.3
9.8
2.5
0
6.9
34.2
0
0
0
0
10.5
3.7
-99
0.3
0.6
10.6
6.6
0.1
0.4
15.4
19.2
0
0
0
0
0
0
2
40.6
0
0
0.7
8.2
0.3
0
0
43.6
50.7
5.4
0
0
0
0
0
0
3.7
0.6
0
0.2
35.6
0
1.1
0
0
1
5.8
0
-99
10.3
0
0
0
0
0
0.7
0
0
0
0
34.1
18.5
0
0
0
29.6
16.1
0
0
0
3.1
0
0
0
0
0
0
0
0
0
1.1
0
0
0
0.2
1.6
0
0
0
0
0
0
0
-99
0
0
0
0
0.1
0
0
0
0
0
0
0.4
0
0
0
0
4.5
0
0
0
0
-99
0.3
0
0
0
0
0
0
13
16.4
0
0
0
0
0
10.8
0
0
0
0
-99
3.8
0
0
0
0
0
0
0
0
0
0
0
0
0
0
0.1
0
0
0
0
0
0
0
0
0
0
-99
-99
4
0
1.1
0
0
0
0.1
0.1
0
0
0
0
0
0
0.4
1.5
0
0
0
0
0
0
0
0
0
0
0
0
0
0
0
-99
0
0
0
0
0
3.9
1.2
0
0
0
0
0
0
0
-99
0
-99
0
0
2.1
0
2.9
0
0
0
0
0
0
0
0
0
0
0.1
0
0
0
0
0
0
0
0
0
0
0
0
0
0
0
0
0
0
0
0
0
0
0
1.9
0
0
0
0
0
0
0
0.2
0
0
0
0
0
0
0
0
0
0
0
0
0
0
0
3.5
0
0
0
0
0
0
0
0
0
0
0
0
0
6.2
0.3
0
0
0
0
0
0
0
0
0
0
0
0
0
0
0
0
0
-99
-99
-99
0
0
0
0
0
0
0
0
0
0
0
-99
0
0
0
2.5
0.1
4.3
0
0
0
-99
-99
0
0
0
0
3.8
0
57.3
0.3
0
0
0
0
0
0
0
0.3
0
-99
8.5
28.4
0
8
2.4
6.2
0
0
1.5
0
0.3
10.7
0
2
1.7
0
0
-99
99.1
10.1
5.3
0
0
0
0.1
0.3
0
1.8
0.1
0
3.2
0
17.5
0
0
60.8
0
0
0.4
0
0
15.7
0
5.5
0
13.5
0
28.9
0.1
0
0
17.7
2.4
-99
26.6
18.1
39
0
0
0
0
0
0
0
0
-99
0
0
1
0
0
0
0
0
0
7
2.8
0
0
0
-99
0
0
0
-99
2.4
0
-99
2.3
4.6
0.3
0
1.1
0.6
43
0
0
0
0
0
0
0
0.6
0
0
0
0
0
0
0
0
0
0
0
1.9
5.6
0
0
0
0
0
0
0
0
0
0
0
0
0
-99
-99
0
0
0.1
0
0
0
0
0
0
0
1.3
0
0
0
0
0
0
0
0
0
0
0
0
0
0
0
0
0
0
0
0
0
0
0
0
0
0
0
0
0
0
0
0
0
0
0
0
0
-99
0
0
0
0
0
0
0
0
0
0
0
0
0
0
0
0
0
0
0
0
0
0
0
0
0
0
0
0
0
0
0
0
0
0
0
0
0
0
0
0
0
0
0
0
0
0
0
0
0
0
-99
4.5
0
0
0
0
0
0
0
0
0
0
0
0
0
0
0
0
0
0
0.5
1
0
0
0
0
0
0
0
0
0
0
0
0
0
0
0
0
0
0
0
0
0
0
0
0
0
0
0
0
-99
0
0
-99
0
0
0
0
0
0
0
0
0
0.1
-99
0
0
0
1.4
0
4
0
-99
0
0
0
0
0
-99
17.6
0
0
0
0
0
0
0
0
0
0
0
0
0
1.5
20.5
0
0
0
0
0
0
0
0
0
0
0
0
14.5
0
0
0
0
0
0
4.1
0.5
0
0
0
0
2.4
0
0
0
-99
17.9
0
0
0
0
0
0.2
0.1
9.4
0.6
0
1.7
0
0
1.9
0.1
0
0
0
0
0
0
-99
12.8
0
0
0
0
-99
0
0
-99
0
0
3.7
2.9
62.3
0
0.2
0.2
0
2.3
0
1.2
0
0
0
0
0
0.2
0
0
0
0
19.2
9.1
0.5
0
0
0
0
0
0
4.2
0.2
0
0
4.9
4
0
0
0
0
0
19
0
0
0
0.8
7.4
0
3.3
0
120.5
0
0
0
0
0
0
0
0
2.1
4.2
0
2.9
0
0.6
1
0
0
0
0
0
0.9
0
0
0
0
0
0
0
2.9
0.1
1.5
19.5
0
0
0
0
0
0
0
0.4
0
0
0
0
0
0
0
0
0
0
0
0
0
0
0
0
0
0.2
0
0
0
0
0
0
0
0
0
0
0
0
0
0
0
0
0
0
0
0
0
0
0
0.2
0
0
0
1.1
0.3
-99
-99
0
0
0
0
0
0
0
0
0
-99
0
0
0
0
0
0
0
0
0
0
0
0
0
0
0
0
0
0
0
0
0
