20050101
0
0
0
0
4
0
0
0
0
0
0
0
0
0
0
0
0
0
0
0
0
0
0
0
-99
0
0
0
0
0
0
0
0
0
0
0.1
1.1
0.1
0.4
0.3
0.1
0
0
0
1.4
5.8
0
1.2
-99
0
0
0
0
0
-99
-99
0
0
0
-99
0
0
0
0
0
0
0
0
0
2.1
0
0
-99
0
0
0
0
0
0
-99
0
0
0
0
0
0
0
0
0
0
-99
0
0
0
0
0
0
8.9
0.9
0
0
0
0
0
0
0
0
0
0
0
0
0
0
0
0
0
0
0
0
-99
0
0
-99
0
7.8
0
0
0
0
1.6
0
-99
0
0
0
15.6
13.7
0
0
0
0
0
0
0.8
0.5
0
0.7
0.8
4.9
-99
0.5
0.7
0
0
0
5.2
0
0
0
0.9
-99
-99
0.1
-99
0
0
0
0.1
-99
0.1
0
0
0
-99
1.6
-99
4.3
0.1
9.1
2.8
0
-99
15.8
0.2
0
0
0
0
-99
-99
0
0
0
2.4
5.2
-99
-99
0
1
11.3
-99
2
27.5
0.9
1.8
0
0
33
0
0
-99
4.4
8.6
27.3
7.6
0.1
0
0
3.7
-99
0
0
0.3
4.9
19
-99
0
47.7
10.8
0
0
0
0
0
1.5
0
0.6
0.7
0
0
0.8
0
0
0
0.4
0
0
0
0
2.2
0.2
0
0
0
0
0
1.6
7.3
1.7
0
0
4.4
41.6
15.2
0
0
0
11.6
0
0
0.4
8.7
-99
-99
0.9
-99
0
0
3.2
0
0
0
0
-99
-99
-99
0
0
0
0
-99
1.3
0.3
-99
0
0
0
0
0
0
0
0
0
0
0
0
0
0
0
0
0
0
0
0
0
0
0
0
0
0
0
0
0
0
0
0
0
0
0
0
0
0
0
0
0
0
0
0
0
0
0
0
0
0
0
0
0
0
0
0
0
0
0
0
0
0
0
0
0
0
0
-99
0
0
0.1
0
0
-99
1.7
-99
0
0
0
0
0
0
0
0
0
0
0
0.1
-99
1.4
0.5
0
0
0
0
0
0
0
0
-99
0.4
0
0
0
0
0
0
0
0
0
0
0
0
0
0
0
0
0
0
0
0
0
0
0
0
0
-99
-99
3.1
0.2
0
0
0
0
0
0
0
0
0
0
0
0
0
0
0
0
0
0
0
0
0
0
0
0
0
0
0
0
0
0
0
0
0
0
0
0
2.4
0
0
0
0
2.4
15.4
0
0
0
0
0
-99
0
0
0
0
0
0
0.1
0
0
0
0
0
0
0
0
-99
0.1
0
-99
-99
5.3
0
7.9
0.9
0
0
0
0
0
-99
0
18.8
8.7
0
0
12.8
23.5
5
-99
0
0
3.2
0
0
2.8
9.7
0
0
0
-99
0
-99
-99
0
0.8
2.2
0
0
0
0
0
0.1
1.9
0.1
0
0
1
3.3
0.2
0
26.4
0
0.3
-99
0.5
0.5
0
0.1
0
0
34.5
0.4
4.2
0
0
0.1
1.9
44.5
7.2
1.2
5.5
0.1
-99
0
0
-99
20.7
2.2
0.8
0.2
0
-99
0.5
29.2
3.8
0.7
7
0.4
0
0
0
1.5
-99
0
0
0
50.8
107.1
-99
0
0
0
0
5.1
5.7
9.7
0
0
27.3
0.1
0
25.3
6
52.7
0.1
0
0
1.7
8.4
0
0
-99
0
0
0
0
0
0
0.5
0
1
0
0
0
0.1
-99
0
0
0.1
-99
0
0
0
0
0
0
0
0
-99
0
0
0
0.6
0
0
0
0.1
0.3
0
0
0.1
-99
0
0
0.1
-99
0
0
-99
0
0
0
0
0
0
0
0
0
0
0
0
0
0
0
0
0
0
0
0
0
0
0
0
0
0
0
0
0.4
13.6
2.5
5.8
0
2.7
0
0
0
0
0
0
0
0
0
0
0.2
0
0
0
0
0
0
0
0
0
0
0
0
0
0
0
0
0
0
-99
-99
0
1.4
-99
0
0
0
0
0
0
0
0
0
0
-99
0
0
0
0
0
0
0
0
0
0
0
0
0
0
0
0
0
0
0
0
0
0
0
0
0
0
6.1
0
0
0
0
0
0
0
0
0
0
0
0
0
0
0
0
0
0
0
-99
3.7
2.5
0
29.2
5.5
0
0
0
0
0
0
0
0
0
0.1
0.2
-99
-99
-99
-99
0.6
0
0
-99
0
0
0
0
-99
0
0
0
0
0
0
0
0
0
0
0
0
0
-99
-99
0
4.5
21.3
0.1
0
0
0
0
0
0
1.2
0.1
0
0
0
0
-99
6.3
0.9
0
-99
0
0
0
0
-99
3.2
0.2
2.3
0
0
0
0
0
0
0
0
-99
0.4
29.3
-99
-99
0
0
0
0
0
-99
0
0
0
0
-99
0
1
0
0
0
0
0
0
29.6
0
0
0
0
4
9.9
3.2
3.6
0.2
-99
0
-99
0
-99
0
5.6
13.8
-99
-99
0
0
0
1.8
2
2.1
-99
0
0
0
-99
0.4
-99
0
0
0.4
9.4
-99
0
8
0.3
8.6
0
0.8
16
14.2
1.3
14.7
-99
0
0.7
-99
1.2
0
0
13
0
-99
4.6
0.2
-99
0
0
0
0
0
0
0
0
0
0
0
0
1.2
1.6
2.1
1.2
19.4
0.2
0.9
0
9.7
0
0
0
0
0
0
0
0
0
0
0.2
0.1
0
-99
0.5
0
0
0
0
0
0
0
0
6.9
13.3
11.5
25.1
3
6
-99
8.8
5.1
14.2
9.6
1.2
0
3
8.8
0
0
0
0
0
0
0
0
0
0
0
0
0
0
0
0
1.3
0
0
0
0
0
0
0
0
0
0
0
0
0
0
0
-99
0
0
0.9
0
0
0
0
0
0
0
0
0
0
0
0
0
0
0
0
0
0
0
0
0
0
0
0
2.8
0
0
0
0
0
0
0
0
0
0
0
0
0
0
0
0
0
0
0
0
0
0
0
0
0
0
0
0
0
0
0.1
-99
-99
0
0.1
0
-99
0.8
-99
2.1
1.4
0.9
0.1
0
0
0
0
0
-99
-99
0
0
0
0
0
-99
0
0
0
0
0
0
0
0
0
0
0
0
0
0.3
0
0
0
0
-99
2.3
-99
0
0
0
0
0
0
0
0
0
0
0
1.4
0.3
0
0
-99
0
0
0
0
0
0
0
0.1
5.9
0
0
0
0
0
0
5
0.3
0
0
0
0
0
0
-99
0
0
0.2
16
0.2
0.9
11.6
0
0
0
3.3
-99
-99
1.9
34
0.8
0.2
0
0
0
0
0
0
0
0
0
-99
0
0
0
0
4
1.6
15.7
0.4
6.7
-99
0
0
0
0
7.6
-99
0
0
0
0
-99
-99
0
0
0
0
0
0
0
0
0
8
-99
0.1
8
0
0
0
0
0
0
15.1
0.4
0.1
5.1
0
0
0
0
0
0
-99
0
0.2
0.9
7.6
6.5
13.7
1.5
42
0
0
19.8
3.7
0
0
0
0
0
16
0
0
21.4
6.9
0
5.1
0.6
0.5
-99
0
0
0
0
0
0
0
0
-99
-99
6.8
0
0
0
0
53.5
7.2
0
0
4
0.5
0
0.6
11.7
33.9
0.8
0
-99
0
0
1.5
14
0
0
0
17.1
0
6.8
8.3
0
4.9
0
0
0
0
1
0
1.5
0
0
13.1
4.5
0
0
0
0
0
0
0
0
0
0
0.3
1.9
12.8
1.4
5.4
0
8.7
1.4
0
0
0
0
0
12.8
0.2
0
0.5
0
0
0
0
0
0
0
0
0
0
0.1
0
0.2
6.1
0.1
0
0
0
0
0
0
0
0
0
0
0
0
0
0
0
0
0
0
0
0
-99
-99
0
0
0
0
0
0
0
0
0
0
0.1
0
0
0
0
0
0
0
0
0
0
0
0
0
0
0
0
0
0
0
0
0
0
0
0
0
0
0
0
0
0
0
0
0
0
0
0
0
0
0
0
0
0
0
0
0
0
0
0
0
0
0
0
0
0
0
0
0
0
0
0
0
0
0
0
0
0
0
0
0
0.1
-99
0
0
0
0
2.1
0
0
0
0.6
0
0
0
0
-99
1.6
2.5
0
0
0
0.5
0.1
0
0
0
0
0
0
0
0
-99
0
0
0
0
0
0
0.3
0
0
0
0
0
0
0
0
-99
0
0
1.6
0
0
0
0
0
0
-99
0
0
0
0
0
0
0
0
0
1.8
-99
0
0
1.8
4.1
0
0
0.3
2.5
-99
0
-99
0.4
-99
0
0
0
0
0
0
0
0
0
0
0
0
0
3.3
15.9
30.1
1.6
-99
0
7.6
1.4
4.5
0
0
0
0
0.9
0
0
0
0
0
-99
4.9
0
0
0
0
0
1
-99
0
6.1
0
-99
-99
0
0
1.7
0.9
0.9
0
9.7
11.3
5.8
-99
0
0
0
0
0
0
1.6
-99
0
0
0
0
0
0
0
0
2.7
-99
54.2
0.8
0
0.7
0
12.1
-99
-99
2.4
38.8
0
0
0.4
0
0
6.1
3.4
-99
0
11.9
0
0
3.3
0
20.9
-99
0
0.9
11.8
1
0.7
0
8
0
0
0
0
0
0
3.5
4.9
0
5.9
-99
37.4
39.2
0
0
0.9
50.5
0
0
13.2
0
0
0
0
0
25.6
-99
22.9
24.1
13.4
-99
8.9
0
0
0
0
0
0
0
0
10.1
2.7
0
0
0
0
0
-99
-99
0
0
0
0
0
0
-99
0
0
-99
4
0.1
-99
4.9
-99
0
0
-99
0
0
0
0
0
0
0
0
0
0
0
0
0
0
5.8
3.6
0
0
0
0
0
0
0
0
3.2
32.8
20.4
4.9
0
0
0
0
0
0
0
0
0
0
0
0
0
0
-99
0.2
0
0
0
0
0
-99
0
0
-99
0
0
0
0
0
0
0
0.9
0.2
0
0
0
0
0
0
0
0
0
0
0
0
0
0
0
0
-99
0.6
0
0
0
0
-99
0
0
0
0
0
0
0
0
0
0
0
-99
-99
0
0
0
0
0
0
0
0
0
0
0
0
0
0
-99
1
-99
0
0.8
2.8
1.8
0
0
-99
0.2
0
0
0
0
0
0
0
0
0
0
0.1
0
5.3
0.1
0
0
-99
0
0
0.8
3.5
0
0
0
0
0
1
0
0
0
-99
0
-99
0
0
0
0
-99
0
0
0
0.9
0.7
0
0
0
0
0
0
0
0
0
0
-99
6.8
4.1
0
-99
-99
0
0
0
0.2
7.1
10.9
-99
0
0
-99
0.6
-99
-99
0
0
0
0
4.9
3.2
3
0
0
0.1
0
0
0
0
0
-99
0
0.8
5.6
-99
0
0
-99
0
-99
-99
0
-99
10.1
0.6
-99
0
0
0.6
-99
0
0
0
-99
0
0
1.8
2.3
0
0.2
0
-99
0
0.4
0
0
0
0
0
0.4
0
0
0
8.6
0
0
0
-99
4.1
0
0
0
0
0
0.3
0
3.8
0.4
0
-99
0
0
1.7
0
1.3
-99
2.5
0
0.3
-99
0
-99
0
0
0
0
0
0
33.6
5.5
0
0
0.8
-99
0
0
2.3
1.4
41.2
1.8
2.6
0.9
0.1
0
0
0
6.7
25.1
-99
28.7
0.2
0
0
0
1.8
5.3
0
0
-99
24.2
0.2
6
-99
6.5
0.1
-99
31.4
1.8
0
0
0
0
0
0
0
0
0
0.2
38
0.3
9.9
0
0
0
0
0
0
0
0.3
0
0
-99
0
0
0
0
0
0
0
2.2
-99
0
0
0
0
-99
-99
0.3
0
-99
0.1
0.2
0
5
2.1
0
0
0
0
0
0
0
-99
0
0
0
0
0
0
0
0
0
0
0
0
0
0
0
0
0
0
0
0
0
0
0
0
0
0
0
0
0
0
0
0
0
0
0
0
0
0
0
0
0.5
0.6
0
0
0
0
0
0
0
0
-99
0.5
0
0
0
0
0
0
0
0
0
-99
0
0
0
0
0
0
0
0
0
0
0
0
0
0
0
0
0
0
0
0
0
0
0
-99
0.5
0
0
0
0
0
0
0
0
0
0
0
-99
1.5
0
0
1.1
0
0
-99
0
0
0
0
0
0
0
0
0
0.2
5.2
-99
0
0
0
0
0
0
0
0
0
0
0
0
0
-99
0
0
0
0
0
0
0
0
0
0
0
0
0
0
0
0
0
1.3
4.8
0
0
-99
5
0
0
0
0
0
0
0
0
0
0
0
0
0
0
0.2
0
0
0
0
0
0
0
-99
0
0
0
0
4.1
0.3
0
0
7.9
4.2
8.3
0
0
0
0
0
0
-99
0
-99
0.2
0
0
0
0
0
1.7
-99
0
0
0
0
0
0
0
-99
1.5
0.2
2.3
0
-99
-99
1.2
0
0
0
-99
13.2
34
0
0
0
0
0.6
2.8
12.9
8.1
0
0
0
0
0
7.7
26.9
6.8
0
0
0
0
0
0
0.5
0
0
46
0.2
0
20.5
0.1
1.4
8.1
-99
-99
-99
0
24.7
-99
0
-99
-99
47.3
6.4
0
0
3.3
0
0
0
0
0
0
0
13.9
0
0
0
0.4
1
23.3
1.4
28.6
6.5
0
0
0
4.5
-99
3.2
20.1
0.6
0
0
0
0
4.4
7
20.6
-99
0
0
-99
-99
7.9
20
0.6
1.2
0
0
0
21.4
31.7
0.4
0
0
0
0
0
0
0
0
0
0.3
0
-99
0
2.2
0
0
0.1
0
0
0
13.1
3.1
3.8
7.4
3.9
0
0
0
0
0
0
0
0
-99
3.2
2.5
0
0.1
0
0
0
0
0
0
-99
0.5
5.1
2
0.3
1.7
6.7
0
0
0
0
0
0
0
0.7
10.3
1.2
0
0
0
0
0
0
0
0
0
0
18
1
0
-99
0
-99
0.3
-99
0
0
0
0
0
0
0
0
0
0
0
0
0
0
0
0
0
0
0
0
0
0
-99
0
0
0
0
0
0
0
0
-99
-99
0
0
0
0
0
0
0
0
0
0
0
2.2
0.4
0
0
0
0
0
0
0
-99
-99
0
-99
0
0
0
0
0
0
0
0
0
0
0
0
0
0
0
0
0
0
0
0
0
0
0
0
-99
0
0
0
1.1
0.1
1.5
-99
0
0
0
0
0
0
0
0
0
0
0
0
0
-99
5.9
0.1
-99
1.7
0
0
0
0
0
0
0
0
0
0
0.2
0
0
0
0
0
0
0
9
0.8
10.2
0
0
0
0
0
0.1
4.3
-99
-99
0
0
20.4
0
0
0
0
0
0
0
0
0
-99
0
0
0
0
1.2
8.1
4.2
1.2
0
0
0
0
0
0
-99
0
1.9
3.5
0
0
-99
-99
0
0
2.2
0
1.2
8.2
-99
3
0
0
-99
-99
0
-99
-99
0
0
-99
0
0
0
0
0
0
0.8
3
1.5
0.1
0.6
0
4.1
4
10.9
27.7
0
0
0
-99
0
5.1
-99
-99
5.3
73.5
2.4
0
0
0.9
32.9
-99
0
0
0
0
0
1.2
0.8
0
0.6
6.4
2.4
27.9
0
0
23.7
42.8
1.1
0
0
0
0.7
0.3
0
0.6
4
0
0
14.4
-99
9.2
0
0
5.2
9.5
0
0
0
0
0
0
0
-99
0
-99
-99
-99
0
10.9
5.9
0
0
7.2
58.9
0
0
0
-99
0.9
0
0
0
0
0
0
0
1.7
0
4.3
-99
0
0
1
1.8
0
0
0
0
0
0
0
3.3
0
0
0
0
0.4
0
0
0
0
0
1.8
0.1
0
0
0
0
1.3
0
0
0
0
0.4
0
0
0
0
0
0
0
0.8
-99
0
0
0
0
0
9.2
0
0
0
0
0.2
-99
0
0
0
0
0
0
0
0
0
0
0
0
0
0
0.4
0
0
0
0
0
0
0
0
0
0
0
3.6
0.3
0
0.4
0
0
0
1.1
-99
0
0
0
0
0
0
-99
-99
0
0
0
0
0
0
0
0
0
0
0
0
0
0
0
0
0
0
0
0
0
4.5
0.8
0
0
0
0
0
0
0
0
0
0
0
0
3
0
0.5
0
0.3
0
0
0.1
-99
-99
0
0
0
0
0
-99
0
0
0
0
0
0
0
0
0
0
0
0
0
0
0
0
0
0
0
0
0
1.2
0
0
0
0
0
0
0
0
0
0
0
0
0
0
0
0
0
0
0
-99
0
0
-99
2.1
0
0
0
0
0
0
0
0
0
0
0
0
0
29.6
-99
0
0
0
0
0
0
-99
6.6
0
0
0
0
0
0
0
0
0
-99
0.1
0
0
0
0
0
0
0
0
0
0
0
1
1.4
0.1
-99
0.1
10.3
1.1
7.2
0
0
0
0.2
-99
-99
0
0
0
1.7
0
40.5
0.3
0.6
0
0
0
0
0
0
0.9
2.1
5.6
38
8.7
6.7
0.8
0
10.8
0
0
0
0
38.6
2.7
0
-99
0
0
0
-99
66.6
32.6
11.2
2.4
1.4
0.2
3
-99
0
13.2
0.2
0
0
10.1
15.2
0
0.1
3.9
0.3
0
3.4
0
2.4
1.5
2.1
7.8
0
12.4
8
20.4
0.2
0
0
49.7
0.4
-99
17.3
0
0
0
0
0
0
0
0
0
0
0.3
0
0
1.8
0
0
0
0
0
0.4
22.7
0.6
0
0
-99
-99
0
0
-99
0.3
0
0
2.3
0.1
0.3
1.6
1.9
30.4
0.7
28.4
-99
0
0
0
0
0
0
0
0
0
0
0
0
0
5.2
0
0
0
0
0
22.9
0.2
0
0
0
0
0
0
0
0
0
0
0
0
0
0
0
-99
1.6
0
0
0
-99
0
0
0
1.9
0
0
0
0
0
0
0
0
0
0
0
0
0
0
-99
0
0
-99
0
0
0
0
0
0
0
0
0
0
0
0
0
0
0
0
0
0
0
0
-99
0
0
0
0
0
0
0
0
0
0
0
0
0
0
0
0
0
0
0
0
0
0
0
0
0
0
0
0
0
0
0
0
0
0
0
0
0
0
0
0
0
0
0
0
0
0
-99
0
2.2
1.5
2.2
-99
0
0
0
0
0
0
0
0
-99
0
0
0
0
0
0
-99
0
-99
-99
0.3
0
0
0
0
0
0
0
0
0
0
0
0.4
0
0
0
0
0
0
-99
0
0
0
0
0
0
0
0
4.3
0
0
0.7
0
-99
4.3
0
0
0
0
0
0
5.5
4
-99
0
0
2.7
0.5
5.3
1.4
3.3
0
0
0
0
0
16.7
-99
0
0
0
0
-99
0
0
0
0
0
0
0
0
7.9
6.1
0
0
0
0
0
0
-99
0
0
0
0
0
4.3
0
0
0
0
0
0
-99
-99
0
0
-99
0
-99
0
0
0
0
0
0
0
-99
0
1.4
-99
0.8
25.7
0
0.6
0.1
0
0
0.1
0
0
0
0
0
14.8
0
1
0.2
9.4
0
0.1
40.1
40
4
0
0
-99
18.8
0
3.6
1.4
0.4
0.5
0
18.1
23.7
1.6
6.1
0
0
0
0
46.6
0
0
0
0
0
-99
11.5
11.5
0
-99
0
0
0
5.8
23
3.2
-99
0
0.9
0.7
0
0
0
0
20.1
1.3
0
0
-99
5.2
0
0
0
1.9
19.4
0
0
0
0
1.4
0
0
0
6.4
8.2
0
12.7
0.4
17.7
10.6
0
0
0
0
0.7
3.6
0
0
0
0
5.8
0.2
8
4
0
0
6.4
0
0
0
0
0
0
0
8.1
0
0
0
0
0
0
0
0
0
0
0
0
0
0
0
0
1
0.2
0.1
0
0
0
0
0
0
4.3
0.1
0
0
0
0
0
0
0
0
0
0
0
0
0
0
-99
0
0
0
1.2
0
0
0
0
0
0
0
0
0
0
0
0
0
0
0
0
0
0
0
0
0
0
0
0
0
0
0
0
0
0
0
0
0
0
