20050101
0
0
0
0
0.2
0
0
0
0
0
0
0
0
0
0
0
0
0
0
0
0
0
0
0
0
0
0
0
0
0
0
0
0
0
0
-99
0.1
1.3
-99
-99
0
0
0
0
0.6
11.4
0.2
-99
-99
0
0
0
0
0
0
0
0
0
0
0
0
-99
0
0
0
0
0
0
0
0
0
0
0
0
0
0
0
0
0
0
0
0
0
0
0
0
0
0
0
0
-99
0
0
0
0
0
0
0.9
5.3
0
0
0
0
0
0
0
0
0
0.1
0
0
0
0
-99
0
0
0
0
0
0
0
0
0
0
18.6
0
0
0
0
0.4
0
0
-99
0
0
3.7
19.2
0
0
0
1.1
0
0
0
0.1
0
0
0
-99
0
0
0
0
0
0
0.9
1.8
0
0
3.1
2.1
0
0
0.5
0.1
0
0
2.9
-99
0
-99
0
0
0
0
0
15.4
-99
6.7
20.5
0
0
5.6
0.1
0
0
0
0
0
0
0
0
4.6
0
4.5
30.2
0.6
0.1
-99
0
0
0
136.2
62.7
29.1
0
0
2.3
0
0
0
0.2
4.7
-99
1.7
2.6
0.1
0
58.6
0.8
-99
0.1
0
0.5
0
-99
0
94.8
30.1
0
0
0
0
0
0
0
0
0
0
0
0
0
0
0
0
0
0
0
0
0
0
0
0
0
0
-99
0
3.7
13.6
0
0
3.1
12.7
4.2
0
0
0.3
0
0
0
0
13.1
-99
0
0
0
0
0
2.1
4.3
0
0
0
0
0.1
0.1
0
0
0
0
0
0
-99
0
0
0
0
0
0
-99
0
0
0
0
0
0
0
0
0
0
0
0
0
0
0
0
0
0
0
0
0
0
0
0
0
0
0
0
0
0
0
0
0
0
0
0
0
0
0
0
0
0
0
-99
0
0
0
0
0
0
0
0
0
0
0
0
0
0
0
0
0
0
-99
0
-99
0
0
-99
-99
0
0
0
0
0
0
-99
-99
0
0
0
0
2
-99
0
-99
0
0
0
0
0
0
0
0
-99
0
0.2
0
0
0
0
0.1
4.1
0
0
0
0
0
0
0
0
0
0
0
0
0
0
0
0
0
0
-99
0
-99
0.7
0
0
0
0
0
0
0
0
0
0
-99
0
0
0
0
0
0
0
0
0
0
0
0
0
0
0
0
0
0
0
0
-99
0
0
0
0
1
0
0
0
0
0.6
4.8
0
0
0
0
0
-99
0
0
0
0
0
0
-99
0
0
0
0
0
0
0
0
-99
0
0
0
0
-99
-99
0.7
1.4
0
0
0
0
0
0
0
4.6
10.7
0
0
0
6
7.1
6.9
0
0
0
0
-99
0
0.3
0
0
0
6
0
0
0
0
-99
15.3
0
0
0
0
0
0
5.7
0.2
0
0
0
0
0
0
15.3
0.1
29.1
-99
0
1.3
0
0
-99
0
0
0
-99
0
-99
0.8
46.5
-99
1.4
0
4.5
-99
-99
0
0
0
2.4
0.9
-99
0
-99
0
0
33.4
0
-99
0.7
-99
-99
0
0
-99
0.2
0
0
0
0
26.1
3.4
0
0
0
0
0
1.9
3.1
0
0
5.2
5.2
0
22.8
9.3
5.3
0
0
0
0
8.5
0
0
0
0
0
0
0
0
0
-99
-99
0
0
0
0
0
0
0
0
0.2
0.1
0
0
0
0
0
0
0
0
0
0
0
0
3.8
0
0
0
0
-99
0
0
0.2
-99
0
0
0
-99
0
0
0.1
0
0
0
0
0
0
0
0
0
0
0
0
0
0
0
0
0
0
0
0
0
0
0
0
0
0
0
0
0
0.1
0.9
7.3
1.5
0
0
0
0
0
0
0
0
0
0
0
-99
0
0
0
-99
0
0
0
0
0
0
0
0
0
0
0
0
0
0
0
0
0
4.5
0.2
0
0
0
0
0
0
0
0
0
-99
0
0
0
0
0
0
0
0
0
0
0
0
0
0
0
0
0
0
0
0
0
0
0
0
0
0
0
1.6
0.1
0
0
0
0
0
0
0
0
0
0
0
0
0
0
0
0
0
0
0
0
3.7
0
16.9
24.5
0
0
0
0
0.2
0
0
0
0
0
0
0
0
-99
0
0
0
0
-99
0
0
0
0
0.1
-99
0.3
0
0
0
0
0
0
0
0
0
0
0
0
0
0
0
0.2
0
0
0
0
0.1
0
0
0
-99
0
0
0
0
0
0
0
0
0
0
0
0
0
0
1
0
5.1
0
0
0
-99
0
0
0
0
-99
0
51.6
0.1
-99
0
0
0
0
0
-99
3.2
0
0
0
0
0
0
0
0
0
0
0
0
0
0
0
0
0
-99
4.6
2.9
2.3
-99
46.5
0
0
9
-99
0
7.8
11.7
0.2
0
0
0
0
0
-99
13.7
6.9
0
0
0
0
-99
-99
0
0
6.7
-99
0
0
0
0
0
0
0
0
12.4
5.9
-99
21.7
0
32
0
0
4.4
1.5
24.1
0
0
1.5
0
0
0
0
0
0.7
0
0
0
0
0
0
0
0
0.7
16.6
1.9
0.1
1.8
0.7
0
0
0
10.7
0
0
0
0
0
0
0
0
0
0.4
3.7
0
0
1.7
2.6
0
0
0
0
0
0
0
6.1
12.9
0
9
4.7
22.4
0
0.6
20.9
27.7
7.6
2
0
0.2
1.6
0
0
0
-99
0
0
0
0
0
0
0
0
0
0
0
0
1
1.7
0
0
0
0
0
0
0
0
0
0
0
0
0
0
0.1
0
0
0
0
0
0
0
0
0
0
0
0
0
0
0
0
0
0
0
0
0
0
0
0
0
0
0
2.3
0
0
0
0
0
0
0
0
0
-99
0
0
0
0
0
0
-99
0
0
0
0
0
0
0
0
0
0
0
0
0
0
0
0
0
0
0
0
0.2
-99
0
0
0
-99
0
0
0
0
0
0
0
0
0
0
0
0
0
0
0
0
0
0
0
0
0
0
0
0
0
0
0
0
0
0
0
0
0
-99
0
0
0
0
0
0
0
0
0
0
0
0
0
0
0
-99
0
0
0
0
0
0.7
0
0
0.1
-99
7.7
0
0
0
0
2.5
2
0
0
-99
0
0
0
0
0.3
0
0
2.1
0.2
0.4
-99
0
0
0
0
0
0
-99
25.1
12.3
0.1
0
0
0
0
0
0
0
0
0
-99
8.6
0
0
0
-99
-99
7.9
0
24.6
0.1
0
0
-99
2.8
3
0
0
0
0
0
0
0
0
0
0
0
0
0
0
8.5
0.4
13.5
-99
-99
37.8
0
0
0
0
0
0
0
5.8
0
4.5
-99
0
0
0
30.6
0
0.1
23.1
-99
30.7
0.3
26
5.8
5.2
1
5.5
0
0
18
0
0.1
0.6
0
0
13
0.4
0
14.8
28.8
0
0
0.3
0
-99
0
0
0
0
0
0
0
0
2.5
22.1
17.1
0.6
0
0
0
0
-99
0
0
0
-99
15.1
0.9
25.5
3.9
0
0
-99
0.1
0
0
14.3
0
0
0
-99
23.4
1.4
0
0
1.1
0.7
0
0
0
-99
7.8
0
0
-99
5
14.2
0
0
0
0
0
0
0
0
-99
0
0.2
11.9
0.6
17
4.9
0
-99
0
0
0
0
0
0
-99
8.1
0
0
-99
0
0
0
0
0
0
0
0
0
-99
0
0
6.7
0
3.9
0
0
0
0
0
0
0
0
0
0
0
0
0
0
0
0.1
0
0
0
0
-99
0
0
0
0
0
0
0
0
0
0
0
0
0
0
0
0
0
0
0
0
0
0
0
0
0
0
0
0
0
0
0
0
0
0
0
0
0
0
0
0
0
0
0
0
0
0
0
0
0
0
0
0
0
0
0
0
0
0
0
0
0
0
0
0
0
0
0
0
0
0
0
0
0
0
0
0
0
-99
-99
0
0
0
0
0
0
0
0.1
0.1
0
0
6.1
0.2
0
0
0
0
0.1
2.3
0
0
0
-99
1.4
0
0
0
0
0
0
0
0
1.2
0
0
0
0
0
0
2
0
0
0
0
0
0
0
0
4
0
0
7.6
0
0
0
0
0
0
0.1
0
0
0
0
0
0
0
0
0
-99
1.7
0
-99
0
0.1
0
0
-99
9.9
0
0
0
2.4
-99
0
0
0
0
0
0
0
-99
0
0
0
0
0
0
1
13
-99
0
0
2.9
0
-99
0.6
0
0
0
0.1
0.7
0
0
0
0
0
-99
0
0
0
0
0
0
0
0
5.6
-99
15.8
63.1
0
0
0
0
0
0
5.4
0.4
1.6
10.8
0
0
0.5
0
0
0
0
-99
0
0
0
0
0
0
0
0
0
0
27.3
0.2
0
0
0
0
-99
0
3.2
17.6
8.9
0
-99
0
0
8.9
1.1
3.3
0
0
0
0
0
-99
0
0
0
27.8
6.2
6.4
0
0
0
6.3
0
0
0
0
0
0
47.4
0.1
8
0
3.4
27.8
0
0
0
51.3
-99
0
0
0
0
0
0
1.5
3.6
-99
23.3
25.5
1.6
0
-99
0
0
0
0
0
0
0
0
-99
18.4
0
0
0
0
0
0
0.4
0
0
0
0
0
0
0
0
0
0
0
0
0
0
0
0
0
0
0
0
0
0
0
0
0
0
0
0
0
0
0
0
0.9
14
1.4
0
0
0
0
0
0
-99
1.3
7.3
9.3
8.1
0
0
0
0
0
0
0
0
0
0
0
0
0
0
0
0
0
0
0
0
0
0
0
0
-99
-99
0
0
0
0
0
0
0
0
0
0
0
0
0
0
0
0
0
0
0
0
0
0
0
0
-99
0.9
0
0
0
0
0
0
0
0
0
0
0
0
0
0
0
0
-99
0
0
0
0
0
0
0
0
0
0
0
0
0
0
0
0
-99
0.5
0
0.8
0
0
0
0
0
0
0
0
0
0
0
0
0
0
0
0
0
-99
5
2.4
0
0
-99
0
0
0
-99
0.1
0
0
0
0
6.3
0
0
0
0
-99
0
0
0
0
0
2.7
0
0
0
-99
0.1
0
0
0
0
0
0
0
0
0
-99
-99
3.5
3.2
0
0
0
0
-99
0
-99
0
-99
1.4
0.1
0
1.4
10.9
1.9
0
0
0
0
0
0
19.1
0.5
0
0
0
0
0
0
0
0
0
0
1.2
4.2
2
0
0
0
0
0
0
0
0
0.3
0.3
1.3
0
0.5
0
7
-99
0
0
0
0
0
0
1.8
0
0
0
0
0
0
0.4
4.5
0
0
-99
-99
1.8
0
0
0
0
0
0
0
26.1
0
0
0
0
0
0
0.9
2.3
22
-99
0
0
0
0
0
0
0
12.6
0.7
0
0
0
0
0
0
0
0
0
0
29.3
2.5
0
0
18.9
5.9
-99
0
0.6
-99
21.6
23.5
29.4
0.5
-99
0
0
0
-99
31
25.8
11.2
7.9
0
0
-99
0.7
5.7
0
0
0
0.3
1.4
-99
2.7
0
0
0
4.4
0
0
0
0
0
0
0
0
0
1.4
9
12
0
16
0
0
0
0
0
0
0
0
0
0
0.5
0
0
0
0
0
0
0
0
0.3
0
0
0
0
0
-99
3.2
0
0
0
0
0
2.2
0
0
0
0
0
0
0
0
0
0
0
0
0
0
0
0
0
0
0
0
0
0
0
0
0
0
0
0
0
0
0
0
0
0
0
0
0
0
0
0
0
0
0
0
0
0
0
0
0
-99
0
0
0
0
0
0
0
0
0
0.3
0
0
0
0
0
0
0
0
0
0
0
0
0
0
0
0
0
0
0
0
0
0
0
0
0
0
0
0
0
0
0
0
0
0
0
0
0
0
0
0
0
0
0
0
0
0
0
0
1
0
0
0.4
0
0
0
0
0
0
0
0
0
0
0
0
2.3
6.8
0
0
0
0
0
0
0
0
0
0
0
0
0
0
-99
0
0
0
0
0
0
0
0
0
-99
0
0
0
0
0
0
0
0
0.6
0
0
0
0
0
0
0
0
0
0
0
0
0
0
0
0
0
0
14.4
-99
0.2
0
-99
0
0
0
-99
-99
0
0
0
0.9
0
0
0
9.3
37.2
2
0
0
0
0
0
0
0
0
0
-99
0
0
0
0
0
0
0
0
0
0
0
0
0
0
0
0
-99
0.3
0
0
0
1.3
0
0
0
0
0.5
-99
0
0
0
0
0.1
11.5
35
0
0
0
0
0
0
-99
9.4
7.4
0
0
0
0
0
0
0
0
0
-99
0
0
0.5
0
-99
-99
18.5
0
0
0
13.7
17.1
0
26.4
0
11.4
49.2
0
0
0
0
0
0
0
0
0
0
9.8
0.3
0
0
0
25
72.6
9.4
18
1.8
0
0
0
0
0
0
0
10.2
0
0
0
0
1.6
1.3
1.7
0.1
0
0
0
0
0
9.1
0
0.1
0.2
0
0
3.6
13.5
0
0
0
0
0
0
0
0
0
0
-99
0
0
3.3
0
0
0
1.4
0
0
0
14.5
0
0
0.1
1.1
0.4
0
0
0
0
0
0
0
0
0.1
-99
0
0
0
0
0
0
0
0
0
-99
-99
0.6
0
-99
0.1
0
0
0
0
0
0
0
0.4
10.9
0.7
-99
0
0
0
0
0
0
0
0
0
5.2
2.3
0
0
0
0
0.6
1.2
0
0
0
0
0
0
0
0
0
0
0
0
0
0
0
0
0
0
0
0
0
0
0
0
0
0
0
0
0
0
0
0
0
0
0
0
0
0
0
0
0
0
0
0
0
0
0
0
0
0
0
0
0
0
0
0
0
0
0
0
0
0
0
0
0
0
0
0
0
0
0
0
0
0
0
0
0
0
0
0
0
0
0
0
0
0
-99
0
0
0
0
0
0
0
0
0
0
0
0
-99
0.4
0
0.3
1
-99
0
0.8
0
0
0
0
0
0
0
0
0
0
0
0
0
0
0
0
0
0
1
0
4.2
0
0
0
0.2
0
0
0
0
0
0
0
52.9
0.3
0
0
0
0
0
0
0
0
0
0
0
0
0
0
0
-99
1.8
0
0
0
0
0
0
0
0
0
0
0
0
2.4
0
0
0
-99
0.6
0
1.1
0
0
0
0
0
1.9
-99
0
0
0
0
0
0.4
0
0
0
0
0
0
0
0.1
0
4.8
0.4
1.4
0
1.7
45.5
0
0
0
0
0.9
2.5
0
0.5
6.6
1.2
7.6
12
0
1
20
0
0
0
0
0
0
11.4
19.4
0
0
1
36.7
3.3
3.9
0
6.5
76.9
8.7
0
2.3
0
4.4
0
0
0
0.2
0
-99
18
0
2.5
0
0
-99
10.7
-99
0
13.1
0
0
0
0
0
0
0
0
0
0
0.6
21
0
0
-99
32.3
22.3
0.6
0
0
6.2
0.4
0.1
-99
0
0
0
0
0
0
0.9
16.9
0
0
3.2
12.9
0
0
0
0
0
0
0
-99
0
0
0
0
0.8
0
0
0
0
0
0
0.2
0
0
0
0
2.6
-99
0
0
0
0.5
0.2
0
0
0
0
0
0
8.5
21.3
0
0
0
0
0
9.6
0
0
0
0
0
2.4
0
0
0
0
0
0
0
0
0
0
0
0
0
0
0.4
0
0
0
0
0
0
0
0
0
0
0
1.7
7.7
0
0.5
0
0
0
0
-99
0
0
0
0
0
0
1.3
0.9
0
0
0
0
0
0
0
0
0
0
0
0
0
0
0
0
-99
0
0
0
0
2.4
1.4
0
0
0
0
0
0
0
0
0
0.1
0
0
5.9
0
1.5
-99
0
0
0
0
0
0.3
0
0
0
0.3
0
0
0
0
0
0
0
0
0
0
0
-99
0
0
0
0
0
0
0
0
0
0
0
3.9
0
0
0
0
-99
0
0
0
0
0
0
0
0
0
0
0
0
0
0
-99
0
0
0
0.9
0
0
0
0
0
0
0
0
0
0
0
0
0
13.4
1.3
0
0
0
0
0
0
0
0
0
0
0
0
0
0
0
0
0
1.4
-99
0
0
0
0
0
0
0
0
0
0
0
4.2
2
0
0
0
23.2
-99
1.6
0
0
0
0
-99
0
0
0
0
-99
0
20.3
1.6
0
0
0
0
0
0
0
0.3
0
3.4
7.5
17.2
-99
3.1
1.8
0.1
0.2
0
0
0
20.9
6.7
0
-99
9.3
0
0
0
29
15.6
16.1
0.1
-99
-99
0.1
1.7
0
2.2
30.3
0
0
-99
29.9
0
0
56.1
0.8
0.1
0
0
0
18.2
0
3.4
0
5.2
0
9.7
0.1
0
0
38.7
11.3
0
2.2
0.6
0
0
0
0
0
0
0
0
0
0
0
0
-99
0
0
0
0
0
0
9.8
3.5
0
-99
0
0.3
0
0
0
0
0.7
0
0
13
5.6
0
0
7.7
0.2
9.1
0
0
0
0
0
0
0
-99
0
0
0
0
0
0
0
0
0
0
0
0
6.1
0
0
0
0
0
0
0
0
0
0
0
0
0
0.2
-99
0
0
0.8
0
0
0
0
0
0
0
5
0
0
0
0
0
0
0
0
0
0
0
0
0
0
1.1
0
0
0
0
0
0
0
0
0
0
0
0
0
0
0
0
0
0
0
0
0
0
0.2
0
0
0
0
0
0
0
0
0
0
0
0
0
0
0
0
0
0
0
0
0
0
0
0
0
0
0
0
0
0
0
0
0
0
0
0
0
0
0
0
0
0
0
0
0
0.7
0
0
0
0
-99
4
0.3
0
0
0
0
0
0
0
0
0
0
0
0
0
0
0
0
0
-99
2.3
0
0
0
0
0
0
0
0
1.5
0
0
0
0
0
0
0
0
0
0
0.7
0
0
0
0
0
0
0
0
-99
0
0
-99
0
0
0
0
0
0
0
0
0
-99
0.1
0
0
0
0
0
2.9
0
0
0
-99
0
0
0
12.2
39
0
0
0
0
0
0
0
0
0
0
0
0
0
4
23.1
0
0
0
0
0
0
0
0
0
0
0
0
8.8
0
0
0
0
0
0
2.8
16.6
0.1
0
0
0
6.3
0
0
0
0
6.5
0
0
0
0
0
-99
0
3
0.8
0
7
0
0
-99
0
0
0
0
0
6
-99
0
29.4
-99
0
0
0
-99
-99
0
0.1
0
0
0
17.5
1.4
0
2.2
0
28.7
0
3.1
0.2
0
0
0
0
0
2.6
0
0.6
0.1
0
9.5
10.5
0.1
0
0
0
0
0
0
0.2
0
0
17.4
44.1
0.3
0
0
0
0
0
1.9
0
0
0
0
0.7
0
0.3
0
21.7
0
0
0
0
0
0
0
0
0
2.2
0
1
0.1
3.5
7.6
0
0
0
0
0
-99
-99
0
0
0
0.1
-99
0
2.4
0.1
0
2.4
0
0
0
0
0
0
0
0.3
0
0
0
0
0
0
0
0
0
0
0
0
0
0
0
0
0
0
-99
0
0
0
0
0
0
-99
-99
0
0
0
0
0
0
0
0
0
0
0
0
0
0
-99
0
0
0
8.9
1.9
0
0.5
0
0
0
0
0
0
0
0
0
-99
0
0
0
0
0
0
0
0
0
0
0
0
0
0
0
0
0
0
0
0
0
