20050101
0
0
0
0
-99
0
0
0
0
0
0
0
0
0
0
0
0
0
0
0
-99
0.1
0
0
0.1
0
0
0
0
0
0
0
0
0
0
0.4
1.8
-99
0.2
-99
-99
0
0
-99
2.1
2.7
0
0.6
-99
0
0
0
0
0
-99
0
0
0
0
0
0
-99
0
0
0
0
0
0
0
0
0
0
0
0
0
0
0
0
0
0.9
0
0
0
0
0
0
0
-99
0
0
0
0
0
0
0
0
0
7.6
0.4
0
0
0
0
0
0
0
0
0
2
0
0
0
0
-99
0
0
0
0
0
0
0
0
0
0
0.3
0
0
0
0
0
0
0
-99
0
-99
18.8
8.5
0
0.4
0.2
0.6
0
0
0.2
-99
0
1.6
0.2
4.4
0
0
0.5
0
0
0
13
0
0
0
54.2
0
0
-99
-99
0
0
0
1.2
0.1
-99
0
0
-99
0
0
0.2
2.3
4.7
5
1
2
0
38.2
0.1
0
0
0
0
0
0
0
0
0
1.2
2.9
0
-99
0
24.7
1.2
0
2.5
12.2
0
0
0
0
2.4
0
0.3
-99
16.3
0
12.5
17.1
3
0
0
31.8
0
0
0
0
0
0
0
0
42.3
25
0
0
0
0
0
8.3
0
0
0
0
0
0.8
0
0
0
0
0
0
0
0
0.1
0
0
0
0
0
0
0.1
0.8
2.9
0
5.2
12
58.9
10
0
0
0
-99
0
-99
14
4.8
0.3
1.3
14.7
0
0
0
3.9
0
0
0
0
0.1
0
0
0
0
0
0
0
3.5
0.7
0
0
0
0
0
0
-99
0
0
0
0
0
0
0
0
0
0
0
0
0
0
0
0
4.9
0
0
0
0
0
0
0
0
0
0
0
0
0
0
0
0
0
0
0
0
0
0
0
0
0
0
0
0
0
0
0
0
0
0
0
0
0
0
0
0
0
0
0
0
-99
0
-99
1.4
0
0
0
1.1
0
0
0
0
0
0
0
0
0
0
0
0
0.1
-99
2.6
1.9
-99
0
0
0
0
0
0
-99
0
-99
0
0
0
0
0
1.6
-99
0
0
0
0
0
0
0
0
0
0
0
0
0
0
0
0
0
0
0
1.5
9.7
0.5
0
0
0
0
0
0
0
0
0
0
0
0
0
0
0
0
0
0
0
0
0
0
0
0
0
0
0
0
0
0
0
0
0
0
0
0
-99
0
0
0
0
1.2
15.1
0
0
0
0
0
0
0
0
0
0
0
0
-99
0
0
0
0
0
0
0
-99
-99
-99
0
0
0
5.7
0
8.2
0.9
0
0
0
0
0
0.1
0
9.1
12.8
0
0
10
20.9
5.6
0
0
0
-99
0
0
-99
53.7
0
0
0
0
0
-99
0
0
0
0.3
-99
0
0
0
0
0
0
2.5
0
0
14.2
1.5
0
0
7.5
-99
-99
0
0
16
21.8
0
0
0
-99
0.1
0
0
0
-99
3.8
0
0
0
0.3
0
-99
0
1
-99
0.1
0.9
0
0
0
0
-99
21.6
0.6
0.6
-99
0.1
-99
0
1.2
0
0
0
0
0
0
18.4
0
0
0
0
0
-99
8.7
7.3
0
0
56.7
0.4
0
19.3
17
20.5
1.3
0
0
0
16.7
-99
0
0
0
0
0
0
0
0
-99
0
2.8
0
0
0
-99
9.3
0
0
0.3
0.3
0
1.4
0
0
0
0
0
0
-99
0
0
-99
0.9
0
0
0
0
0
0
0
2.3
0
0
0
0
-99
0
0
-99
0
0
0
0
0
0
0
0
0
0
0
0
0
0
0
0
0
0
0
0
0
0
0
0
0
0
0
0
-99
15.1
3
10.5
0
1.7
0
0
0
0
0
0
0
0
0
0.3
0.4
0
0
0
0
0
0
0
0
0
0
0
0
0
0
0
0
0
0
0
-99
0.7
1.9
0.3
0
0
0
0
0
0
0
0
0
0
0
0
0
0
0
0
0
0
0
0
0
0
0
0
0
0
-99
0
0
0
0
0
0
0
0
0
0
5.9
0
0
0
0
0
0
0
0
0
0
0
0
0
0
0
0
0.2
0
0
0
4.9
1.1
0
16.7
1.6
0
0
0
0
-99
0
0
0
0
-99
0.9
1.9
0.1
0.1
0
1.3
0
0
0.1
0
0
0
-99
0
0
0
0
0
0
0
0
0
0
0
0
0
0
0
0
0
12.7
1.3
0
0
0
0
0
0
0
5.9
0.3
0
0
0
0
0
0.2
0
0
0
0
0
0
0
-99
-99
3
2.6
0
0
0
0
0
0
0
0
-99
1.4
23.1
0.5
0.4
0
0
0
0
0
5.2
-99
0
0
0
-99
0
6.5
0
0
-99
0
0
0
2.5
0
0
0
0
2.9
7.6
8.6
1.3
0.1
0
0
0
1.9
4.8
0
0.1
12.1
0
0
0
0
0
0.3
0
0
2
0
0
0
1.9
0.3
6.7
0
0
3
1.4
3
0.1
7.2
1.9
65.4
1.5
-99
-99
3.8
33.9
33
0
0
-99
0
0.6
0
0.2
10
0
0
5
0
0
0.1
-99
-99
0
0
0
0
0
0
0
0
0
1.8
3.8
21.3
3.4
15
6.2
8.6
0
1
32.1
0
0
0
0
0
0
0
0
0
0.4
0
0
0
2
0
0
0
0
0
0
0
0
2.4
12.5
17.1
44.4
4.7
2.2
0.2
8.2
2.4
3.7
8.9
7.7
0.5
3.5
9.7
0.2
0
0
0
0
0
0
0
0
0
0
0
0
0.4
0
1.4
2.2
0
0
0
0
0
0
0
0
0
0
0
0
0
0
0
-99
0
0
1.4
0.3
0
0
0
0
0
0
0
0
0
0
0
0
0
0
0.2
1.6
0
0
0
0
0
0
0
2.8
0
0
0
0
0
0
0
0
0
0
0
0
0
-99
0
0
0.1
0
0
0
0
0
0
0
0
0
0
0
0
0
1.5
-99
0.7
1.2
0.3
0
-99
1.8
-99
0.9
2.5
5.4
0.3
0
0
0
0
0
0
0
0
0
0
0
0
-99
0
0
0
0
0
0
0
0
0
0
0
0
-99
0.6
0
0
0
0
0
6.5
0.1
0
0
0
0
0
0
0
0
0
0
0
-99
0
0
0
0.5
0
0
0
0
0
0
0
0.4
9.2
0
0
0
0
0
0
4.4
0
0
0
1
0
0
0
0
0
0
0.2
8.1
0.1
2
13.1
0
0
0
0
0
4.8
8.1
17.2
-99
0.8
0
0
0
0
0
0
0
0
0
-99
1.9
0
0
0
3.2
3.4
7.7
4.2
2
0.4
0
0
5
-99
1.9
0
0
0
0
0
0.2
-99
0
0.1
0
0
0
0
0
0
0
4.1
0
0
1.1
0
0
12.5
10.1
0
0
2
0
0.2
1.9
0
0
-99
0
0
-99
0.3
0
0
0.2
-99
0.1
27.2
0.3
9.6
0
0
-99
12.7
0
0
0
0
0
0.9
0
0
21.6
4.8
0
5.5
0.3
0
0
0
0
0
0
0
0
0
0
0.1
-99
0
0
0
1.9
0
0
-99
0
0
0
0
-99
0
7.6
0.1
-99
0.9
0.2
0
0
0.5
12.4
0
0
0
0.2
-99
0.2
0.9
0
14.4
0
0
0
0
-99
0
-99
0.1
-99
6
10.8
0
0
0
0
0
0
0
0
0.7
0
3.8
2.8
3.9
0
10.5
0.6
26.8
0.2
0
0
0
0
0
6.3
0
0
2.3
0
0
0
0
0
0
0
0
-99
0
0.5
0
0.8
0.9
3
0
0
0
0
0
0
0
0
0
0
0
0
0
0
0
0
0
0
0
0
0
-99
1.3
0
0
0
0
0
0
0
0
-99
-99
0
0
0
0
0
0
0
0
0
0
0
0
0
0
0
0
0
0
0
0
0
0
0
0
0
0
0
0
0
0
0
0
0
0
0
0
0
0
0
0
0
0
0
0
0
0
0
0
0
0
0
0
0
0
0
0
0
0
0
0
0
0
0
0
0
0
0
0
0
3.3
0.5
0
0
0
0
7.6
0
0
0
-99
0
0
0
0
0.8
2.3
1.4
0
0
0
1.3
0.1
1.6
0
0
0
0
0.9
0.5
-99
-99
0
0
0
0
0
1.6
5.1
0
0
0
0
0
0
0
-99
2.2
0
0
0
0
0
0
0
0
0
0
0
-99
0.6
0
0
0
0
0
0
2.3
0
0
0
1.9
0
0
0
0.3
3.7
0
0
0
0.8
0
0
0
0
0
0
0
0
0
0
0
0
0
0
-99
16.6
28.1
1.9
0
-99
11.5
-99
1.2
0
0
0
0
-99
0
0
0
0
0
0.1
7.8
0
0
0
0
0
0.2
0
0.1
0.5
0
-99
0
0
0
0
-99
0
0
1.3
0
21.4
1.7
0
0
0
0
0
0
-99
-99
0
0
0
0
0
0
0
0
0
-99
49.8
0.8
0
0
0
1.3
0
0
-99
31.6
0
0
2.8
0
0
0
-99
0
0
12.6
0
0
0
0
1.5
1
0
2.4
5.8
5.2
-99
0
-99
0
0
0
0
0
0
0.3
2.8
0
3.7
0.2
7.5
24.1
-99
0
0
22.1
0
0.2
18.5
0
0
0
0
0
5.7
5.9
25.4
5
18.5
0.8
5.5
0.8
0
0
0
0
0
0
0
14.9
3.2
0
0
0
0
0
0.2
0.6
0
0
0
0
0
0.1
-99
0
0
0.3
-99
0.1
0.4
3.4
-99
0
0
-99
0
0
0
0
0
0
0
0
0
0
0
0
0
0
0.9
11.1
0
0
0
0
0
0
-99
0
-99
19.1
18.3
3.6
0
0
0
0
0
0
0
0
0
0
0
0
0
0
0
1.4
-99
0
0
0
0
-99
0
0
1
0
0
0
-99
0
0
0
4.5
0.3
0
0
0
0
0
0
0
0
0
0
0
0
0
0
0
0
0
0
0
0
0
0
0
0
0
0
0
0
0
0
0
0
0
0.9
0.3
-99
0
0
0
0
0
0
0
0
0
0
0
0
0
0
-99
0.3
-99
0
1.2
5
2
0.1
0
0.1
-99
0
0
0
0
0
0
0
0
0
0
0
0
3.2
0
0
0
0.3
0
-99
0.6
0.4
-99
0
0
0
0
1.1
0
0
0.4
1.6
0
0
0
0
0
0
-99
0
0
0
1.8
1.4
-99
0
0
0
0
0
0
0
0
0
0
2.3
-99
0
3.7
0
0
0
0
1.8
5.3
7.8
0.6
0
0
1.2
-99
-99
0
0
0
0
0
0.3
12.6
0.7
0
0
0
0
0
0
0
0
0
0
1.5
7.6
-99
0
0
0
0
0
0
0
0.2
12.8
0.2
13.5
0
0
1.3
1.6
0
0
0.9
0
0
0
3.5
0
0
0
0
0
0
0
0
0
0
-99
0
-99
-99
5.4
0
10.9
0.2
0
0
0.1
0.5
0.1
0
0
1.4
0
-99
2.7
21
2.8
0
-99
0
0
1.3
13.7
3.2
-99
5.7
0
0
0
0
1.1
0
0
0
0
0
0
0
8.2
0
0
10.3
0.1
0
0
1.8
3.7
20.2
0.1
14.3
3.4
2.5
0
0
0
7.8
53
5.4
31.2
0.4
-99
0
0
0.7
7.7
2.6
0
0
-99
16.5
33.1
-99
11.1
0.8
4.3
3.4
0.2
0
0
0
0
0
0
0
0
0
-99
36.8
-99
1.8
0
0
0
0
0
0
0
0
0
1.6
0
0
0
0
0
0
0
0
0.1
0
0
0
0
0
0
0
-99
0
0
0
0
0
1.5
3.8
-99
0
0
0
0
0
0
3.8
0
0
0
0
0
0
0
0
0
0
0
0
0
0
0
0
0
0
0
0
0
0
0
0
0
0
0
0
0
0
0
0
0
0
0
0
0
0
0
0
0
0.1
0
0
0
0
0
0
0
0
0
-99
-99
0
0
0
0
0
0
0
0
0.3
0
0
0
0
0
0
0
0
0
0
0
0
0
0
0
0
0
0
0
0
0
0
0
0.8
0.3
0
0
0
0
0
0
0
0
0
0
0
1
1.8
0
0.1
0.7
0
0
0.1
0
0
0
0
0
0
0
0
0
2.3
3.3
2.6
-99
0
0
0
-99
0
0
0
0
0
0
0
0
0.3
0
0
0
0
-99
2.2
0
0
0
0
0
0
0
0
0
0
0
-99
4.8
0
0
0
2.6
0
0
0
0
0
0
0
0
0
0
0
0
0
-99
2.3
0
0
0
0
0
0
0
0
0
0
0
-99
-99
0
0
0
6.2
15.2
10.7
0
0
0
0
0
0
0
0
2.1
8.9
0.3
0
0
0
0
-99
0
0
6.8
0
0
0
0
0
0
0
0.3
-99
0
-99
1.2
0
0
0
0
0
0.7
0
0
0
0
0
0
6.9
1.2
9.7
0
0
0
0
-99
0
128
9.6
0
0.2
0.2
0
0
0
0
0
-99
2.2
0
0
-99
-99
2.8
-99
0.4
0
-99
0
11.4
0
0
0
0
45.7
0.3
0
0
6.8
0
0
3
3
0
0
0.2
0.3
0
0
0
0
0.3
0
17.3
31.4
16.7
0
0
0
0
0
0
5.5
0.1
-99
0
0
0
2.9
20.5
32.4
0.9
0
3.5
3.5
0
0
15.1
5.4
1.4
-99
0
0
5.3
14.3
7.4
0.5
0
0
0
0
0
0
0
-99
2.6
0
0
0
0.2
0
0
0
0
0
0
5.9
3
1.9
3.7
5.5
0
-99
0
0
0
0
0
0
4
4.3
0
0
0.2
0
0
0
0
0
0
0.3
-99
7.5
0.2
0.3
12.3
1
0
0
0
0
0
0
0
0.4
4.6
3
0
0
0
0
0
0
-99
0.1
0
0
15
-99
-99
0
0
0.4
0.9
0.4
0
0
0
0
0
0
0
0
0
0
0
0
0
0
0
0
0
0
0
0
0
0
0
-99
0
0
0
0
0
0
0
2.5
0.4
0
0
0
0
0
0
0
-99
0
0
-99
2
2.1
0
0
0
0
0
0
0
0
0
0
0
0
0
0
0
0
0
0
0
0
0
-99
0
0
0
0
0
0
0
0
0
0
0
-99
-99
0.6
0
0
0
1
1.2
1.3
0.1
-99
0
0
0
-99
0
0
0
0
0
-99
-99
0
0
4.5
0
1.7
2.7
0
0
0
0
0
0
0.4
0
0
0
0
0
0
0
0
0
0
0
1
-99
9
0
0
0
0
0
0
4
1.9
13.8
-99
0
20.8
0
0
0
0
0
0
0
0
0
0
0
0
0
-99
0
0
2
3.9
0
0
0
0
0
0
0.3
0
-99
0.2
0
0.4
0
-99
0
0
2
0
0
-99
-99
0.4
1.6
0
-99
0.4
0
0
2.1
0
0
0
0
0
0
0
8.3
0
0
-99
0
5.9
15.2
0
0
0
0.2
25.3
0
0
0
0
4.9
2.2
0
1.1
5.9
69.3
7
1.5
0
7
7.4
0.3
0
0
0
0
0
3.4
0.9
0
0.9
19.7
4
105.4
0
0
5.9
51.8
1.8
-99
0
0
0.1
0
0
0
27.3
0
0
3.8
0
15
0.1
0
5.3
15.1
0
0
0
0
0
0
0
0
0.1
0
0
0
-99
10.1
10.5
0
0
0.1
25.1
0.1
0
0
1.9
6.4
0.1
0
0
0
0
0
-99
3
0
5.2
0
0
0
1
0.5
0
0
0
0
0
0
0
8.4
1.1
0
0
0
0.2
0
0
0
0
0
0.1
3.1
0
0
0
0
1.3
0
0
0
0
-99
0
0
0
0
0
0
0
3.7
0.2
0
0
0
0
0
6.6
0
0
0
0
2.4
-99
0
0
0
0
0
0
0
0
0
0
0
0
0
0
0.8
0
0
0
0
0
0
0
0
0
0
0
2.9
0.2
0
0.2
0
0
-99
3.1
0.4
0
0
0
0
0
0
0
-99
0
0
0
0
0
0
0
0
0
0
0
0
0
0
0
0
0
0
0
0
0
2
1.1
0
0
0
0
0
0
0
0
0
-99
0
0
1.6
0
1.6
0
0
0
0
0
2.4
-99
0
0
0
0
0
1.6
0
0
0
0
0
0
0
0
0
0
0
0
0
0
0
0
0
0
0
0
0
0.8
0
0
0
-99
2.3
0
0
0
0
0
0
0
0
0
0
0
0
0
-99
-99
0
0
1.8
4.8
0
0
0
0
0
0
0
0
0
0
0
0
0
13.6
0
0
0.2
0
0
0
0
1.3
9
0
0
0
1.8
0
0
0
0
0
2
0.1
0
0
0
0
0
0
0
-99
0
0
0
0
0.7
1.7
0
0
7.2
0
2.2
0
0
0
0
0.1
0
0
0
0
-99
0
12.6
1.9
-99
0
0
0
0
-99
-99
5.9
0.1
0
27.9
13.2
-99
4.8
0.3
3.6
2.3
0
0
0
72.7
4.9
-99
10.6
0
0
0
0.6
5.1
38
31.6
26.5
27.3
4.6
17
0
0
38.5
0.7
1.5
0
14.7
34.7
0
0
0
7.3
0
15.3
0
0
15.8
0
-99
0
-99
0
16.5
2.1
0
0
17.8
7.4
0
0
0
0
0
0
0
0
0
0
0
0
0.1
0
-99
5.8
0
0
0
0
-99
0
5.5
0
0
0
-99
0
0
0
0
0
0
0
-99
0.2
0
-99
10.2
59.5
1.6
18.6
0
0
0
0
0
0
0
0
0
0
0
0
0
-99
-99
0
0
0
0
0
20.9
0
0
0
0
0
0
0
0
0
0
0
0
-99
0
0
0
3.7
5.5
0
0
0
0.5
0
0
0
1.7
0
0
0
0
0
0
0
0
0
0
0
0
0
0
0.6
0
0
0.1
0
0
0
0
0
0
0
0
0
0
0
0
0
0
0
0
0
0
0
0
0.7
0
0
0
0
0
0
0
0
0
0
0
0
0
0
0
0
0
0
0
0
0
0
0
0
0
0
0
0
0
0
0
0
0
0
0
0
0
0
0
0
0
0
0
0
0
0
0
5.1
7.1
2.4
2
0
0
0
0
0
0
0
0
-99
-99
-99
0
0
0
0
0
0.1
0
0.8
0
1.6
0
0
0
0
0
0
-99
0.8
0
0
0
0.2
-99
0
0
0
0
-99
0
0
0
0
0
0
0
0
0
7.4
0
0
3.3
0
0
0.5
0
0
0
0
0
0
0.1
15.4
0.8
0
0
17.4
2.7
9.1
3.8
2.3
0
1.1
0
0
0
4.1
0
0
-99
0
0
-99
0
0
0
0
0
0
0
-99
9.7
1.6
0
0
0
0
0
0
0
-99
0
0
0
0.2
11.6
0
0
0
0
0
0
-99
0
0
0
-99
0
0
0
0
0
0
0
0
15.7
0.1
0
2.7
0.6
0.9
43.8
0
0.6
0
2.6
15.1
5.6
0
0
3.1
2.4
-99
1.3
3.9
0.1
8.3
0.1
0.2
0
0.2
34.9
15.1
0
-99
0
0
0
0
0.5
0
0
0
0
12.5
13.8
-99
0
-99
0
0
19.1
0
0
2.5
0
0
14.4
15.8
30
1.5
5.6
0.7
0
-99
1.3
10.6
0.1
0
1.2
7.6
0.8
0
-99
0.1
0
8.5
0.1
0
0
-99
0.2
0
0
0
0
3.9
0
0
0
0.2
8.7
0
0
0
20.7
5
0.9
17
4.8
27.6
17
0
0
0
0
0
-99
0
0
0
0
9.6
9.9
0.2
0.4
0
0
0.7
0
0
0
0
0
0
0
3.1
-99
0
0
0
0
0
0
0
0
1.1
0
0
0
0
0
0
0.1
0
-99
0
0
0
0
0
0
2.5
1.6
0
-99
0
0
0
0
0
0
0
0
0
0
0
0
0.5
0
-99
0
-99
0
0
0
0
0
0
0
0
0
0
0
-99
-99
0
0
0
0
0
0
0
0
0
0
0
0
0
0
0
0
0
0
0
0
0
