20050101
0
0
0
0
0
-99
0
0
0
0
0
0
0
0
0
0
0
0
0
0
0
0
0
0
0
0
0
0
0
0
0
0
0
0
0
0
-99
0.1
-99
0.4
0
0
0
0
-99
4.5
-99
-99
1
0
0
0
-99
-99
1.4
0
0
0
0
0.2
0
0
0
0
0
0
0
0
0
0
0
0
0
0
0
0
0
0
0
0
0
0
0
0
0
0
0
0
0
0
0.6
0
0
0
0
0
0
8.3
12.7
0
0
0
0
0
0
0
0
0
1.2
0
0
0
0
0
0
0
0
0
0
0
0
0
0
0
33.3
0
-99
0
0
-99
0
0
-99
0
0
4.5
30
0
0
0
1.2
0
0
0
0
0
-99
0
2.4
12.4
25
0.2
0
0
0
5.5
3.6
17.4
23.1
0.1
-99
-99
0
6.8
4.3
0
0
1.2
0
-99
-99
0
0
0
0.3
-99
9.9
0.3
-99
52.1
0
0
0
0
0
0
0
-99
0.3
23.7
0
4.1
0
1.5
-99
0.1
0
-99
0
-99
-99
0
2.1
57.8
1.5
0
0
1.2
0.6
0
0.7
0.3
1.4
-99
40.6
0
27.5
0
0
-99
30.4
2
-99
41.9
5.8
4.1
16.6
14.9
3.8
0
0
0
0
0
1.1
2.9
0
6
0.1
0
0
0
0
0
0
0
0
0
0
0
0
0
0
0
-99
0.1
0
1
3
0
0
-99
0
0
0
0.1
0
0
0
0
0
12
-99
0
0
0
0
0
-99
-99
0
0
0
0
-99
-99
0
0
0
0
0
0
0.3
0
0
0
0
0
0
1
0
0
0
0
0
0
0
0
0
0
0
0
0
0
0
0
0
0
0
0
0
0
0
0
0
0
0
0
0
0
0
-99
0
0
0
-99
0.1
0
0
0
0
0
0
0
0
0
0
0
0
0
0
0
0
0
0
0
0
0
0
0
0
0
0
0
0
0
0
0
0
0
0
0
0
0
0
-99
1.5
0
0
0
0
-99
0
0
0
0
0
0
0
0
0
0
0
0
0
0
0
-99
0
0
0
2.3
0
0
0
0
0
0
0
0
0
0
0
0
0
0
0
0
0
0
0
0
0
0.3
0
0
0
0
0
0
0
0
0
0
-99
0
0
0
0
0
0
0
0
0
0
0
0
0
0
-99
0
0
0
0
0
-99
0
0
0
0
2.5
0
0
0
0
0
-99
0
0
0
0
-99
-99
0
0
0
0
0
0
0
6.7
-99
0
0
0
-99
0
0
8.6
0
0
0
0.6
2.3
0
0
1.7
-99
0
0
-99
1.7
0
-99
-99
0.8
0
0
0
13.7
11.5
22.2
0
0
-99
-99
0
6.3
0.2
0
0
-99
2.2
0
0.5
-99
0
3.9
4.4
4.8
0
-99
0
0
-99
-99
0
0
0
5.3
0
-99
0.4
6.1
39.4
69.6
8.5
0
0
0
-99
0
0
-99
15.3
7.1
0
40.6
1.4
1.6
0
0
-99
7.2
0
0.4
0
0
28.3
9.5
0.2
12.1
0.3
-99
0
0.7
7.2
0.6
-99
0
0.8
0
0
0
-99
80.3
38.2
1.8
-99
17.7
-99
0
-99
0
0
0
0
0
0
0
0
1.4
4.4
0
0
32.5
-99
0
0
0
-99
-99
0
0
-99
8.3
0
0
0
0
0
0
-99
0
0
0
0
0
0
0
0
-99
8.4
0
0
0
0
-99
0.1
0
0
0
0
0.1
0.5
4.4
0
-99
10.2
0
-99
0.1
0
0
0
0
0
0
6.1
-99
0
-99
0.1
0
-99
0
0
0
0
0
0
0
0
0
0
0
0
0
0
0
0
0
0
0
0
0
0
0
0
0
-99
0
0
2.8
0
0
0
0
0
0
0
0
0
0
-99
0
0
0
0
0
0
0
0
0
0
0
0
0
0
0
0
0
0
0
0
0
0
0
0.9
0.1
0
0
0
0
0
0
0
0
0
0
0
0
0
0
0
0
0
0
0
0
0
0
0
0
0
0
0
0
0
0
0
0
0
0
0
0
0
0
-99
0
0
0
0
0
0
0
0
0
0
0
0
0
0
0
0
0
0
-99
0
0.1
0
7.1
18.3
0
0
0
0
0
0
0
0
0
0
0
0
0
0.4
5.3
0
0
0
0.1
0
0
0
0
0
5.2
-99
0
0
0
0
0
0
-99
0
0
0
0
0
5.9
-99
-99
0
-99
0
0
0
-99
-99
0
0
0
0
0
0
0
0
5.7
7.7
0
0
0
-99
0
0
1.2
-99
0
1
0
0
0
0.1
0
0.2
0
0
-99
0
18.9
4.4
0.6
-99
0
-99
0
0
0
13.5
1.5
-99
-99
0
0
0
0
0
0
0
0
0
0.2
0
0
0
0
0
0.3
-99
-99
0
-99
0.9
-99
0
22.3
2
0.2
18.7
11.5
0
-99
-99
0
0
8.8
0.3
11.5
0.1
32.4
0
0
0.4
0
0
0
74
0
0
0
0
0
0
0
0
0
11.7
0
29.1
40.8
14.6
7.3
0
19.2
-99
0.2
4.3
0
0
0
0
-99
0
0
0
-99
0
0
0
0
0
0
0
0
-99
9
-99
0
0
0
0
0
0
-99
0
0
0
0
0
0
0
0
0
33.8
10.4
0
0
11.5
12.1
0
0
0
0
0
0
0
-99
3
0
0
0
6
0
0
0.1
6.9
17.3
0
0
0
-99
0
0
0.5
0
0
0
0
0
0
0
0
0
0
0.4
0
0
12.1
43.7
0
0
0
0
0
0
0
0
0
-99
0.1
0
0
0
-99
0
6.1
0
0
0
0
0
0
0
0
0
0
0
0
0
0
0
0
0
0
0
0
0
0
0
0
0
1.6
0
0
0
0
0
0
0
0
0
0
0
0
0
0
0
0
0.1
2
0
0
0
0
0
0
0
0
0
0
0
0
0
0
0
0
-99
0
0
-99
0
0
0
-99
0
0
0
0
0
0
0
0
0
0
0
0
0
0
0
0
0
0
0
0
0
0
0
0
0
0
0
0
0
0
0
0
0
0
-99
0
0
0
0
-99
0
0
0
0
0
0
0
0
0
0
0
0
0
0
0
0
-99
0
-99
7.2
-99
0
0
0
0
0
4.3
3.4
0
0
0.4
0
0
0
0
-99
0
0.4
6
0.8
4.2
-99
0
0
0
0
0
0
0
20.4
11.9
1.1
0
0.2
0.2
0
0
0
0
0
0
0.6
16.6
2.9
0
0
0
0
-99
-99
18
1
-99
-99
0
0
0
0
0
0
0
0
0
0
0
0
8.2
0
0
0
-99
0
0
0
1.1
0
0.1
-99
0
0
0
0
-99
5.1
21.1
0
4.5
6.8
-99
0
0.1
8.3
0
11.2
0.8
2.4
28.2
0.9
0.4
3.4
1.3
13.5
-99
1.1
10.3
9.1
-99
0
15.2
16
0
0
0
0
3.4
35.9
0
0
-99
0
0
0
0
0
0
0
0
0
0
10
0
2.5
0.4
0.2
0
0
0
0
0
0.2
32.2
11.8
88.7
4.8
0
14.7
0.1
0
2.5
4.5
2.2
0
2.5
0.3
0
1.9
21.9
4.7
11.3
0
12
0.5
-99
0
0
0
-99
-99
-99
9.7
-99
19
15.5
0
0
0
0
4.6
15.3
0
0
-99
0
21.6
6.1
0
1.4
-99
0
0
0
0
0
0
0
-99
1.9
9.3
0
0
1.3
4.3
0
0
0
0
0
0
0
0
-99
0
0
0
0.2
4.3
0
0
0
0
0
0.3
0
0
0
0
0
0
0
0
0
0
0
0
0
0
0.2
0
0
0
0
0
0
0
0
0
0
-99
0
0
0
0
0
0
0
0
0
0
0
0
0
0
0
1.8
0
0
0
0
0
0
0
0
0
0
0.1
0
0
0
0
0
0
-99
0
0
0
0
0
0
0
0
0
0
0
0
0
0
0
0
0
0
0
0
0
0
0
0
0
0
0
0
0
0
0
0
0
0
0
0
0
0
0
0
0
0
0
0
0
7.4
3.8
0
0
0
0.6
1.1
1.4
0
0
0
0
0
0
0
0
0
0
0
0
-99
4.4
0
0
0
0
0
0
3.1
0
0
0
0
0
0
0
0
0.2
0
0
0
0
0
0
0
0.2
0
0
0
0
0
0
0
0
0
0
0
0
1.2
0
3.3
0
1.9
0
0
0
0.1
-99
0
0
8.9
11.3
0
0
0
0
0
0
5.8
0
0
0
0
0
0
0
13.2
0
0
0
0
1.4
1.1
-99
-99
0
0
0
1.7
0.1
0
0
0
0
0
0.5
0
0
0
-99
0
0
-99
-99
3.5
0
20.6
-99
-99
0
0
-99
0
0
2.2
0.2
16.3
16.2
0
0
0
0
-99
0
0
-99
19.2
0
0
-99
0
0
-99
30.5
4.5
0
0
0
-99
10.8
4.1
1.8
1
0
0
15.5
0
0
76.8
0
16.5
8.8
1.9
-99
0
0
0
1.6
0.1
59.6
20.2
1
0
0
-99
1.2
10.7
3.5
0.5
-99
0
0
0
0
0
40.3
1
-99
16.1
0
0
0
0
-99
0.3
0.2
-99
0
0
0
0
0
-99
0
21.2
0.1
3.1
2.2
0
0
-99
0
0
0
0
0
0
0
-99
-99
1.8
0
0
0
0
0.1
26.7
0
0
0.1
0
3.8
0
0
0
0
0
0
0.4
0
0
-99
1.4
0
0
0
-99
0
0
0
0
0
0
0
0
-99
0.2
0
0
0
5.8
4.1
9
0
0
0
0
0
0
0
0.2
0.1
0
4.8
0
0
0
0
0
0
0
0
0
0
0
0
0
0
0
0
0
0
0
0
0
0
0
0
0
0
0
0
0
0
0
0
0
0
0
0
0
0
0
0
0
0
0
0
0
0
0
0
0
0
-99
8.7
0.6
0
0
0
-99
0
0
0
0
0
0
0
0
0
0
0
0
0
0
0
0
0
0
0
0
0
0
0
0
0
0
0
0
0.2
1.4
0
0
0
0
0
0
0
0
0
0
0
0
0
0
0
0
0
0
0
0.1
0.3
0.6
0
0
-99
0
0
-99
4.6
0.1
0
0
0
0
11.6
0
0
0
-99
0.3
-99
0
0
0
0
-99
0
0
0
0.8
7.7
2.8
0
0
0
0
0.9
0.1
0
0
0.1
0
0.2
2
0
0
0
0
-99
-99
0.4
0
0.1
1.5
0
0
4.5
7.5
-99
0
0
0
0
0
0
9.9
8.5
0
-99
0
2.7
-99
0
0
0
0.1
0.4
1.8
1.9
12.1
0
0
0
0
-99
-99
0
0
1.2
11.6
0.1
-99
-99
3.1
5.8
0
0
0
0
0
0
0
1.8
0
-99
13.6
2.7
-99
2.5
22
-99
0.3
0
0
-99
0
0
0
0
2.6
0.3
0
-99
3.5
0
0
-99
0
-99
-99
-99
2.5
5.2
9.9
49
9.2
-99
4
-99
-99
20.5
2.4
1
0
0
0
0
0
-99
0
0
0.5
19.9
1.9
-99
0
1.5
17.7
0
0
-99
2.8
-99
0
-99
0
-99
0
0
0
0
3.2
39.7
0
36.8
1
0
0
0
0
0
0
0
0
2.6
3.7
-99
-99
0
0
0
0
0
0
0
0
0
0
0
-99
5.5
14
15.8
-99
4.3
23.6
0
0
0
0.8
0.4
0
0
0
0
0.4
19.7
0
0
0
0
0
0
0
9.3
25.4
0
0
0
0
0
0
6.6
1.4
0
0
0
0.2
8.4
0
0
0
0
0
0
0
0
0
0
0
0
0
0
0
0
0
0
0
0
0
0
0
0
0
0
0
0
0
0
0
0
0
0
0
0
0
0
0
0
0
0
0
0
0
0
0
0
0
0
0
0
0
0
0
0
0
0
0
0
0
0
0
0
0
0
0
0
0
0
0
0
0
0
0
0
0
0
0
0
0
0
0
0
0
0
0
0
0
0
0
0
0
0
0
0
0
0
0
0
0
0
0
0
0
0
0
0
1.5
0
0
0.6
0
0
0
0
0
0
0
0
0
0
0
0
3.2
0.1
0
0
0
0
0
-99
0
0
0
0
0
0
0
0
0
0
0
0
0
0
0
0
0
0
0
0
0
0
0
0
0
0
0
0
0
0
0
-99
0
0
0
0
0
0
0
0
0
0
0
0
0
0
1.6
-99
-99
0
-99
2.4
0
0
0.4
-99
0
0
0
1.5
2.7
0
0
4.1
4
0
0
0
0
0
0
0
-99
-99
-99
-99
0
0
0
0
0
7.5
0
0
1
-99
0.5
0.4
-99
0
0
0
0.1
0.7
2.9
0
0.5
11.9
0
0
1.3
6
5
-99
0
0
0
0
-99
44.7
12.1
0
0
0
0
0
13.1
14
0.8
0
0
-99
0
19.2
2.7
0
0
0
1.1
-99
0
17.1
0
0.1
-99
0.4
22.3
-99
10.3
0
101.6
71.2
0
27.6
0
34.4
12.3
0
0
0
0
0
0
0
6.1
0
0
0
0
0
0
7
24
-99
-99
-99
0
0
0
0
0
0
5.3
1.4
0
0
0
-99
0
0.8
0
0
0
0
0
2
1
-99
11.2
0.2
0
-99
-99
0
27.9
-99
0
0
0
0
0
0
0
0
0
0
-99
0
0
0
0
0
0
0
0
0
0
0.3
0
0
0
10.6
-99
0
0
0
0
0
-99
0
0
1.6
0
0
-99
-99
0
0
0
0
0.3
0
-99
-99
-99
0
0
0
0
0
0
0
0
0
0
0
12.4
0
2.9
0
0
0
0
0
0
0
0
0
0
0
0
-99
0
0
0.2
1
0.8
0
0
0
0
0
0
0
0
0
0
0
0
0
0
0
0
0
0
0
0
0
-99
0
0
0
-99
0
0
0
0
0.9
0
0
0
0
0
0
0
0
0
0
0
0
0
0
0
0
0
0
0
0
-99
0
0.1
-99
0
0
0
0
0
0
0
0
0
0
0
0
0
0
0
0
0
0
0
0
0
-99
0
0
0
0
0
0
0
-99
3.6
0
0
-99
0
0
0
0
0
0
0
0
0
-99
2.1
1.8
7.4
0
0
0
0
1.3
0
0
0
0
0
0
0
0
0
-99
0
0
0
0
0
0
0
10.3
0
0
0
0
0
0
0
0
2.8
-99
6
0
0
26.7
-99
0
0
0
0
0
0
0
0
0
0
0
0
0
0
0
3.6
2.1
1.3
0
0
0
0
0
0
33.4
0
0
0
0
-99
0
0
0
0.2
0
0.2
-99
0
23.5
0
0
0
0
-99
16
0.6
0
-99
3.8
3.8
-99
-99
0.2
0
0
-99
0
0.4
0
4.2
46.1
-99
0
2.1
6.8
0
0
0
0
0
0.1
0.3
1.1
0.1
12
13
4.4
1.7
0
0
0
0
0
0
0
0
157.6
44.9
0
-99
0.2
-99
0.8
83.1
18.1
1.4
22.5
15
-99
0
2.7
0
0
0
10
0
0
0.5
9.9
12.6
0
-99
0
-99
0.4
0
2.4
0
0
0
0
0
0
1.5
0
-99
0
0
1.2
65.7
0
0
0
0
1.2
0
0
0
0.3
26.9
0.5
0
0
0
0
0
0
0
0
0
-99
0
11.9
0.6
0.6
0
0
0
0
0
0
0
0
0
0
0
3.7
0
0
0
0
0
0
11.1
0
0
0
0
17.3
0.2
0
0
0
0
0.4
0
0
0
0
0
0
15.5
48.1
-99
0
0
0
0
10.5
0.2
0
0
0
0
2.9
0
0
0
0
0
-99
0
0
0
0
0
0
0
0
-99
0
0
0
0
0
0
0
0
0
0
0.8
0
4.7
0
0.5
0
0
0
0.2
1.8
0
0
0
0
0
0
0.8
1.4
0
0
0
0
0
0
0
0
0
0
0
0
-99
0
0
0
0.4
0
0
0
0
2.6
0
-99
-99
0
0
0
0
0
0
-99
0.6
-99
0
2.5
0
0
0
0
0
0
0
0
0
0
0
0
0
0
0
0
0
0
0
0
0
3.1
0
0
0
0
0
0
0
0
0
0
0
0
0
0
3.2
0
0
0
0
0
0
2.1
1.1
0
0
0
0
0
0
0
0
0
0
0
-99
0
0
6.1
5.4
0
-99
0.5
0
0
0
0
0
0
0
0
0
0
-99
0
0
0
0.5
-99
0
0
0
-99
0
0
0
0
-99
0
0
0
0
0
-99
0
0
0
0
0
0
0
0
0
-99
0
0
0
0
-99
0
-99
0.5
0.2
0
0
0
0
-99
0
33.4
8
0.4
5.5
2.3
4.3
0.5
0.2
9.1
0
0
0
2.1
0.7
6.4
0
-99
0
2.7
0
52
3
-99
1.2
-99
53
0.3
2
11.9
0
0.6
0
0
0.1
22
5.3
1.1
-99
0
0
0
88.2
0.7
0
0
0
0
0
0
0
0
0
0.4
2.1
0
-99
0
5.6
25.7
0.1
0
16.5
4.6
-99
66.8
0.1
0
0
6.3
1.6
0
0.6
0
0.1
0
0
0
10.5
0.1
-99
0
0
0
0
-99
22.5
0
-99
-99
-99
2
0
0.8
11.1
-99
0
0
8.2
0
0
4.7
0.6
1
0
0
0.1
8.5
0.8
0
0
0.2
14
0
0
0
0
0
0
0
19.7
0
0
0
0
0
0
-99
0
0
0
0
-99
0
0
0
0
0
0.1
0
0
8.2
0
0
0
0
0
0
0
0
0
0
0
-99
0
0
0
0
0
0
0
0
0
0
0
0
0
0
0
0
0
0
0
0
0
0
0
0
0
0
0
0
0
0
0
0
0
0
0
0
0
0
0
0
0
0
0
0
0
0
0
0
0
0
0
0
0
0
0
0
0
0
0
0
0
0
0
-99
0
0
0
0
0
0
0
0
0
0
0
0
0
0
0
0
0
0
0
0
0
0
0
0
0
0
0
0
0
0
0
0.8
1.2
0
0
0
0
-99
0
0
0
0
0
-99
-99
0
0
0
0
0
2.2
-99
0
0
0
0
0
0
0
0
0
0
0
0
-99
0
0
0
0
0
0
-99
0
0
0
0
0
0
0
0
1.5
0
0
-99
0
0
0
0
0
0
0
0
0
0
0
0
0
0
0
0
5.3
0
-99
0
0
0
-99
2.5
-99
15.8
0
0
0
0
0.2
0.6
-99
0
0
0
0
0
0
0
19.2
0.2
0
0
0
-99
-99
-99
5.4
0
0
0
0
9.9
-99
0
0.1
0
0
0
0
0.8
-99
0
0
0
19
0
2
6.4
0.1
0
-99
17.3
0
0
-99
46.1
0.2
0
37.5
0
0.6
0
0
-99
1.6
0
0
0
0
19.3
31.4
0.1
-99
0
0
21.3
0
0
0
0
0
0.1
0
0
1.1
0.1
0
0
4.1
0.8
0.2
-99
0.5
0
0
0
0
0
31.4
-99
0
0
0
2.3
0
0
0
0
0
1.1
0
0
7.4
0
0
0
0
0
0
0
3.4
4.5
0
39.1
0
0
0
45.1
35.7
2.3
11.5
1.1
52.9
0
0
0
0
0.5
0
0
0
0.7
4.8
0
0
0
0
0
0
0.9
0.1
0
-99
12.4
4.1
0
4.3
0
0
0
0
5.7
5.2
0
8.7
0
0
0
0
0
0
0
0.3
0
0
0
0
0
0
0
0
0
0
0
0
0
0
0
0
0
-99
-99
0
0
0
0
0
0
0
0
0
0
0
0
0
0
0
0
0
0
0
0
0
0
0
0
0
0
0
0
0.2
-99
0
0
0
0
0
0
0
0
0
0.4
0
0
0
0
0
0
0
0
0
0
0
0
0
0
0
0
0
0
0
0
0
