20050101
0
0
0
0
0
0
0
0
0
0
0
0
0
0
0
0
0
0
0
0
0
0
0
0
0
0
0
-99
0
0
0
0
0
-99
0
-99
0.4
-99
-99
0
0
0
0
0
0
1.7
-99
1.2
0
0
0
0
0
-99
0
0
0
0
0.6
0.5
0
0
-99
0
0
0
0
0
0
0
0
0
0
0
0
-99
0
0
0
0
0
-99
0
0
0
0
0
0
0
-99
3.1
0
0
0
0
0
0.1
16.3
0.5
0
0
0
0
0
0
0
0
0
0
-99
0
0
0.1
0
0
0
0
0
0
0
0
0
0
0.1
4.3
0
0
0
0
0.6
0
0
0
1.6
0.3
4.7
7.9
0
0
0
9.5
0.1
0
0
0
0
4.9
0
15.5
-99
0
0
0
0
0.2
25.8
0
0.1
-99
-99
0
0
3.3
1.2
0
0
0
0
0
0.3
0
0
0
0.4
0.7
0
42.7
1
1.5
14.5
0
0
0
0
0
0
0
-99
2
-99
0
0
0
12.3
0
0
0
0
0
-99
0
0
36.2
32.4
0
0
14.8
53.3
0
0
6.5
1.4
0
0.1
7.4
0
0
0
0
0
0
0
0
17.6
9
0
0
9.6
1.1
0
0
0
0
0
0
0
1.1
0
0
0
0
0
0
0
0
0
0
0
0
0
0
0.5
0
0.1
0
7.5
0
32.9
4.5
0
0
0
1.2
0
0
8.4
0
0
0
0.1
0
1.9
0
0
0
0
0
0
3.2
0
0
0
0
0
-99
0.7
0
0
0
0
0
0
2.1
0
0
0
0
0
0
0.7
0
0
0
0
0
0
0
0
0
0
0
0
0
0
0
0
0
0
0
0
0
0
0
0
0
0
0
0
0
0
0
0
0
0
0
-99
0
0
0
0
0
0
0
0
0
0
0
0
0
0
0
0
0
0
0
0
0
0
0
0
0
0
0
0
1
0
0
0
0
0
0
0
0
0
0
0
-99
0
0
0
0
-99
0.3
0
0.6
0.6
0
0
-99
0
0
0
0
0
0
0
0
0
0
0
0
1.9
0
0
0
0
0
0
0
0
0
0
0
0
0
0
0
0
0
0
0
0
-99
0.9
0
0
0
-99
0
0
0
0
0
-99
0.3
0
0
0
0
0
0
0
0
0
0
0
0
0
0
-99
0
0
0
0
0
0
0
0
0
0
4.5
0
0
0
0
-99
-99
0
0
0
0
0
0
0
0
0
0
0
0
0
0
0
0
0
0
0
0
0
0.1
0
2
-99
22.3
0.1
0
3.1
3.8
0
0
0
-99
0
0
0
0
0
0
0
0
0
14.5
0
0
0
-99
1.4
0
3.6
0
0
0.7
1.8
1.2
0
0.4
1.2
0.3
5.3
0
0
0
0
0
0
0
0
0
5.6
0
5.1
0.3
0
0
12.8
6.1
0.9
0
0
0
0
0
0
0
10.2
6.6
28.7
0
23
0
0.1
0
2.1
-99
10.2
0
2.7
0
0
3.1
3.4
11.5
1.9
6.5
0
0
14.5
0.8
5.3
0.6
5.6
0.1
0
0
0
5.2
13.3
5.1
0.1
0.7
6
0
0
0
1.8
0
0.8
0
0
0
0
0
2.4
0.3
0
0.5
0.2
1.1
0
0
0
0
0
0
0
9.1
6.1
0
0
0
0
0
1
0.2
0
0
0
0
0
0
0
0
2.5
4
0
0
0
0
0.2
0
0
0
0
0
1.4
2.2
3.1
0
0
0
0
0
0
0
0
0
0
0
0
6.1
0
0
1
0
0
0.5
0
0
0
0
0
0
0
0
0
0
0
0
0
0
0
0
-99
0
0
0
0.3
0
0
0
0
0
-99
-99
1.7
0
-99
0.3
0
0
0
0
0
0
0
0
0
0
0
0
0
0
0
0
0
0
0
0
0
0
0
0
0
0
0
0
0
0
0
0.2
0.6
0
0
0
0
-99
-99
0
0
0
0
0
0
0
0
0
0
0
0
0
0
0
0
0
0
-99
0
0
0
0
0
-99
0
0
0
0
0
0
5.1
0.4
0
0
0
0
0
0
0
0
0
0
0
0
0
0
0
0
0
0
0
-99
-99
0
14
2.2
0
0
0
0
-99
0
0
0
0
0
0
0
0
4.2
-99
0
0
0
0
0
0
0
0
-99
1
0.2
0
0
-99
0
0
0
0
-99
0
0
0
-99
1.5
0
0
2.4
0
0
0
0
0
0
0
0.3
0
0
0
0
0
0
0.6
0
0
0
0
0
0
0
0.4
0
-99
7.4
0
0
0
-99
1.4
0
0
0
1.8
0
18.4
-99
0
0
0
0
0
0
4.4
0.3
0
0
0
0
0
0
0
0
1.4
0.3
-99
-99
16.2
0
0
0
0
0.4
2.7
0.7
-99
0
-99
3.6
0
0
0
2.1
4.5
1.2
0
0
2.1
5
0
0
-99
0.5
6.3
0
0
0
0
4.9
0
0
0
2.3
0
0
0
0
-99
0
0
0
0
0
-99
6
-99
4.7
0.9
8.4
2.1
0
-99
25.9
0
0
0
0
0
0
0
0
0
0
0
0
0
0
0
0
-99
-99
21.7
0
0.3
0
0
0
3.6
0.3
2
0
0
0
0.4
0
0
0
0
0
1.6
2.2
0
0
4.3
13.3
0
0
0
0
0
0
0
4.1
2.2
0
0
0
9.1
0
0
9.7
2.9
11.2
0
0
0
0
0
0
3.7
0
0
0
0
0
0
0
0
0
0
2.5
0
0
11.6
-99
0
0
0
0
0
0
0
0
0
-99
0
0
0
0
-99
-99
0.5
0
0
0
0
0
0
0
0
0
0
0
0
0
0
0
0
0
0
0
0
0
0
0
0
0
0.5
0
0
0
0
0
0
0
0
0
0
0
0
0
0
0
0
0
0
0
0
0
0
0
0
0
0
0
0
0
0
0
0
0
0
-99
0
0
0.2
0
0
1
0.7
-99
0
0
0
0
0
0
0
0
0
0
0
0
0
-99
0
0
0
0
0
0
0
0
0
0
0
0
0
0
0
0
0
0
0.2
0.2
0
0
0
0
0
-99
0
0
0
0
0
0
0
0
0
0
0
0
0
0
0
0
0
0.5
10.5
0.2
0
0
0
0
0
7
0.6
0
0
1.1
0.3
0
0
-99
0.9
0
8
0.3
1.4
0
7.2
0
0
0
0
0
0
-99
5.4
1.5
2.1
0
0
0
0
0
0
0
0
0
-99
1
0
0
0
0
0
10.4
0
0.9
0.5
0
0
0
0
0
0
0
0
0
0
0
0
0
1.3
1.4
0
0
0
0
0.1
0
15.6
0
0
0
0
0
0.2
0.7
2.2
1.9
0.7
11.6
0.5
-99
0
0
0
15.1
0
0.9
0
0
1.7
0
5.1
11.8
6.1
6.7
0.6
0
0
1.5
0.5
0
0
0
0
0
0
0
0
13.7
6
0
0
0
0.1
0
1.6
0
0
0
0
0
0
0
0
0
2.6
-99
1.7
0
0
0
0
-99
15.2
17.7
11.7
0
0
19.8
0.3
0
0
-99
2.1
0
0
19.6
0
0.7
0.1
0.7
1.5
0
0
6
18.1
0
0
0
0
2.1
0.2
0
5.5
0
9.2
4.3
0
0
0
1.8
3.8
2.5
0
0
0
0
21.4
0.2
0.6
8.2
-99
0
0
0
0
0
0
0
0
4.6
5.2
0
3.8
2.9
2
0
0
0
0
0
0
0
0
6.1
0
0
0
3.2
0
0
0
0
0
0
0
0
0
0
0
0
0
0
0
0
0
0
0
-99
-99
-99
0
0
0
0
-99
0
0
0
0
0
0
0
0
0
0
0
0
0
0
0
0
0
0
0
0
0
0
0
0
0
0
0
0
0
0
0
0
0
0
0
0
0
0
0
-99
0
0
0
0
0
0
0
0
0
0
0
0
0
0
0
0
0
0
0
0
0
0
0
0
-99
0
0
0
0
0
0
0
0
0
0
0
0
0
0
0
0
0
0
0
0
0
0
0
0
0
0
0
1.9
0
0
0
0
0
0
0
0
0
0
0.1
-99
0.2
-99
0
0
0
0
0
0
3
0
0
0
0
0
0
0
-99
-99
0
0
0.6
0
0
0
0
0
0
0
0
0
0
0
0
0
0
0
0
0.3
2.5
0
0
0
0
0
0
-99
5.8
1
0
0
11
-99
0
0
0
0
4.2
0
3.6
0
0
0
0
0
0
0.2
6.2
0
0
0
0
4
0.3
5.7
0
0
0
0
0.5
0
0
0
0
0
0
4.2
0
0
0
0
0
0
-99
0
12.3
1.5
11
0
0
0
0
0
0.4
0
5.7
0
2.8
-99
0
0
0
0
0
-99
-99
0.3
0
0
0
0
0
0
0.6
1.1
0
0
1.4
0
4.7
1.7
0
2.1
0
0
0
8.3
10.1
11
1.1
0
0
0.7
0
0
0
0
13.1
20.7
1.1
0.1
5.2
0
0
3.2
-99
0
0
0
0.3
0
0
0
0
0
0
2.1
0
9.2
6.2
0
-99
0
0
3.4
0.8
0.2
1.9
0
0
9.8
2.1
0
2
0
0.3
-99
38.3
10.4
0
0
-99
0
0
0
0
0
0
0
0
-99
1.7
0
0
0
0
0
4.8
0
0
0
1.1
0
0
0
0
0
0
1.4
3.4
0
0
1.1
2.5
0
0
0
0
0
0
0
0
0
0
0
0
0.4
0
0
0
0
21.2
0
0.7
0
0
0
0
0
0
0
0.1
4.4
0
0.6
0
0
0
0
0
0
0
0
0
0
0
0
0
0
0
0
0
0
0
0
0
-99
0
0
0
0
0
0
0
0
-99
0
0
0
0
0
0
0
0
0
0
0
0
0
0
0
0
0
0
0
0
9.1
0
0
-99
-99
0
0.1
0
0
0
0
0
0
0
0
0
0
0
0
0
0
0
0
0
-99
0
0
0
0
0
0
0
0
0
0
0.1
0
0
0
0
0
0
0
0
0
-99
0
0
0
0
0
0
0
0
0
0
2
0.5
0
0
4.1
0
0
-99
2.3
0
0
0
0
0
5
0
0
0
0
-99
-99
0.2
-99
0
0
0
0
0
0
0
7.9
0
0
0
0
0
0
0
0
0
0
0
0
1.9
0
0
0
0
0
2.5
2.7
0
20.2
2.2
0
0
4.2
0.1
-99
0
0
0
0
0
5.4
20.1
7.7
0
0.2
0
0
0
0
0
0
2.2
0
0.1
0
7.2
0
0
0
0
-99
0
0
0
7.9
1.2
0
0.1
0
0
0
0
0
0
0
0
0
0
0.6
-99
0.2
0.1
0
0
18.3
0.8
0.9
-99
0
0
0.4
0
0
0
0
-99
8.9
0
-99
10.3
0
0
-99
0
0
-99
0
37.6
14.1
8.4
0
-99
0
6.3
2.8
0
0
0
0
0
0
0
0
0
0
0
0
0
0
0
0
1.2
4.5
12.7
0
0
17.9
0.1
2.9
0
-99
0.5
0
0
0
0
0.6
4.2
0
0
18
0
0
0
0
0
0.4
0
0
1.2
0.5
0
0
12.9
0
0
0
5.6
0.8
0
0
0
0
0
0
0
1.1
24.5
36.8
0
26.3
29.4
0
0
0
0.1
0
0
0
0
0
4.8
0.4
0
0
0
0
0
0
0
8
0
0
0
0
0
0
0
1.7
0
0
0
0.3
4.5
0.2
0
0
0
0
0
0
0
0
0
0
0
0
0
-99
0
0
0
-99
0
0
0
0
0
0
0
0
0
0
0
0
0
0
0
0
0
0
0
0
0
0
0
0
0
0
0
0
0
0
0
0
0
0
0
0
0
0
0
0
0
-99
0
0
0
0
0
0
0
0
0
0
0
0
0
0
0
0
0
0
0
0
0
0
0
0
0
0
0
0
0
0
0
0
0
0
0
0
0
0
0
0
0
0
0
0
0
0
0
0
-99
0
-99
0.4
0
0
-99
0
0
0
0
0
0
0
0
0
5.2
0.9
0.6
0
0
0
0
0
0
0
0
0
0
0
0
0
0
0
0
0
0
0
0
0
0
0
0
0
0
0
0
0
0
0
4.6
0.3
0
0
0
2.7
0
0
0
0
0
0
0
0
0
0
0
0
0
0
0
0.1
0.4
0
1.7
0
0
0
-99
0.5
0
0
0
10.9
0
0
0
14.8
0
0
0
0
0
0
0
0
0
0
0.2
0
0
0
0
0
0
0
0
0
0.5
0
0.6
0
0
0
0
0.6
2.8
0
11.5
0
0
0.2
0
0
0
1.7
1.4
0
0
0
0
0
0
0
9.8
0
0
0
0
0
6.7
0.1
0
0
-99
0.5
0
0.7
0.1
0
0.1
0
-99
2.5
0
0.4
3.8
0
3.2
0.1
0
-99
0
0
3.9
2.5
10.9
-99
0
6.4
1.1
0
0
0
0
0
7.6
5.7
0
0
10.2
6
0
0
16.5
2
3.5
0.3
8.1
0
0
0
0
0
0
0
13.3
2.2
9.9
0
2.8
0
0
0
0
1.9
0
0
0
0
0
0
3.2
0
0
0
-99
2.7
6.1
0
0
0
0
0
0
0
0
0
0.8
0
1.8
0
0
0
0
0
2.3
0
0
0
0
-99
0
0
0
12.7
1.5
0
0
0
0
0.8
0.3
0
0
0
0
0
-99
0
0
0
0
0.1
0.7
0
-99
1.4
0
0.2
0
3.1
0
0
0
0
0
0
0
0
3.3
0
0
0
0
0.2
0
0
0
0
0
0
0
0
0
0.9
0
0
0
0.3
-99
0
0
0
0
0
0
0
0
0
0
0
0
0
0
0
0
0
0
0
0
0
0
0
0
0
0
0
0
0
0
0
0
0
0
0
0
0
0
0
0
0
0
0
0
0
0
0
0
0
0
0
0
0
0
0
0
0
0
0
0
0
0
0
0
0
0
0
0
0
0
0
0
0
0
0
0
0
0
-99
0
0
0
0
0
-99
0.2
-99
0
1
0
0
0
0
0
0
0
0
0
0
2.2
0
0
0
0
0
0.1
-99
0
0
0
0
0
3.7
0
0
0
0
0
0
0
0
0
0
0
1.1
0
0
0
0
0
0
0
3.3
0
0
0.4
0
0
4.4
0
0
0
0
0
0
0.3
0
0
0
0
0
0
0
0
0.7
55.1
9.2
0
0
0
0
0
0
1
0
3
4.3
0
0
0
0
0
0
3.8
0
6.1
5
-99
1.4
0
0
0
0
0
3.9
0.9
0
0
0
1.1
0
0
0
0
0.6
1.7
8.6
1.6
0
9
0
0.4
0
7.6
0.1
0
0
0
0
1.4
13.8
1.8
0.1
3.2
17.5
1.2
0
-99
0
0.8
0
0
0
0
0
-99
31.8
0
0
0
5.1
3.8
0
11.1
0.3
12
38.1
0
0
0
0
0
0
5.8
3
0
0
4.5
0
0
25.8
0
0
0
0
0
0
0
0
0
0
0
0
18.7
0.1
0
0
0
23.7
16.1
0
0
0
0
0
0
0
0
-99
0
0
0
0
0
0
0
0
0
0.1
0
0.5
0.4
14.7
0
3.7
0
0
0
0
0
0
1.1
0
0
0
0
2.5
0
0
0
0
0
0
9.9
0
0
0
0
8.8
0
0
0
0
0
0
0
0
0
0
0
0
5.6
0.9
1.1
0
0
0
0
8
0
0
0
0
1.4
2
0
0
0
0
0
0
0
0
0
0
0
0
0
0
0
0
0
0
0
-99
0
0
0
0
0
0
-99
0.8
0
0
0
0
0
-99
-99
0
0
0
0
0
0
0.5
0
0
0
0
0
0
0
0
0
0
0
0
0
0
0
0
0
0
0
0
0
0
3.5
0
0
0
0
0
0
0
0
0
0
0
0
0
0
0
0
0
0
0
0
0
0
0
0
0
0
0
0
0
0
0
0
0
0
0
0
0
0
0
0
0
0
0
0
0
0
0
0
0
0
9.2
0
0
0
0
0
0
-99
0
0
0
0
0
0
0
0
0
0
0
0
0
0
0
0.7
0
0
0
0
0
0
0
0
0
0
0
0
0
0
0.7
0
0
0
0
0
0
0
0
0
0
0
0
0
0
0
0
0
0
0
1.7
0
0
0
0
0
0
0
0
0
0
0
0
0
8.8
7.4
0
0
8.4
2.2
0
0
0
0
0.3
0
16.8
15.5
5
15.3
0
5.8
0
0
0
0
0
0
9.9
0
0
0
0.9
0
1.3
13.2
4.7
3.5
-99
0.1
14.7
0
26
28
1.1
0
0.1
0
13.5
8.3
21.7
0.9
9.2
1.3
0
0
1.5
60.7
0
0
1.3
1.1
0.8
0
0
0
0
0
0.1
15
0
0
0.3
3.9
0.3
4.6
2
9.2
0
0.4
10.2
4.7
0
0
1.2
0
0
0
0
0
0
0
0
2.7
0
0.6
0
0
0
0
0.4
20.1
0
0
0
0.1
0
0.1
2.6
0
0
0
0.6
4.7
1.7
0
2.4
-99
0
0
0
0
13
5.4
0
0
0
8
0
0
0
0
0
0
0
8.7
0
0
0
0
0
0.2
0
0
0.3
0
0
0
0
0
0
0
0
0
0
0
0
0
0
0
0
0
0
0
0
0
0.1
0
0
0
0.5
0
0
0
0
0
0
0
0
0
0
0
0
0
0
0
0
0
0
0
0
0
0
0
0
0
0
0
0
0
0
0
0
0
0
0
0
0
0
0
0
0
0
0
0
0
0
0
0
0
0
0
0
0
0
0
0
0
0
0
0
0
0
0
0
0
0
0
0
0
0
0
0
0
0
0
0
0
0
0
0
0
0
0
0
0
0
0
0
0
0
0
0
0
1.8
0.1
0
0
0
0
0
0.1
0
0
0
0.9
0
0
0
0
0
0
0
1.9
0
1
0
0
0
0
0
0
0
0
0
0
0
0
0
0
0
0
0
0
-99
0
0
0
0
0
0
0
0
0.3
0
0
0
0
0
0
0
0
0
0
0
0
0
0
0
0
0
0
0
5.8
0
11.4
0
0
0
0
0
6.9
0
0
0
0
0
0
0
0
0
0
0
0
0
0
19.2
20.9
0
0
0
0
0
3.5
0
1.6
0
0
0
0
3.4
0
0
0
0
0
0
0
2.8
0.3
0
0.7
0
10.1
0
1.3
0
0
0
0
0.8
0
0
4.5
14.3
0
0
0
3.7
0.6
0
10.7
11.7
0
0
0
0.9
0.2
9.1
6.5
2.2
0
0
0
1.9
0
0
2
0
0
0
0.1
0.2
0.1
3.1
0
0
0
11.9
4
0.1
0
0
0
0
0
5.4
16.8
0
0
0
1
8
0
0
0
0
10.9
0
0
1.7
29.3
0.8
1.9
0
8
0
0
0
0
2.1
2.8
0
0
0
0
13
0.4
39.3
1.5
12
4.4
0
0
0
0
1.9
0
0
0
11.1
5.7
0
2
0
0
0
0
0
0
0
4.7
17
0.2
0
3.9
0
0.2
0
0
11.7
0.1
1.8
0.6
0
0
0
0
0
0
0.1
-99
0
0
0
0
0
0
0
0
0
0
0
0
0
0
0
0
0
0.3
3.8
0
0
0
0
0
0
0.6
0
0
0
0
0
0
0
0
0
0
0
0
0
0
0
0.1
0
0
0
0
0
0
-99
0
0
0
0
0
0
0
0
0.5
-99
0
0
0
0
0
0
0
0
0
0
0
0
0
0
0
0
0
0
0
0
0
