20050101
0
0
0
0
0
-99
0
0
0
0
0
0
0
-99
0
0
-99
-99
-99
-99
0
0
0
0
0
0
0.2
0
-99
0
0
-99
0
1.9
0
0
0.3
0.2
-99
-99
0
0
0
0
0
0.9
0.6
0.8
-99
-99
-99
0.1
1.8
0.1
0.1
0
0
0
0
-99
-99
0.2
-99
0
0
0
0
0
0
0
0
0
0
0
0.4
0.1
0
0
0
0
0
-99
0
0
0
0
0
0
0
0
0.2
-99
0
0
0
0
0
13.1
2
0
0
0
0
0
0
0
0
0
0.2
-99
0
0
-99
0
0
0
0
0
0
0
0
0
0
3.2
2.5
0
3.1
-99
0
2.7
-99
0
0
-99
0
0.3
7.8
0
0
0
-99
0
0
-99
0
0
2.8
0
5.5
0.2
0.3
4.2
-99
0
0
2.3
0
1.1
0.7
0.4
0
0.1
2.4
7
0.8
0.7
0
4.9
1.4
-99
0
0
0
4.6
1.3
4.8
0.3
3.9
0
28.1
0
0
0
13.3
0
0
0
-99
-99
0.7
7.2
2.5
0
27.7
0.1
-99
0
0
0
-99
0
0.6
21.3
0
0
0
4
12.8
-99
0
-99
5.7
4.2
0
0
1.8
17.4
11.6
0
0
0.9
-99
-99
18.9
1
0
-99
2.2
-99
0
0
0
0
0
0
0.4
0
5.2
0
0
0
0
0.2
0
0
0
0
0.2
0
0
0
0.4
7.9
-99
0
4.3
0
1.9
1
0
-99
7.3
0
0
0
4.2
0.2
1.4
0.1
2.2
0
2
2.2
0
0
0
0
-99
0
0
0
0
0
0
0
0.2
0
0
0
0
0
0
5.5
0
0
0
0
0
0
0.1
0
-99
0
0
0
0
0
0
0
0
0
0
0
0
0
0
0
0
0
0
0
0
0
0
0
0
0
0
0
0
0
0.3
0
0.3
-99
-99
-99
-99
-99
-99
0
0
0
0
0
-99
0
0
0
-99
0
0
0
-99
-99
0.2
0.5
0
0
0
0
0
0
0
0.1
0
0
0
0
0
0
0
0
0
0
0
-99
-99
0
0
0
-99
0
0
0
0
-99
0
0.2
0.2
0
0
0
-99
0
-99
0
0
0
0
0.2
0.1
-99
0
0
-99
0
0
0
0
0
0
0
0
0
0
-99
0
0
0.1
-99
0
0
0.4
-99
0
0
0
0
0
0
0
0
-99
0
-99
-99
0
0
0
0
0
0
0
0
0
0
0
0
-99
0
0
0
0
0
2.6
0
0
0
-99
1.4
0
-99
0
0
0.1
-99
0
0
0
-99
0
0
-99
0
0
0
0
0
0
0
0
-99
0
0
0
0
0
0.2
0
0.2
-99
21.1
-99
0
0
14.3
0
0
0
-99
0
0
0
-99
0
0
0
0.1
3.5
10.7
8
0
-99
-99
2.6
0
6
10.8
0
0
0.2
-99
-99
2.1
1.1
1
0.8
2.8
-99
0
0
0
0
0
0.4
0
1.9
6
6.6
0
0
0
-99
16.7
3.6
-99
0
4.5
0.9
4.9
0
0
21.5
3.8
4.8
0
2.4
0
0
0
0
66.5
21.7
-99
-99
0
0
3
60
1
0.2
0
0
14.8
2.5
0
0
-99
0
-99
1.6
0
-99
-99
0
-99
-99
0
-99
0
0
9.5
0
0
0
0
0
0
0
0.1
0
0
0
4.6
7.2
0
0
1.1
4
-99
0
0
0
-99
20.4
-99
0
0
0
0
0
-99
0
0
0
0
0
0
0
0
1.2
7.1
0
0
0
0
0
0
0
0
0
0
-99
0
2.7
0
1.7
0
0
-99
0
0
0
0
0
0
0
6.8
-99
0
0
-99
0
0
0
0
0
0
0
0
0
-99
0
0
0
0
0
0
0
0
0
-99
-99
0
0
0
0
0
0
0
0
0
1.4
-99
-99
0.1
0
0
-99
0
0
0
-99
-99
-99
-99
-99
0
0
0
0
0
-99
-99
0
0
0
0.2
0
0
0
0
0
-99
-99
0
0
0.7
0.2
0
0
0
0
-99
0.1
0
0
0
-99
-99
-99
0
0
0
0
0
0
0
0
-99
0
0
-99
-99
-99
0
0
-99
0
-99
0
0
0
0
0
0
3.5
0.9
-99
0
0
0
-99
0
0
0
-99
0
0
0
0
-99
0
0
0
0
0
0
-99
0
2.8
9.1
0
0
0
-99
-99
0
0
0
0
0
0
0
0
0
0.2
-99
0
0
-99
0
0
0
0
0
8.7
-99
-99
-99
0
0
0
0
0
0
0
0
0
0
5.8
0.3
0
0
0
0
0
0
-99
0
0
0
0
0
0
0
0
0
0
0
0
0
0
0
0
0
-99
-99
0
1.9
0
0
0
5.7
1.7
4.6
0
0
1.5
0
4.8
-99
3.7
-99
0
0
0.1
0
1.2
2.9
0.4
0
-99
0
0
0
0
0
-99
-99
-99
-99
2
0
0
0
0
-99
2.6
0
0
0
0.5
0.2
1.6
0
0.2
-99
1.1
0.7
0
-99
1.4
0
1.9
0.4
0.8
1.3
6.5
0.3
0.1
0.1
-99
0.8
4.4
11.2
5.8
12.2
0
0
0
3.5
0
0
0.7
0
0
0
0
41.2
5.9
29.4
3.2
6.2
15.8
0
7.5
6
0.7
0
0
0.8
0.1
0
0
0
0
0
0
0
0
0
0
0.9
0.3
0
0
0
0
0
0
0
0
0
0
0
0
-99
0
0
0
0
-99
-99
4.2
3.1
0.8
0
0
8.5
0
0
0
0
0
0
0
-99
0
0
0
0
0
0
0
-99
1.2
1
0
0
0
0
0
0
9.1
0
0
0
0
0
0
0
0
0
0
0.4
0
0
0
0.6
0
0
-99
0
0
0
0
0
0
-99
0
0
0
0
0
0
5.6
0
0
0
0
0.3
0
0
0
-99
0
-99
0
0
0
0
0
0
-99
-99
0
0
-99
0
0
0
0.8
-99
-99
0
-99
-99
0
-99
0
0
0
0
0
0
0
0
-99
0.8
0.1
-99
-99
0
0
0
0
0
0
0
0
0
0
0
0
0
0
0
0
0
-99
-99
0
-99
0.8
-99
-99
0
0
0
0
0
-99
0
0
0
0
0
0
-99
-99
-99
0
0
0
0
0
0
0
0
0
0
0
0
0
0
0
0
0
0.1
0
0
0
-99
-99
-99
0
0
0
-99
0
0
0
0
-99
0.2
0
0
-99
0
0
0
0
0.2
4.1
0
0
-99
-99
-99
0.2
1.6
0.9
0.7
0
7.8
0.4
-99
0
0
1.1
0
5.9
0.3
6
0
5.1
-99
0
0
0
0
0
0
3.5
2.5
4.3
0
0.4
0.5
0
0
0
-99
-99
0
0
4
0
0
0
0
0
2.3
0.1
-99
0.1
0
-99
0
0
0
0
0
-99
0
0
0
0
0
0
-99
0
0
0.1
-99
1.1
8.2
2.3
2.2
0
-99
0.4
0
-99
-99
-99
4.7
7.9
4.5
1.2
0
10.6
12
0
0.1
0.1
0
14.8
1.4
3.4
1.2
3.5
4.2
1.8
4.8
0
2.6
0
7.8
0.3
0
0
0
0
0
0
0
0
6.1
2.7
0.3
0
0
0
0
0
0
0
0
-99
0
0
0
25.7
0
26.5
1.7
0.3
0
0
0
0
-99
5
5.3
43.6
17.2
0
0
0
0
0
0
10.5
0
0
22.4
0
0
-99
0
6.3
0
0
0
8.9
0
0
0
6.7
0.5
1.2
0
4
0
3.5
0.8
0
0
6.5
-99
0
-99
0
0
0
0
2.8
1.5
0
-99
0
0
0
0
0
0
0
0
0
2.1
15.9
0
0
1.5
1.9
0
0
0
0
0
0
0
0
2.1
0
0
0
2.1
1.7
-99
0
0
0
0
3
0
-99
0.2
0
0
0
0
0
0
0
0
0
0.5
0.3
4.4
0
0.2
0.1
0
0
0
0
0
0
0
-99
-99
0.1
0
-99
0
0
-99
0
0
-99
0
0
0
0
0.2
0.6
0
0
0
0
0
0
0
0
0
0.7
-99
0
0
-99
-99
0
1.2
-99
0.2
-99
0
0
0
0
-99
0
0
0
-99
-99
-99
-99
-99
0
0
0
0
-99
0
0
0
0.1
-99
-99
0
-99
0
0
0
0
0
0
0
0
0
0.3
-99
0
0
0
0
0
0
0
0.1
0
0
0
-99
-99
-99
-99
0
0
-99
-99
0
0
0
0
0
0
0
0.1
3
-99
0
0
0
0
0
2.1
-99
0
0
0
0
0
0
0
0
0
0
0
0
0
0
-99
0.9
0.3
-99
0
0
2.6
0
0
0
0
0
0
-99
4
-99
0.1
0
1.4
0
0
6.1
1.7
3.9
0
0
5.6
0.3
0
0
0
0
-99
0
4.4
0
0
0
0
0
0
0
6.8
0
0
0
0
-99
7.5
0
0
0
0
0
10.4
0
0
0
1.7
0
0
2.9
0
0
0
0
0
0
0
0
23.4
0.8
32.3
0.6
0.5
0.2
0.5
0.1
0.4
-99
2.3
0
1.1
-99
0
0
0
0
0
0
-99
-99
0
1.5
0.1
0.3
0
0
2.3
21.9
0.9
0
0
0
0
3.3
0
0.7
0
0
0
6.8
7.3
0.7
0.8
2
0.4
2
7.1
0
0
0
5.3
0.8
0.3
0
-99
0
0
0
0
0
0
0
1.9
0
0
0
0
-99
-99
3.2
11.8
0
1
0
0
0
0
0
1.5
0
1.4
0
0
0.2
0
4.5
0.7
0
-99
-99
3.1
0
0
0
0
-99
0
0
0
0
2.2
0.2
0
2.7
0.5
0
0
0
0
2.8
0.3
0
0
-99
1.1
1.2
0
0
0
0
0
-99
0.6
0
0
0
0
-99
0
0
6.5
0.4
0.7
-99
-99
0
0
0
0
0.1
0
0
0
0
-99
-99
0.3
0
0
0
0
0
0
1.7
1
-99
0
2.6
0
-99
-99
0
0
-99
0
0
0
0
0
0
0
0
0
0
0
0
0
-99
-99
-99
0
0
0
0
0
0
-99
0
-99
0
0
0
0
-99
0
0
0
0
0
0.2
-99
-99
-99
0
-99
0.1
0.1
0.1
-99
3.4
0.2
0
0
0
2.3
0.1
0
0
0
0
0.2
0
0
0
0
0
0.7
0
-99
-99
-99
-99
0
0.3
0.1
0
0
-99
0.3
0
0
0
0
0
0.7
0
0
0
0
0
-99
0
0
-99
-99
-99
0
0
0
0
0
0
0
1.1
1.6
0
-99
0.4
0
0.7
-99
0
-99
2.8
0
0
0.6
0.7
0
1
-99
-99
0
0
0
-99
0
-99
0
0
0.1
0
0
0
0
5
0.7
0
0
0
0
-99
0
0
0
-99
0
4.3
0.8
0
0
0
0
0
-99
0
0.7
0
-99
0
0
2
0.1
0
0.2
0
0
0
0
-99
0
13.6
0
4.7
0
2
1.2
0.1
0
0
2.5
0.1
-99
1.3
10.9
0
0
0
3.1
-99
-99
0
-99
5.7
5
0
0
3.4
3.2
0
0
0.1
0
0
0
0
0
1.5
0
0.9
0.5
0.1
0
4.9
0.9
0
0
0
0
0
0
0
0
0
1.9
0
0
0
2.4
0
0.4
0.9
0
0
-99
0
3
11.6
13.7
0.6
0
-99
11.1
0
0
-99
0
-99
0
0.1
0
-99
0
3.7
-99
4.1
0.1
2.3
2.9
0
0.2
3.4
3.6
0
0
9.3
2.1
0
0
-99
0.9
0.3
0
0
-99
10
1.2
-99
0
16.2
0
0
0
0
0.3
0
0
-99
0
0
1.5
0
0
0
0
0
0
0
6.4
5.5
0
0
0
0
3.6
11.9
27.2
16.8
0
10.3
22.1
0
0
0
1.2
0
0
0
0
0
4.9
7.3
0.4
0
0
0
0
0
0
23.1
3.1
0
0
0
0
0
0
1.6
3.2
0
0
0
3.3
0.2
0
0
0
0
0
0
0
0
0
0
0
0
0
0.2
1.1
0
-99
0.3
0.2
-99
0
0
0
0
0
0
0
1.7
0
0
0.1
0
-99
-99
0.2
0
0
0
-99
0
0
-99
0
0
-99
0
0.3
0
0.1
0
0
0
0
0
0
-99
0
0
-99
-99
0
0
0
-99
-99
0.7
-99
0.1
-99
-99
0
0.1
0.1
0
0
-99
0
0
-99
0
0
-99
0
0
0
-99
0
0
0
-99
-99
0.1
-99
0
0
-99
0
0
0
0
0
0
-99
0
-99
0
-99
-99
0
-99
0
0.1
0
0
-99
-99
0
0
0
0
0
0
0
0
4.3
0
0.1
0
0
-99
0
0.6
-99
0
0
0
0
0
0
0
0
-99
0
0
0
0
0
0.1
0
0
0
0
0
0
0
0
0
0
0
0
0
0
0
-99
0
0
0
0
0
0
0
0
0
0
0.1
0
0
0
3.7
0
0.3
0.1
0
0.2
0
0
9.7
1.5
0
0
0
1.3
8.5
0.6
0
0
-99
0
0
4.7
0
0
0
0
0.1
0.5
0.1
0
0
0
0
0
0
2.2
0
0.1
1.6
4.6
1.6
0
-99
0
0
9.2
1.5
-99
0
0
0.1
6.4
0.3
0
-99
9.4
13.6
0
0
0
0
0
0.4
22.3
0
0
0
0
0
0
12.5
12.3
-99
0
0
13.8
0
4.7
1.1
0
-99
0.4
-99
2.1
0.5
9.3
1
0
1.5
1.1
-99
4.7
-99
0
15.6
13.2
0
0
0
1.3
1.2
0
0
0
-99
0
0
-99
0
0
0
0
0
0
0
18.4
1
0
0
0
0
0
0
-99
0
0
-99
0
0
0
0
0
0
0
0
5.3
0
0
0
0
0
0
0
0
1.9
0
0.8
5.4
-99
0
0
0
0
0
0
0
0
0
1.1
-99
1.9
0
0
0
0
0
0
0
0
0
0
0
0
0
0
3.6
-99
1.1
1
0
0
0
0.1
0
0
1.8
0
0
0
0.5
0
0
0
-99
1.1
0
-99
1.6
0
0.4
0
0
0
0
0
0
-99
0
0
0
-99
-99
-99
-99
0
1.7
0
0
0.5
0
0
-99
0
0
0
0.2
-99
0
-99
-99
0.1
0.1
0
-99
-99
-99
-99
-99
0
0
0
0
0
0
-99
-99
0
0
0
0
0
0
0
0
0
0
0.1
0
0
0
-99
0
0
0
0
0
0
0
0
-99
0.5
-99
0
0
0
0
0
0
0
0
0
0
0
0
0
0
0
0
0
0
0
0
0
-99
0
0
0
0
0
0
0
-99
-99
0
0
0
0
0.5
0
0.2
0
0
0
0
0
0
0
-99
0
0.9
0.1
-99
0
0
-99
0
0
0
0
0
0.3
0.4
0.1
0
0
0
0
3.9
0
0
0
0
0
0.4
4.6
1.3
0
-99
0
0
0
0
0
0
0
0
0
0
0
0
0
0
0
-99
0
0
0
0
0
12.4
0
0
0.1
0
0
0
4.1
1.8
0
0
0
0
-99
0
0.5
0
6.9
1.7
0
0
0
0
0
0
0
0
0
-99
0
0
0
0
0
0
4.1
0
-99
3
0
3
0
0
-99
0
-99
0
0
2.6
6.4
29.6
4.8
5.3
0
0
0
-99
4.9
2
13.8
0.5
2.7
5
0.8
0.2
0.3
0
0
0
0
0
0
3.8
5.7
18.2
1
0
0.4
4.8
14
-99
0
0
0
0
0
8.8
12.8
17.2
15.4
0
0
1.2
0.7
0
1
0.1
0
17.8
-99
0
0
0
0
0
0
-99
0
0
1
0
0
4.8
4
0
0
0
0
-99
0
0
0
0
0
2
5.6
-99
0
0
-99
1.9
36
-99
0
0
0
0
0
0
0
4.7
0.4
1.8
0
0
0
0
0
0
0
-99
0.5
0.2
0
10.2
0
6.3
0.3
0
0
0
0
0
0
0
0
0
0
0.7
0
-99
0
0
0
-99
5.5
0
0
0
0
12
0.5
0
0
0
-99
0.4
0
-99
0
0
0
0
2.6
4.6
1.9
0
0
0
0
2.2
1.5
0
0
0
0
2
0
-99
0.1
0
0
2.2
0
0
0
0
-99
0.1
0
0
0.1
0.1
0.2
0
-99
0
0
-99
0
0.5
0.1
-99
0
0.5
0.1
0
0
0
0.1
0.6
0.9
-99
-99
-99
0
0
0
0.4
0
-99
0
-99
-99
0
0
0
0
0
-99
0
0
0.2
0
0
0
-99
0
0
0
0
1.5
-99
0
-99
-99
0
0
0
0
0
0
-99
0
0
0
-99
-99
-99
0
0
-99
0
0
-99
0
0
0
0
-99
-99
0
0
0
0
0
0
2
0
0
-99
0
0
0
0
0
0
0
0
-99
0
0
-99
0
0
0
0
0
0.6
-99
-99
0
0
-99
0
0
0
-99
0
0
1
0.9
0.7
0
0
0.2
0.2
-99
-99
0.3
0.6
-99
0
0
0.4
0
0
0
4.1
-99
0
0
0
1.7
0.3
0.5
0
0
0
-99
0
0
0
-99
0.2
0
0
0
0
0.6
3
2.7
0
0
0
0
0
0
1
0
0.2
0
0
0
-99
-99
0
0
0.4
0
-99
0
0
0
-99
0
1.2
0
0
0.5
3.2
5.8
0
0
0
0
0
0.8
31.5
0
0
0
0
0
2.5
2.4
32.2
4.6
4.2
0.7
38.3
-99
7.7
1.4
1.7
0
0.1
0
3.6
37.3
0.2
1.2
0
-99
0
0
0
41.2
0
0
0
4.2
-99
0
-99
0
0
0
0
8.3
0
-99
4.4
38.7
0.1
0
0.8
1.6
0
-99
0.1
1.4
0
7.8
25.7
9.3
0.4
0.9
0.6
5.3
0
0
0
6.8
0
0
0
0
0
0
0
16.9
3.1
0.1
0
0
0
0
-99
0.9
0.1
0
16.7
1
0
0
11.3
5.8
0
0
8.4
0
2.7
4.4
0
0
0
0
0
0
0
0
0
0
-99
9
0
0
0
0
0.1
0.3
0
0
6.2
0
0
1.6
0
0
0
0
0
-99
0
0
5.8
-99
0
0
0
0
-99
0.3
0
0
-99
1.3
-99
0
-99
0.1
0.1
0
0
0
0
0
0
0
0
-99
0.1
0
0
0
0
0
0
0
-99
-99
0
0
0
0
0
0
0
0
0
0
0
-99
0.1
-99
0.1
0
0
0
0
-99
-99
0.1
0.1
0
0
0
0
0
-99
-99
0
0
0
0
0
0
0
0
-99
-99
0
0
0
0
0
0
0
0
0
0
0.3
0
0
-99
-99
0
0
0
0
0
0
0
0
0
0
0
0
0
0
0
0
0
0.6
0.2
0
0
0
0
-99
0.1
0
0
0
3.8
0.1
0
0
0
0
0
0
0.2
0
0
0
0
0
0
0
0
0
0
0
0
0
0
0
0
0
0
0
0
-99
0
0
0
0
0
0
0
0
2.6
0.1
0
0
0
0
0
0
0
0
0
0
0
0
5
-99
0
0
0
0
6
0
14.4
0
0
0
-99
0
2.8
-99
0
0
0
0
0.4
-99
0.2
-99
0.9
0
0
0
3.9
6
11.5
2.1
0
0
0
0
8.2
4.5
2.6
0
0
0
0
8.6
0
0
-99
0
0
0.4
0
2
0
0
-99
0.5
25.5
3
0.4
2.3
5.3
0
0
-99
0
8.7
5.5
0
0
0
0
1
-99
0
0
2.2
0.3
0
0
0
0
6
3.5
1
0
0
0
-99
11.7
0
0
0
1.3
0
0.7
0.7
0.1
0.1
-99
0
13.5
1.3
0
0
0
0
0
0
5.7
15.4
-99
0
0
3.7
-99
12.7
0
0
0
0
58
0.1
0
2.8
-99
0
0.2
0
0
0
0
0
0
2
0.3
0
0
0
0
1
0.7
0
1
7.4
6.2
0
0
0
0
2.1
0
0
0.1
0
4.7
0
0
0
0
0
0
1.8
0
0
0
6
1.1
0
6.1
0
0
0.5
0
2.7
0
0
9.4
0
0
0
0
0
0
2.3
0
0
0
0
0
0
0
0
0
0
0
0
0
0
0
0
0
0
3.4
1.6
0
0
0
0
0
0
0
0
0
0
-99
0
0
0
0
0.6
0
0
0
0
0
0
0
0
0
0
0
0
0
0
0
0
0
0
0
0
0.1
0
0.2
0.1
0.3
0.1
0
0
0.5
0
0
0
0.2
0
-99
0
0
-99
0
0
0
0
0
0.9
0
