20050101
0
0
0
0
0.5
0.3
0
0
0
0
0
0
0
0
0
0
0
0
0
0
0
0
0
0
0
0
0
0.2
0
0
0
0
0
0
0
0
0
0.7
-99
-99
0
0
0
0
-99
0.4
0.1
0
0
0
0
0
2.7
-99
1.4
0
0
0
0
3.5
0
0
0.6
0
0
0
0
0
0
0
0
0
0
0
0
0
0
0
0
0
0
0
0
0
0
0
0
0
0
0
0
0
0
0
0
-99
0
2.8
7.2
0
0
0
0
0
0
0
0
0
12.3
0
0
0
0
0
0
0
0
0
0
-99
0
0
0
0
10.4
0
0.5
0
0
0.5
-99
0
-99
0
0
5.4
41.4
0
0
0
-99
0.1
0
0
0
0
0
0
4.8
26.6
41.7
14.6
0.5
0
0
-99
12.1
17
29.6
4.9
0
0
0
10.1
4.9
-99
0
0.8
0
-99
0
4.3
0
0
0.1
4.1
3.9
5.9
0
53.6
0
0
0
0.1
9.3
0
0
0
-99
19.4
0
6.4
0
-99
-99
-99
0.1
0
7.1
0
0
0
-99
28.1
3.7
0
0
30.1
0
0
1.2
8.2
22.7
0
0.6
0
0.4
-99
5.6
0.9
27.5
4
0
0.8
21.1
-99
34.6
17.5
15.9
0
0
0
0
0
0
-99
0
0
0
0
0
0
0
0
0
0
0
0
0
0
0
0
0
0
0
-99
0
2.5
9.5
0
0
0
-99
-99
0
-99
0.3
0
0
0
0
5.4
-99
0
0
0
0
0
0.5
1.8
0
0
0
0
0.1
0.3
0
0
0
0
0
0
-99
0
0
0
0
0
0
1.6
0
0
0
0
0
0
0
0
0.2
0
0
0
0
0
0
0
0
0
0
0
0
0
0
0
0
0
0
0
0
0
0
0
0
0
0
0.3
1.8
0
0
0
0
0
0
0
0
0
0
0
0
0
0
0
0
-99
0
0
0
0
0
0
0
1
1
-99
0
0
0
0
0
0
0
0
0
0
0
0
1.5
0.1
0
0
0
-99
-99
0
0
0
0
0
0
0
0
0
0
0
0
0
0
0.2
0
0
0
4.8
0
0
0
0
0
0
0
0
0
0
0
0
0
0
0
0
0
-99
0
0
0
0.3
0
0
0
1.2
0
0
0
0
0
0
2.8
0
0
0
0
0
0
0
0
0
0
0
0
0
0
0
0
0
0
0
0
3.2
0
0
0
0
2.8
0
0
0
-99
0
0
0
0
-99
0
-99
0.2
0
0
0
0
0
0
0
0
0
0
0
0
-99
0
0
0.3
-99
0
0
0
-99
-99
0
-99
0
0
0
0
-99
0
0
-99
1.4
0
0
0
1.3
-99
30.2
0
0
0
0
0
0.3
3.6
0
0
0
3.9
-99
6.1
0
0
-99
11.4
0.2
-99
-99
0
0
-99
-99
0
0
0
0.9
5.3
-99
-99
0.3
14.6
0.3
2.5
0
0
3.8
0.9
0.2
0
0
5.3
8.3
0
8.4
17
2.1
-99
0
0.1
15.2
0
0.3
0
0
-99
-99
6.2
11.2
-99
0.3
4.1
21.9
0.7
27.2
-99
0
5
0
0.3
0
0
1
13.1
11.3
0.9
57.1
0.1
0.1
3.6
0
0
0
0
0
0
0
0
2.3
67.5
0
11
36.5
-99
0
0
0
-99
0
0
0
0
1.4
0
0
0
0
0
0
-99
0
0
0
0
0
0
0
0
0
24.4
0
0
0
0
0
0
0
0
0
0
0
0
2.3
0
0
6.3
0
-99
-99
0
-99
0
0
0
0
9.8
0.5
0
-99
0.1
0
0
0
0
0
0
0
0
0
0
0
0
0
0
0
0
0
0
0
0
0
0
-99
0
0
0
0
0
0
0
2.9
2
0
0
0
0
0
0
0
0
0
0
0
0
0
0
0
0
0
0
0
0
0
0
0
0
0
0
0
0
0
-99
0
0
0
0.6
0.1
-99
0
0
0
0
0
0
0
0
0
0
0
0
0
0
0
0
0
0
0
0
0
0
0
0
0
0
0
0
0
0
0
0
0
0
0
0
0
0
0
0
0
0
0
0
0
0
0
0
0
0
0
0
0
0
0
0.4
-99
0
1.7
0
-99
18.8
0
0
0
0
0
0
0
0
0
0
0
0
0
-99
12.1
0
0
0
0.3
0
0
0
0
0.1
7.8
1.4
0
-99
0
0
0
0
0
0
0
0
0
0
2.7
-99
0
0
-99
0
0
0
0
1.3
0
0
0
0
0
0
0
0
0
2.6
0
0
0
0.1
0
0
-99
0.8
0
3
0
0
0
-99
0
1.1
0
0
-99
0
22.5
12
0.6
-99
0
0.2
0
0
0
18.4
1.8
-99
0
0
0
0
0
0
0
0
0
0
-99
0
0
0
0
0
0.7
0.4
-99
0
0
0.1
-99
-99
29.7
-99
5.4
12.5
25.7
0
11.6
7.9
0
1.8
0.2
7.1
72.3
0.2
14.9
0
0
0
-99
0
0
48.4
0
0
0
0
0
0
0
0
0.8
4.6
0
0
67.5
0.3
2.7
0
1.3
-99
0
30.2
3.3
0
0
0
0
0
0
0
5
0
0
0
0
0
0
0
0
0
4.9
-99
0
0
0
0
0
0
0.4
0
0
0
0
0
0
0
0
0
6.2
9.6
0
0
0
26.3
0
0
0
0
0
0
0
-99
8.8
0
0
0
8.2
0
0
-99
13.2
16.1
0
0
0
0
0
0
-99
0
0
0
0
-99
0
0
0
0
0
-99
0
0
5.8
13.1
0
0
0
0
0
0
0
0
0
0
0
0
0
0
-99
0
0.6
0
0
0
0
0
0
0
0
0
0
0
0
0
0
0
0
0
0
0
0
0
0
0
0
0
4.6
0
0
0
0
0
0
0
0
0
0
0
0
0
0
0
0
1.2
3.8
0
0
0
0
0
0
0
0
0
0
0
0
0
0
0
0
-99
0
0
-99
0
0
0
0
0
0
0
0
0
0
0
0
0
0
0
0
0
0
1
0
0
0
0
0
0
0
0
0
0
0
0
0
0
0
0
0
0
0
0.4
0
0
0
0
0
0
0
0
0
0
0
0
0
0
0
0
0
0
0
0
0
-99
0
-99
2.3
6.6
2.4
0
0
0
-99
9.9
4.7
0
0
2.8
0.1
0
0
0
9.5
0
-99
-99
-99
3.1
0
0
0
0
0
0
0
0
9.3
17.5
0.8
0
0
5.7
0
-99
0
0
0
0
-99
31.8
0.6
0
0
0
0
0
0
17.8
3.6
1.1
0.4
0
0
-99
0
0
0
0
0
0
0
0
0
0.6
0
0
0
-99
-99
-99
15.1
6.4
-99
0
-99
0
0
0
0
-99
0
0
0
0
1.1
0.1
0
0
0.1
0
28.8
-99
0.4
3.2
1.8
20.5
23.8
18
52.8
0
7.1
1
53.7
0
0
36.6
6.7
0
0.2
47.6
0
2.1
78.5
9.3
0
9.8
2.4
-99
2.7
0
0
0
0
0
0
0
0.1
0
11.2
1.9
0
0
0
0
0
0
6.9
0.2
15.4
25.8
38.6
0
30.7
0
0
45.8
-99
0.2
0
8.3
0
0
-99
0.1
0
1.6
0
2.3
4.8
0
0
0
0
17.1
17
0
19.8
0
1.2
29
0
0
0
0
3.7
0.4
7.8
0
-99
0
2.1
13.6
0
1
-99
0
0
0
0
0
0
0
-99
-99
15.9
0
0
0.9
6.8
0
0
0
0
0
0
0
0
0
0
0
0
4.9
23.9
0
0
0
0
0
0
0
0
0
0
0
0
0
0
0
0
0
0
0
0
0.2
0
0
0
0
0
0
0
0
0
0
0
0
0
0
0
0
0
0
0
0
0
0
0
0
0
0
0.2
0
0
0
0
0
0
0
0
0
0
4.9
0
0
0
0
0
0
0
0
0
0
0
0
0
0
0
0
0
-99
0
0
0
0
0
0
0
0
0
0
0
0
0
0
0
0
0
0
0
0
0
0
0
0
0
0
0
0
0
0
0
0
0
0
7.4
6.9
-99
0.5
0
0.3
2.1
2.9
0
0
0
0
0
0
0
0
0
0
0
0
0
2.6
0
0
0
0
0
0
3.6
0
0
0
0
0
0
0
0
4.4
0
0
0
0
0
0
0
-99
0
0
0
0
0
0
0
0
0
0
0
0
2.1
0
0.9
0
11.6
0
0
0
10.2
6.2
0
0
2.8
21.1
0
0
0
-99
0
0
4.6
0
0
0
0
0
0
0
9.3
0
0
0
0
-99
0.4
0
0
0
0
0
2.7
7.2
0
0
0
0
0
0.4
-99
0
0
-99
-99
0.3
-99
-99
3.7
0
65.1
6.6
0
1.1
0
14.9
2.3
-99
9.3
-99
0.3
44.4
0
0
0
0
0
0
0
7.1
4.5
0
0
-99
0
0
0
0.2
16.9
-99
0
0
0
4.5
24.2
25.7
3.3
0
0.9
16.7
0
0
19
-99
2.8
21.5
1.6
2.1
0
0.1
0
-99
-99
2.7
0
9.7
-99
0
2.8
-99
-99
-99
0
-99
0
0
0
0
0.1
11.6
11.6
0
36.5
0
0
0
0
-99
1.6
0.3
-99
0
0
0
0
0
0
0
20.1
-99
1.4
1
0
0
-99
0
0
0
0
0
0
0
0
0
3.1
0
0
0
0
0
36.3
0
0
0
0
0.7
0
0
0
0
0
0
1.2
0
0
0
-99
0
0
0
-99
0
0
0
0
0
0
0
0
-99
0
0
0
0
1.6
4
0.1
0
0
0
0
0
0
0
4.6
4.2
0
1.7
-99
0
0
0
0
0
0
0
0
0
0
0
0
0
0
0
0
0
0
0
0
0.2
0
0
0
0
0
0
-99
0
0
0
0
0
0
0
0
0
0
0
0
0
0
0
0
0
0
0
0
0
0
5.6
1.2
0
0
0
0
0
0
0
0
0
0
0
0
0
0
-99
0
0
0
0
0
0
0
0
0
0
0
0
-99
0
0
0
0
0
3.6
0
0
0
0
0
0
0
0
0
0
0
0
0
0
0
0
0.2
-99
0
0.5
0.1
0.1
0
0
-99
0
0
0
1
0
0
0
0
0
5.5
0
0
0
0
0.5
0
0
0
0
0
0
0
0
0
-99
0.7
0.3
0
0
0
0
3.7
0
0
0
4.4
0
0
1.8
0
0
0
0.7
0
0
6.1
0
0
-99
0
0
0
7.4
0
0
0
0
0
0
-99
3.8
9.3
0
-99
0
2.6
0
0
0
0
0
-99
4.5
3.2
7.2
0
0
0
0
0.2
0
0
-99
0.8
10.6
-99
1.2
0
1.1
0.4
0
0
0
0
0
0
0
0.2
0
-99
0
13.2
0
0.4
21.6
3.2
0.1
0
0
0
0
0
0
0
0.7
0.4
0.4
-99
4.3
0
0
-99
0
0
0
-99
0
31.4
3.3
1.3
15.1
0
4.9
2
-99
1.9
6.1
72.5
-99
0
0
0
-99
-99
0
0
0
6.6
3.8
0
0
0.1
8.2
0
0
0
1.3
0
0
0
0
-99
0.3
0
0
0
0.7
9.3
-99
45
2.6
0
0
0
0
0
0
0
0
2.6
0
0
-99
0
0
0
0
0
0
0
0
0
0
0
0
1
12.8
29.5
0
0.8
24.2
0
0
0
0
-99
0
0
0
0
0
26.8
-99
0
0
0
0
0
0
-99
14.1
0
0
0
0
0
0
4.7
0.9
0
0
0
0
1.4
0
0
0
0
0
0
0
0
0
0
0
0
0
0.9
0
0
0
-99
0
0
0
0
0
0
0
0
0
0
0
0
0
0
0
0
0
0
0
0
0
0
0
0
0
0
0
0
0
0
0
0
0
0
0
0
0
0
0
0
0
0
0
0
0
0
0
0
0
0
0
0
0
0
0
0
0
0
0
0
0
0
0
0
0
0
0
0
0
0
0
0
0
0
0
0
0
0
0
0
0
0
0
0
0
0
0
0
0
0
2.4
-99
0
0.5
0.7
0
0
0
0
0
0
0
0
0
0
0
1.1
0.1
0
0
0
0
0
0
0
0
0
0
0
0
0
0
0
0
0
0
0
0
0
0
0
0
0
0
-99
0
0
0
0
0
0
0
0
0
0
0
0
0
0
-99
0
0
0
0
0
0
-99
0
0
0
4.3
-99
-99
0.9
0
-99
0
0
2.3
0.1
0
0
0
0.6
5.4
0
0
2.1
11.5
-99
0
0
0
0
0
0
0
0
0
0
0
0
0
0
0
11.3
0
0
0
0.5
-99
-99
0
0
0
0
0
0.6
14
0
6.8
28.5
-99
0
0.3
1.2
25.2
-99
0
0
0
0
0
41.2
-99
0
0
0
0
0
2.4
3.6
0.1
0
0
-99
0
49.7
0.1
0
-99
0
0
0
7.3
4.6
18
1.4
3.2
19.5
8.5
23.8
0.4
0
0.9
85.5
0
6.5
0
0.1
30.6
0
0
2.5
0
0
0
9.6
4.2
-99
0.9
-99
0
-99
-99
2.2
8.1
1.2
-99
-99
0
0
0
2.6
0
0
0
0
-99
-99
0
0
0
5.8
0
0
0
0
0
0
7
0.8
4.8
0.8
0
0.4
0
0
27.1
-99
0
0
0
0
0
0
0
0
0
0
-99
0
0
0
0
0
0
0
0
0
0
-99
0
0
0
20.1
0.4
0
0
0
0
0
0
0
0
2.6
0
0
0
0
0
0
0
0
-99
0
-99
-99
0.1
0
0
0
0
0
0
0
0
0
0
0
22.7
0.8
1.3
0
0
-99
0
0
0
0
0
0
0
0
0
0
0
0
2.8
1.8
2
0
0
0
0
0
0
0
0
0
0
0
0
0
0
0
0
0
0
0
0
0
-99
0
0
0
-99
0
0
0
0
0.1
0
0
0
0
0
0
0
0
0
-99
0
0
0
0
0
0
0
0
0
0
-99
0
0.3
0.5
0
0
0
0
-99
0
0
0
0
0
0
0
0
0
0
0
0
0
0
0
0
0.9
0
0
0
0
0
0
0
0
0
0
0
0.8
-99
0
0
0
0
0
0
0
0
0
4
0
1.4
0
0
0
0
-99
0
0
0
0
0
-99
0
0
0
1.4
0
0
0
0
0
0
0
-99
2.6
0
0
0
0.4
0
0
0
0.1
10.5
1.7
0
0
19.9
3.2
0
0
0
0
0
0
0
0
0.7
0
0
0
0
0
0
13.7
2.4
-99
0.7
0
-99
0
0
0
18.4
0
0
0.2
0
0
0
0
0
0.6
0.4
-99
1.4
-99
2.9
-99
0
18
4.2
24.8
25.8
3.4
0
-99
13.4
78.4
0.1
-99
0
-99
0
0
0
3.1
0
28.6
4.3
-99
-99
0.3
31
0
0
0
0
0
1.1
-99
3.7
-99
13.3
22.3
9.2
1.4
0
0
0
0
0
0
0
0
8.4
172.3
0
0
23.1
21.6
11.8
50.9
42.9
0.2
61.7
101
16.9
-99
0
0
0
0
2.5
0
0
0.2
6.8
0
0.4
0
0
0
0.2
0
15.6
1.4
0
0
0
0
0
0.5
-99
-99
0
0
0
5.6
0
0
0
0
54.6
-99
0
0
4.3
16.8
-99
0
0
0
0
0
0
0
0
-99
0
0
0
2.3
2.9
0
0
0
0
0
0
0
0
0
0
0
2.8
0
0
0
0
0
-99
11.5
0
0
0
0
11.8
4.6
0
0
0
0
3.7
0
-99
0
0
0
0
5.6
67.1
0
0
0
0
0
12.7
4.6
0
0
0
0
2.9
0
0
0
0
0
0.4
0
0
0
0
0
0
0
0
-99
0
0
0
0
0
0
0
0
0
0
-99
0
4.2
0.2
0.3
0
0
0
0
0.4
0
0
0
0
0
0
1.3
2.6
0
0
0
0
0
0
0
0
0
0
0
0
-99
0
0
0
-99
0
0
0
0
1.8
0
0
-99
0
0
0
0.1
0
-99
0.3
0.6
0
0
2
-99
0.1
0.1
0
0
0
0
0.4
0
0
0
0
-99
0.1
0
0
0
-99
0
0
0
-99
0
0
0.6
0
0
0
0
0
0
0
0
0
0
0
4.4
0
0
0
0
0
0
-99
0
0
0
0.4
0
0
0
0
0
0
0
-99
-99
0
0
0
2
0
0
1.3
0
0
0
0
0
0
0
0
0
0
0
0
0
0
-99
-99
0
0
0
-99
0
0
0
0
1.6
0
0
0
0
0
-99
-99
0
0
0
0
0
0
0
0
-99
0
0
0
0
0
0
2.5
1.2
-99
0
0
0
-99
-99
0
16.3
27.8
-99
2.3
0
2.1
2.2
0.8
0.6
0
0
0
0.1
5.7
0
0
0
0
1.7
0
-99
22.7
3.5
0.1
0
37.2
-99
57.3
21.5
0
7.2
0
0
0
25.6
24.9
1.2
0
0
0
0
65.2
9.6
0
0
0.4
0
0
0
0.3
0
0
-99
2.8
0.1
-99
0
0
24.2
0
0
0
22.8
-99
30.8
0.7
0
0
8.5
8.6
0
0
0.4
92.1
0
0
0
-99
0.9
-99
0
0
0
-99
0
46
0
0
0
0.2
8.3
0
-99
41
12.2
0
0
-99
0
0
0
22.7
0.8
0
0
7.1
0.3
-99
0
0
0
15.1
0
0
0
0
0
0
0
16.5
0
0
0
0
0
0
0
0
0
0
0
7.9
1.3
0
0
0
0
-99
0
0
0.4
11
0
0
0
0
-99
0
0
0
0
0
0
0
0
0
0
0
0
0
0
0
0
0
0
0
0
0
0
0
0
0
0
0
0
0
0
0
0
0
0
0
0
0
0
0
0
0
0
0
0
0
0
0
0
0
0.1
0
0
0
0
0
0
0
0
0
0
0
0
0
0
0
0
0
0
0
-99
0
0
0
0
0
0
0
0
0
-99
0
0
0
0
0
0
0
0
0
0
0
0
0
0
-99
0.9
0
0
0
0
0
0.5
1
0
0
0
0
0
0
0
0
0
0
0
-99
0
0
0
0
0
-99
0.5
0
0
0
0
0
0
0
0
0
0
0
0
0
0
0
0
0
0
0
0
0
0
0
0
0
0
0
0
-99
0.1
0
2.8
-99
0
0
0
0
0
0
0
0
0
0
0
0
0
0
0
1.3
0
0.4
0
0
0
0
3.3
0
16.1
0
0
0
0
0.9
12.1
0
0
0
0
3.8
0
0
0
30.2
3.2
0
0
0
0
0
0
2.6
0
0
0
0
6.8
0
0
0
0
-99
-99
0
0.4
-99
0
0
0
54.6
8.2
0.8
2.7
0.6
0.6
0
2.8
0
0
0
23.2
7.9
0.2
60.9
-99
41.3
0
0
0
6.3
0
0
0
0
53.5
79.8
0.7
-99
3.2
0
-99
2.7
0
0
0
0.1
-99
0
0.6
0
0
0
0
0
13.3
-99
0
0.1
0
0
0
0
0
0
0
0
0
1.2
61.4
0
0
0
0
0
0.4
0
0
7.6
0
0
0
0
0
0
0
1.7
0.1
0
24.3
0.9
0
0
9
0.7
3.5
12.4
0
57.2
0.3
0
0
0
0.1
0
0
0
0
1.6
0
0
0
0
0
0
0.7
12.9
0
-99
18.1
5.2
0
0.7
0
0
0
0
3.1
8.8
-99
24.8
0
0
0
0
0
0
0
1.2
0
0
0
0
0
0
0
0
0
0
0
0
0
0
0
0
0
0
-99
0
0
0
0
0
0
0
0
0
0
0
0
0
0
-99
0.4
0
0
0
0
0
0
0.3
0
0
0
0
0
0
0.5
0
0
0
0
0
0
3.3
0
0
1.7
0
0
0
0
0
0
0
0
0
0
0
0
0
0
0
0
0
0
0
0
0
