20050101
0
0
0
0
0
-99
0
0
0
0
0
0
0
0
0
0
0
0
0
0
0
0
0
0
0
0
0
0.1
0
0
0
0
0
0
0
0
0
0.3
-99
-99
0
0
0
0
0
0.3
0
0
0
0
0
0
1.8
-99
1.6
0
0
0
0
1.9
0.3
-99
0
0
0
0
0
0
0
0
0
0
0
0
0
0
0
0
0
0
0
0.2
0.1
0
0
0
0
0
0
0
0
0
0
0
0
0
0
15
7
0
0
0
0
0
0
0
0
0
10.4
0
0
0
0
0.2
0
0
0
0
0
0
0
0
0
0
3.2
0
6.5
-99
0
1.9
1.1
0
0
0
0
1.9
42.9
0
0
0
5.3
0.1
-99
0
0
0
0
0
0
20
41.4
13.7
7.9
0
0
-99
16.6
1.2
36.5
5.9
0
0
0
11
1.7
4.9
0
0.5
13.2
-99
0.2
22.9
0
0
0.1
4.7
6.6
3.7
0
21.9
0
0
0
0
0
0
0
0
-99
20.7
0.5
25.4
0.5
-99
0
0
0
0
-99
0.1
0
0
0
2.1
9.1
0
0
1.9
9
0
-99
6.2
0
0
14.3
28.2
41
8.8
0
7.4
38.7
18.2
0
5.3
4.8
0
0
7
35.4
0
0
0
0
0
0
15.4
0
0
0.3
0
0
0
0
0
0
0
0
0
0
0
0
0
0
0
0
-99
0
0.6
25.3
0
0
-99
0
0
0
-99
0.1
0
0
0
0
2.7
-99
0
0
0
0
0
-99
10.7
0
0
0
0
0
1.9
0
0
0
0
0
0
0.2
0.1
0
0
0
0
0
6.8
0
0
0
0
0
0
0
0
-99
0
0
0
0
0
0
0
0
0
0
0
0
0
0
0
0
0
0
0
0
0
0
-99
0
0
0
0.2
0.9
0
0
0
0
0
0
0
0
0
0
0
0
0
0
0
0
0.7
0
0
0
-99
0
0
0
1.8
1
0
0
0
0
0
0
0
0
0
0
0
0
0
4.8
0.3
0
0
0
-99
0
0
0
0
0
0
-99
-99
0
0
0
-99
0
0
0
0.1
0
0
0
3.3
-99
0
0
0
0
0
0
0
0
0
0
0
0
0
0
0
0
0.2
0.7
0
0
0.4
0
0
0
11.2
0
0
0
0
0
0
0.6
0
0
0
0
0
0
0
0
0
0
0
0
0
0
-99
0
0
0
0
0
9.3
0
0
0
0
6
0
0
0
-99
0
0
0
0
0.7
0
0.3
2.2
0
0
0
0
0
0
0
0
0
0
0
0
0
0
0
1
-99
0
0
-99
-99
0.1
0
-99
0
0
0
0
0.3
0
-99
-99
3.2
0
0
0
0
0
5.4
0
0
0
0
0
0
10.9
0
0
0
5.9
-99
0.5
0.4
0
-99
1.1
5.3
1
0
0
0
-99
0
0
-99
-99
1.2
24.6
10.8
0.3
0
23.1
0.1
0.2
0
0
0.4
69.2
0.1
0
0
0
3.6
0
0
3.6
10.6
0
0
-99
7.5
0
0.2
0
0
0
0
3.6
0
0
-99
0
1.1
-99
32.4
0.7
0
17.7
0.1
0
0
0
4.5
1.4
0
5.9
48.3
2.2
0.2
-99
0
0
0
0
0
0
0
0
-99
25.4
0
10.1
15.8
0
0
0
0
0.2
0
0
0
0
3.1
0
0
0
0
0
0
-99
0
0
0
0
0
0
0
0
0
22.6
0
0
0
0
0
0
0
2.4
0
0
0
0
11
0
0
5.8
0
0
0
0
0
0
0
0
0
14.7
4.9
0
0
0.4
0
0
0
0
0
0
0
0
0
0
0
0
0
0
0
0
0
0
0
0
0
0
-99
0
0
0
0
0
0
0
2.9
3.2
0
0
0
0
0
0
0
0
0
-99
0
0
0
0
0
-99
0
0
0
0
0
0
0
0
0
0
0
0
0
-99
0
0
0
0.2
0.7
0
0
0
0
0
0
0
0
0
0
0
0
0
0
0
0
0
0
0
0
0
0
0
0
0
0
0
0
0
0
0
0
0
0
0
0
0
0
-99
0
0
0
0
0
0
0
0
0
0
0
0
0
0
0
-99
0
1.8
0
0
3.2
0.2
-99
23.6
0
0
0
0
0
0.2
0
0
0
0
0
0
0
-99
10.2
0
0
0
-99
0
0
0
0
0
4.7
2.3
0.1
-99
0
0
0
0
0
0
0
0
0
0
3.9
0
0
0
1
0
0
0
0
0.7
0
0
0
0
0
0
0
0
0
1.4
0
0
0
0
0
0
-99
2.3
0
7.4
2.3
0
0
5.7
0
0.2
0
0
-99
0
10
20.1
2.2
0
0
-99
1.3
0
0
24.3
0.8
0
0
0
0
0
0
0
0
0
0
0
0
0
0
0
0
0
0.2
0
0
0
0
0
0
0.3
0.1
45.4
0.7
9.7
39.2
0
21.8
10.5
0
-99
3.2
1.6
13.5
1
21.9
3.8
1.6
0
0
0
0
35.6
0
0
0
0
0
0
0
0
2.7
0
0
0
29.7
1.4
0
0
15.7
5.1
0
24.5
2.7
0
0
0
0
-99
0
0
1.9
-99
0
0
0
0
0
0
0
0
6.9
0
0
0
0
0
4.9
0
0
0
0
0
0
-99
0
0.4
0
0
6.8
10.9
0
0
0
23.6
0
0
0
0
0
0
0
-99
6
0
0
0
7.4
0
0
0
8.5
13.4
0
0
0
0
0
0
0.2
0
0
0
0
0
0
0
0
0
0
0
0
0
7.8
3.5
0
0
0
0
0
0
0
0
0
0
1.4
0
0
0
-99
0
1.1
0
0
0
0
0
0
0
0
0
0
0
0
0
0
0
0
0
0
0
0
0
0
0
0
0
4.8
-99
0
0
0
0
0
-99
0
0
0
0
0
0
0
0
0
0.9
2.7
0
0
0
0
0
0
0
0
0
0
0
0
0
0
0
0
0
0
0
0
0
0
0
0
0
0
0
0
0
0
0
0
0
0
0
0
0
0
0
0
0
0
0
0
0
0
0
0
0
0
0
0
0
0
0
-99
0
0
0.1
0.2
0
0
0
0
0
0
0
0
0
0
0
0
0
0
0
0
0
0
0
0
2.4
0
0
2
0.8
-99
0
0
0
0
2.5
4.7
0.2
0
4.3
-99
0
0
0
15.3
0
0
-99
2.3
0.7
0
0
0
0
0
0
0
0
3
17.2
3.9
0
0
12.9
0
0.6
0
0
0
0
10.2
5.8
5.8
0
0
0
0
0
-99
5.7
9.1
5.6
0
2
0.5
0
0
0
-99
0
0
0
0
0
0
0
0
0
0
0
0.3
0
0.2
-99
0
-99
0.8
0
0
0
0
0
0
0
0
0
-99
0
0
0
5
0
28.2
9.3
1.5
1.7
0
2.5
28.9
1.7
76.8
0.7
1.2
0
82.2
0
0
3.6
3.8
0
0
-99
0
0.1
61.6
0
0
-99
0
0
0
0
0
0
0
0
0
0.1
2.2
0
2.3
3.6
0
0
0
0
0
0
0.5
-99
-99
15
1
0
0
0
0
2.6
0.3
0
0
5.2
0.3
0
0
0
32.3
0.2
0
0.1
17.9
0.3
0
0
0
1.2
19.4
0
52
0
0.4
22
0
0
0
0
0.2
0
-99
0
0
0
-99
17.8
0
0.4
0
0
0
0
0
0
0
0
0
-99
11.6
0
0
1.1
2.8
0.2
0
0
0
0
0
0
0
0
0
0
0
3.5
20.6
0
0
0
0
0
-99
0
0
0
0
0
0
0
0
0
0
0
0
0
0
0.9
0
0
0
0
0
0
0
0
0
0
0
0
0
0
0
0
0
0
0
0
0
0
0
0
0
0
0.6
0.1
0
0
0
0
0
0
0
0
0
0.4
0
0
0
0
0
0
0
0
0
0
0
0
0
0
0
0
0
0
0
0
0
0
0
0
0
0
0
0
0
0
0
0.5
0
0
0
0
0
0
0
0
0
0
0
0
0
0
0
0
0
0
0
0
8.6
8.9
-99
0
0
0.1
1.8
1.3
0
0
0
-99
0
0
0
0
0
0
0
0
-99
2.5
0
0
0
0
0
0
3
0
0
0
0
0
0
0
0
0.3
0
0
0
0
0
0
0
-99
0
-99
0
0
0
0
0
0
0
0
0
0
1.9
0
1.9
0
1.7
0
0
0
18.5
0.1
0
0
3.3
25.2
0
0
0
0.6
0
0
6.3
0.2
0
0
0
0
0
0
15.1
0
0
0
0
0
0.3
0
-99
0
0
0
0
11.9
0
0
0
-99
0
-99
0.5
0
0
0
-99
5.5
1.5
0
0
0
19.6
2.6
0
0.1
0
0.3
38.9
12.6
2.5
0.1
0
52.9
0
0
0
0
0
0
0
-99
2.7
0
-99
0.1
0
0.1
0
0.5
48.6
3.1
0
0
0
8.9
8
0
4.7
0
0
7.6
0
0
6.9
0
0.3
3.6
27.7
9.4
0
0
0
0
0
0
0
0.4
0
0
0
0
0.6
0
0
-99
0
0
0
0
0
12.3
23
0
29.5
0
0
0
0
0
1.6
0.4
-99
0
0
0
0
0
0
0
27.1
2.8
2.5
0.3
0
0
0
0
0
0
0
0
0
0
0
0
11.9
0
0
0
0
0
30.9
-99
0
0
0
1.5
-99
0
0
0
0
0
0
0
0
0
0
0
0
0
0
0
0
0
0
0
0
0
0
-99
0
0
0
0
2
5.5
-99
0
0
0
0
0
0
0
1.9
0.6
0
4.1
0
0
0
0
0
0
0
0
0
0
0
0
0
0
0
0
0
0
0
-99
0
0.3
0
0
0
0
0
0
0
0
0
0
0
0
0
0
0
0
0
0
0
0
-99
0
0
0
0
0
0
0
0
7.6
0.7
0
0
0
0
0
0
0
0
0
0
0
0
0
0
-99
0
0
0
0
0
0
0
0.1
0
0
0
0
0
0
0
0
0
0
2.9
0
0
0
0
0
0
0
0
0
0
0
0
0
0
0
0
1
-99
0
0.8
0.8
0
0
0
-99
0.1
0
0
0.2
0
0
0
0
0
4.8
-99
0
0
0
0.3
0.4
0
0
0
-99
0
0
0
0
0
0.1
0.1
0
0
0
0
3.1
0
0
0
6.3
0
0
0.4
0
0
0
0.1
0
0
9
0
0
0
0
0
0
4.4
0
0
-99
0
0
0
0.6
3.1
30.7
-99
0
0
5.5
-99
0
0
0
0
0.1
1
9.7
7.1
0
0
0
0
0.6
0
0
0
-99
7.2
0.1
1.3
-99
0
0
0
0
0
0
0
0
0
3.6
0.2
0
0
2.2
0
2
9
3.8
-99
0
0
0
0
0
0
0
0
0
0
-99
21.7
-99
0
-99
0
0
-99
0
0
23.4
0
81.3
2
0
8.3
6.8
0
0
23
77.1
3.6
0
0
0
0.6
0.4
0
0
0
-99
25.1
0
0
0.1
-99
19.7
0
0
32.3
-99
-99
0
0
-99
39.4
0
0
-99
3.8
138.7
-99
74.6
7.4
0
0
0
0
0
0
6.6
11.6
1
0
1.1
0
0
0
0
0
0
0
0
0
0
0
0
-99
28.7
14.6
26.2
0
3.2
21.9
0
0
0
0
0
0
0
0
0
0
27.2
0.4
0
0
0
0
0
0
0
16.5
0
0
0
0
0
0
4.2
1.1
0
0
0
0
-99
0
0
0
0
0
0
0
0
0
0
0
0
0
3.8
0
0
0
2.7
0
0
0
0
0
0
0
0
0
0
0
0
0
0
0
0
0
0
0
0
0
0
0
0
0
0
0
0
0
0
-99
-99
0
0
0
0
0
0
0
0
0
0
0
0
0
0
0
-99
0
0
0
0
0
0
0
0
0
0
0
0
0
0
0
0
0
0
0
0
0
0
0
0
0
0
0
0
0
0
0
0
0
0
0
0
0
0
0
0
0
0.5
0.6
0.2
0
0
0
0
0
-99
0
0
0
0
0
0
0
0
-99
0.1
0
0
0
0
0
0
0
0
0
0
0
0
0
0
0
0
0
0
0
0
0
-99
0
0
0
0
0
0
0
0
0
0
0
0
0
0
0
0
0
0
0
3.3
0
0
0
0
0
0
-99
0
0
0
5.1
0.1
1
-99
0
7.7
0
0
8.7
0.5
0
0
0
0.3
12.5
-99
0
2.7
19.9
0
0
0
0
0
0
0
0
0
-99
0
0
0
0
0
0
3.4
0.1
0
0
6.9
0.1
0
1
0
0
0
0
7.3
5
0
1.9
19.3
-99
0
-99
0.7
9
2.7
0
0
0
0
-99
11
0.2
0
0
0.5
0
0
0.3
1.7
-99
0
0
0
0
8.8
0.6
0
0
0
0
0
18.6
-99
0.3
0
-99
8.3
11.9
23
0
0
0
89.1
2.7
19.6
0
0.1
73
0
0
0
0
0
0
3
0.1
0.7
0.2
0
0
0
0
5.3
29.9
1.4
0
0
-99
-99
0
0
0
0
2.4
0
1.9
0
0
0
0
0.5
0
0
0
0
0
0
2
-99
1.5
4.7
0
-99
0
0
15.9
0
0
0
0
0
0
0
0
0
0
0
-99
0
0
0
0
0
0
0
0
0
0
-99
0
0
0
8.2
0.1
0
0
0
0
0
0
0
0
0.7
0
0
0
0
0
0
0
0
0
0
0.2
0.2
0.2
0
0
0
0
0
0
0
0
0
0
0
22.9
1.1
0
0
0
0.9
0
0
0
0
0
0
0
0
0
-99
0
0
1.9
1.9
0.5
0
0
0
0
0
0
0
0
0
0
0
0
0
0
0
0
0
0
0
0
0
0
0
0
0
0.5
0
0
0
0
0
0
0
0
0
0
0
0
0
0
0
0
0
0
0
0
0
0
0
0
0
0
0
-99
0.9
0
0
0
0
0.3
0
0
0
0
0
0
0
0
0
0
0
0
0
0
0
0
0.8
0
0
0
0
0
0
0
0
0
0
0
3.1
1.4
0
0
0
0
0
0
0
0
0
5.6
0
1.5
0
0
0
0
0.7
0
0
0
0
0
0.1
0
0
0
5.4
0
0
0
0
0
0
0
1
7.2
0
0
0
0
0
0
0
0.3
17.9
0.1
0
0
0.9
13.4
0
0
0
0
0
0
0
0
3
0
0
0
0
0
0
0
5.3
0
4
0
0
0
0
0
-99
0
-99
2.7
0
0
0
0
0
-99
11
0
1.1
0.5
51.1
7.9
0
0
12.8
1.3
16.2
2.1
0
0
0.6
39.4
0
0.3
-99
1.1
0
0
0
4.4
0
0
2.2
0
0
1.4
31.7
0
0
0
0
0
0
0
15.6
-99
16.8
3.7
1.8
1.1
0
0
0
0
0
0
0
0
0
157.5
0
0
6.7
49.8
1
76.6
22.6
-99
64.9
106
25.1
4.7
59.8
0
0
0
-99
-99
0
-99
5.8
0
0.3
0
0
0
0.7
-99
0.7
3.6
0
0
0
0
0
3.6
0
2.8
0
0
0
28.8
0.6
0
0
0
18.1
0.1
0
0
18.9
6.3
0
-99
-99
0
0
0
0.9
0
0
0
7.5
0
0
2.1
5.9
0
0
0
0
0
0
0
0
0
0
0
4.3
0
0
0
0
0
0
11.6
0
0
0
0
6.8
8.4
0
0
0
0
4.5
0
-99
0
0
0
0
6.4
26.7
0.6
0
0
0
0
8.8
12.1
0
0
0
0
2.1
0
0
0
0
0
1.1
0
0
0
0
0
0
0
0
0.1
-99
0.5
0
0
0
0
0
0
0
0
0
0
1.6
0
0
0
0
0
0
0.3
0
0
0
0
0
0
-99
2.2
0
0
0
0
0
0
0
0
0
0
0
0
0
0
0
0
0
0
0
0
0
0
0
0
-99
0
0
0.7
0.1
0
0
-99
0.2
-99
0
2.8
-99
0
0
0
0
0
0
0.1
0
0
0
0
0
-99
0
0
-99
0
0
0
0
0
0
0
0.1
0
0
0
0
0
0
0
0
0
0
0
7.4
0
0
0
0
0
0
-99
0
0
0
2.6
0
0
0
0
0
0
0
0
1.6
0
0
0
0.3
0
0
2.2
0
-99
0
0
0
0
0
0
0
0
0
0
0
0
2.7
0.8
0
0
0
2.4
0
0
0
0.2
6.2
0
0
0
0
0
-99
0.1
0
0
0
0
0
0
0
0
0.6
0
0
0
0
0
0
5.8
2.3
-99
0
0
0
0
0
0
13.8
24.5
0
0
0
0
1.3
4.2
0
0
0
0
0.7
1.5
0.8
0
0
0
0
0
0
7.6
2.4
0.5
0
121.5
0
81.5
32.6
0
0
0
0
0
16
14.5
0.7
-99
0
0
0
5.7
31
0
0.2
0.8
1.6
0
0
-99
0
0
0
-99
1.4
0
0
0
20.7
-99
0
0
21.3
0
2.8
3
0
0
-99
10.2
0
0
1.4
58.7
0
0
0
-99
-99
0
0
0
0
0
0
46.3
-99
-99
3.3
0
6.6
0
24.8
38.4
2.2
4.3
0
0.1
0
0
0
12
0.1
0
0
3.8
0.2
0
0
0.2
0
26.2
0
0
0
0
0
0
0
15.8
0
0
0
0
0
0
0
0
0
0
0
18.9
0.5
0
0
0
0
1.3
0
0
0
29.5
0
0
0
0
2.5
0
0
0
0
0
0
0
0
0
0
0
0
0
0
0
0
0
0
0
0
0
0
0
0
0
0
-99
0
0
0
0
0
0
0
0
0
0
0
0
0
0
0
0
0
0
0
0
0
0
0
0
0
0
0
0
0
0
0
0
0
0
0
0
0
0
0
0
-99
0
0.1
0
0
0
0
0
0
0
0
0
1.1
0
0
-99
0
0
0
0
0
0
0
0
0
0
0
0
0.1
0
0
0
0
0
0
-99
0
0
0
0
0
0
0
0
0
0
0
0
0
0
0
0
0
-99
0.5
0
0
0
0
0
0
0
0
0
0
0
0
0
0
0
0
0
0
0
0
0
0
0
0
0
0
0
0
7.7
0
0
-99
0
0
0
0
0
0
0
0
0
0
-99
0
0
0
0
0
0
0
0.3
0
0
0
0
7.3
0
2.5
0
0
0
0
0
10
0
0
0
0
7.1
0
0
0
38.8
3.6
0
0
0
0.2
0
0
0.5
0
0
0
0
3.8
0
0
10.3
0
0
0
0
0
0.4
0
0
0
13.6
22
4.2
2.9
2.6
0
0.6
0
0
0
2.4
-99
6.3
0
16.1
0
0
0
0
0
-99
0
0
0
0
1.7
46.3
0.8
0
0
0
0
5
0
0
0
6.7
0
0
0
0.2
0
0
0
0
38.8
0
0
0
0
0
0
0
0
0
0
0
0
3.6
2.1
0
0
0
0
0
0.5
0
0
0.3
0.4
-99
12
2.8
0
0
0
16.6
0.3
0
37.1
0
0
0
0
0
0
0
4.8
46.3
0.1
0
0
0
-99
0
0
0
0
0.2
0
0.4
0
0
0
0
0
1.1
0
0
8
2.3
0
2
0.1
0
0
0
4.1
11.4
0
20.5
0
0
0
0
0
0
0
0
0
0
0
0
0
0
0
0
0
0
0
0
0
0
0
0
0
0
0
0
0
0
0
0
0
0
0
0
0
0
0
0
0
0
-99
0
0
0
0
0
0
0
0
0
0
0
0
0
-99
0
0
0
0
0
0
4.2
0
0
2.8
0
0
0
0
0
0
0
0
0
0
0
0
0
0
0
0
0
0
0
0
0
