20050101
0
0
0
0
-99
0
0
0
0
0
0
0
0
0
0
0
0
0
0
0
0
0
0
0
0
0
0
-99
0
0
0
0
0
0
0
-99
1.9
-99
-99
0
0
0
0
0
0
0.7
0.1
3.1
0
0
0
0
-99
0
0
0
0
0
0
0
0
-99
0
0
0
0
0
0
0
0
0
0
0
0
0
-99
0
0
0
-99
0
0
0
0
0
0
0
0
0
-99
-99
0
0
0
0
0
-99
12.2
0.3
0
0
0
0
0
0
0
0
0
0
0.1
0
0
-99
-99
0
0
0
0
0
0
0
0
0
1.4
6.9
0
0
0
0
0.4
0
0
-99
0
1.6
9.3
6
0
0
-99
1.9
-99
0
0
0
0
2.6
0
13.9
0
0
0
0
0
0
20.2
0
0.3
-99
0
-99
0
-99
1.3
0
0
0
1
0
0
0
0
-99
0.2
-99
0
24.4
1.6
0.7
12.2
0
0
0
0
0
0
0
6.2
0.6
0
0
0
0
2.4
0
-99
0
0
0
0
-99
0
13.8
-99
0
0
4.6
14
0
0
14
11.8
0
7.5
7.7
0.3
0
0
-99
-99
0
0
0
17
2.4
2.9
-99
13
2.1
0
0
0
-99
0
9
0.2
5.5
-99
0
0
0
0
0
0
0
0
0
0.9
-99
5.2
0
0
0
0.1
0
7.2
0
31.2
3.6
0
0
0.3
5.2
0.2
0
20.6
0.8
0
-99
0
0
5.4
0
0
0
0
0
0
6
0
0
0
0
0
0.8
1.1
0
0
0
0
0
0
2.8
0
0
0
0
0
0
0.1
-99
0
0
0
0
0
0
0
0
0
0
0
0
0
0
0
0
0
0
0
0
0
0
0
0
0
0
0
0
0
0
0
0
0
-99
0
-99
0
0
0
0
0
0
0
0
0
0
0
0
0
0
0
0
0
-99
0
0
0
0
0
0
0
0
0
0.7
0
0
0.3
-99
0
0
0
0
0
0
0
0
0
0
0
0
0
0
-99
3.2
0.5
0
0
0
0
0
0
0
-99
0
0
0
0
0
0
0
0.6
-99
0
0
0
0
0
0
0
-99
0
0
0
0
0
0
0
0
0
0
0
0.7
0.5
0
0
0
-99
0
0
0
0
0
0
-99
0
0
0
0
0
0
0
0
0
0
0
0
0
0
0.1
-99
0
0
0
0
0.7
0
0
0
0.1
0.2
0
0
0
0
1.4
1.2
0
0
0
0
-99
0
0
0
0
0
0
0
0
-99
0
0
0
0
0
0
0
2.7
0
0.7
-99
18.1
-99
0
3.4
3.7
0
0
0
0
0
0
0
0
0
0
0
-99
-99
16.1
0
0
-99
-99
1.5
0
0
0
0.3
-99
2.8
0.2
0
0.5
0
0.4
0.3
0
0
0
0
0
0
-99
1.4
0
-99
0.3
1.3
2.7
0
0
20.2
1.3
0
0
0
0
0
0
0
0
2.1
2.8
15.8
0
0.3
3.1
0.2
0
0
-99
24
-99
-99
0
0
1.4
0.2
-99
8.6
8.8
0
0.2
6.8
25.8
-99
0
-99
0
0
0
0
18.9
1.7
5.9
0.1
5.9
-99
0
0
0
3.5
0
1.3
0
0
0
0
0
1.7
2
0
0.1
0
2.1
0
0
0
-99
-99
-99
0
4.6
3.2
0
0
0
0
0
-99
-99
0
0
0
0
0
0
0
0
4.3
5.8
0
0
0
0
1.4
0
0
0
0
0.8
0
-99
3.5
0
0
0
0.5
-99
0
0
0
0
0
0
0
10.9
0
0
1.6
-99
0
-99
0
0
0
0
0
0
0
0
0
0
0
0
0
0
0
0
0
0
0
0
0
0
0
0
0
0
-99
-99
3.6
0
0.1
-99
0
0
0
0
0
0
0
0
0
0.1
0
0
0
0
0
0
0
0
0
0
0
0
0
0
0
0
0
0
0
0
0
0.2
0.1
0
0
0
-99
0
0
0
0
0
0
0
0
0
0
0
0
0
0
0
0
0
0
0
0
-99
-99
-99
0
0
0
-99
0
0
0
0
0
0
4.8
-99
0
0
0
0
0
0
0
0
0
0
0
0
0
0
0
0
0
0
0
-99
0.2
0
13.3
4.7
0
0
0
0
-99
0
0
0
0
0
0
0
0
6.8
0.2
0
0
0
-99
0
0
0
0
0.6
0.9
0
0
-99
0
0
0
0
0
0
0
0
0
0.5
7.4
0
0
0.9
1.2
0
0
0
0
0
0
8.1
0
0
0
0
0
0
3.7
0
-99
-99
0
0
0
0
1.3
0
3.1
7.6
0
0
0
-99
-99
0
0
0
0.1
0
13.1
-99
0
0
0
0
0
0
11.8
0.3
0
0
0
0
0
0.2
0
0
0
0
0.1
-99
25.1
0
0
0
0
4.2
2.8
1.3
0.1
-99
0.1
0
0.4
-99
0.1
4.2
2.5
6.5
0
0
8.1
17.1
0
-99
1.9
-99
0.4
0
0
0
0
8.1
0
0
0
0
0
0
-99
9.5
0.1
-99
0
0
0.7
0.2
1.5
7.2
1.3
2.7
12.3
-99
0
0
0
22.2
0
0
0
0
0
0
0
0
0
0
0
0
0
0
-99
0
-99
0.4
40.6
0
3.7
0
0
0
0
21.2
0
0
0
0
-99
0
0
-99
0
0
14.5
2.5
0
0
4.2
5.3
0
0
0
0
0
0
0
5.3
1.2
0
0
0
10.1
0
-99
13.4
3.7
21.8
0
0
0
0
0
0
1.4
0
0
0
0
0
0
0
0
0
0
0.2
0
0
0
0.8
0
0
0
0
0
0
0
0
0
-99
0
0
0
0
0.3
-99
0
0
0
0
0
0
0
0
0
0
0
0
0
0
0
0
0
0
0
0
0
-99
-99
0
0
0
1
0
0
0
0
0
0
0
0
0
0
0
0
0
-99
0
0
0.4
0
0
0
0
0
0
0
0
0
0
0
0
0
0
0
0
0
0.3
-99
0
0.8
0
0
1.2
1.1
0.3
0
0
0
0
0
0
0
0
0
0
0
0
-99
0
0
0
-99
0
0
0
0
0
0
0
0
0
0
0
0
0
0.2
0
-99
0.5
0
0
0
0
0
-99
0
0
0
0
0
0
0
0
0
-99
0
0
0
0
0
0
0
1.6
5.2
1.5
0
0
0
0
0
6.6
0
0
0
1.2
0
0
0
-99
-99
0
15.8
-99
-99
0.1
9.8
0
0
0
-99
0
0
1.2
8.7
0.1
0.2
-99
0
0
0
0
0
0
0
0
0.4
0.9
0
0
0
-99
0
7.4
0
3.5
-99
0
0
0
0
0
0
0
0
0
0
0
0
0
1.2
0.1
0
0
0
0
1.1
1.5
11
0
-99
-99
0.1
0
-99
-99
0.9
0.2
-99
0.1
15.7
-99
-99
4.2
0
0.9
0
0.2
0
0
0.3
0
3.4
-99
30.7
0
0.1
-99
0
-99
0.5
0
0.5
0.2
0
0
0
0
0
16.1
4.7
-99
0
0
0
0
0.2
0
0
0
0
0
0
0
0
0
9.3
-99
0
0
0
0
0
-99
35.1
16
3.2
0
-99
17.3
0.1
-99
0
1.4
1.6
0
-99
12
0
0
0.3
0.6
0.2
0
0
1.2
6.4
0
0
0
5.2
1.7
0
0
15.8
0
15.4
2.3
0
0
0
0
0.9
1.6
0
0
0
0
20.3
0.5
3.4
16.3
0.1
0
0
0
0
0
0
0
0
30.9
3.9
0
5.6
0.4
0.8
0
0
0
0
0
0
0
0
5.2
0
0
0
5.2
0
0
0
0
0
2.2
0
0
0
0
0
0
0
0
0
0
-99
0
0
-99
-99
-99
0
0
0
0
0
0
0
0
0
0
0
0
-99
0
0
0
0
0
0
0.8
1.7
0
0
0
0
0
-99
0
0
0
0
0
0
0
0
0
0
0
0
0
0
0
0
0
0
0
0
0
0
0
0
0
0
0
0
-99
0
0
0
0
0
0
0
0
0
0
0
0
0
0.1
0
0
0
0
0
0
0
0
0
0
0
0
0
0
0
0
0
0
0
0
-99
-99
0
0
0
-99
0
2.6
0
0
0
0
0
0
0
0
0
0
0.4
0.1
0.6
0
0
0
0
0
0
-99
6
0
0
0
0
0
0
0
-99
-99
0
0
0.4
0
0
0
0
0
0
0
0
0
0
0
0
0
0
0
0
2.6
1.8
0
0
0
0
0
0
0.1
2.8
-99
0
-99
13.2
0.2
0
0
0
0
0
0
4
0
0
0
0
0
0
-99
3.6
0
0
0
0
7.2
-99
-99
0
0
0
-99
0.7
0
0
0
0
0
-99
2.4
0
0
0
-99
0
0
-99
0
4.1
4.5
1.4
-99
0
0
0
0
0
0
1.7
0
0.4
-99
0
-99
-99
-99
0
0
3.7
1
0
0
0
0
0
0
0
-99
-99
0
19.2
0
0
1
0
3.3
-99
0
3.2
4.4
0.4
-99
2.3
0
0
0.4
-99
0
0
4.8
2.9
5.7
10.1
0
2.4
0
0
0
0
0
2.7
0
6.3
0
0
0
0
0
0
4.5
3
-99
6.4
0
1.2
-99
0
6.7
0.4
0.8
3.7
0
0
0
0
0
0.3
0
0.8
4
32.2
8.7
0
0
1
0
0
0
0
0
0
0
0
3.5
4.4
0
0
0
0
-99
2.5
0
0
0
-99
0
0
0
0
0
0
2.3
7.6
0
0
3.9
0
0
0
0
0
0
-99
0
0
0
0
0
0
0.7
0
0
0
0
6.8
0
0.4
0
0
0
0
0
0
0
2.6
8.6
0.4
3
0
0
0
0
0
0
0
0
0
0
0
0
0
0
0
0
0
0
0
-99
0
-99
0
0
0
0
0
0
0
0
-99
0
0
0
0
0
0
0
0
0
0
0
0
0
0
0
-99
0
0
0
-99
1.9
0
0
0.3
0.3
-99
0.1
0
0
0
0
0
0
0
0
0
0
0
0
0
0
0
0
0
0
-99
0
0
0
0
0
0
0
0
0
-99
0
0
0
-99
0
0
0
0
0
0.2
0
0
0
0
0
0
0
0
0
0
6.6
1.3
0
0
-99
0
0.1
0.1
4.1
0
0
0
0
0
12.2
0
0
0
0
-99
-99
0
-99
0
0
0
0
0
0
-99
6.3
0
0
0
0
0
0
0
0
0
0
0
0
2
0
0
0
0
0
3.3
0
-99
22.3
0.2
0
0
1.4
1.6
-99
0
0
0
0
0
7.8
0.1
1.8
0
0
-99
0
0
0
0
0
1.7
0
1.8
0.5
10.9
0
0
0
0
0
0
0
-99
9.3
1
-99
0
0
0
0.3
0
0
0
0
0
0
1.4
-99
0
-99
-99
0
0
13.2
4.5
1.3
4.4
-99
0
0
0
0
0
0
0
-99
0
2.3
6.8
0
0
0
0
0
1.5
0
38.7
0.2
0
0
0.1
0
2.2
0
7.1
0
0
0
0
0.1
0
0
0
0
0
0
0
0
0
0
9.8
5.5
9.8
0
0
18.4
-99
-99
0
-99
0.4
0
0
0
0
3.9
6.9
0
0
19.5
0
0
0
0
0
1.6
0
0
13.4
0.2
0
0
0
0
0
0
0.6
4.1
2.1
0
0
0
0
0
0
2.3
4.3
45.9
1.5
39.1
22.3
0
0
0
0.4
0
0
0
0
0
3.4
3.3
0
0
0
0
0
0
0
6.8
-99
0
0
0
0
0
0
0.9
0
0
0
1.2
3.8
3.5
0
0
0
0
0
0
0
0
0
0
0
0
0
0
0
0
-99
-99
0
0
-99
0
0
0
0
0
0
0
0
0
0
0
0
0
0
0
0
0
0
0
0
0
0
0
-99
0
0
0
0
0
0
0
0
0
0
0
0
0
0
-99
0
0
0
-99
0
0
0
0
0
0
0
-99
0
0
0
0
0
0
0
0
0
0
0
0
0
0
0
0
0
0
0
0
0
0
0
0
0
0
0
0
0
0
0
0
0
0
0
0
1.8
0
0.7
0.8
0
0
-99
0.2
0
0
0
0
0
0
0
0
3.9
1.4
0.2
0
0
0
0
0
0
0
0
0
0
0
0
0
0.1
0
0
0
0
0
0
0
0
-99
0
0
0
0
0
0
0
0
16.4
3.6
0
0
0
3.7
0
0
0
0
0
0
0
0
0
0
0
0
0
0
-99
-99
0
0
1.6
-99
0
0
0
0
0
0
0
6.9
0
0
0
25.3
0.1
0
0
0
0
0
0
0
0
-99
1.7
0.1
0
0
0
0
0
0
0
0
-99
0
-99
0
0
0
-99
14.8
9.6
0
0.7
0
0.1
-99
0
0
0
6.1
0
0
0
0
0
0
0
0
34.1
0
0
-99
0
0
11.7
1.8
0.8
0
0.8
1.3
0
0.4
-99
-99
0.9
0.6
0
-99
-99
0
0.3
0
8.7
0
0
0.2
-99
0
10.3
8.2
2.2
0
-99
6.2
0
0
0
0.5
1.3
0
2.9
3.5
0
0
2.5
0
0
0
4.8
3.3
9.1
0.1
5.5
0.8
0
0
0
0
0
13.1
1.9
0.6
0.5
0
-99
0
2.3
4.3
0
1.5
2.6
0
0
0
-99
0
2.8
0
0.8
0
1
0.3
1.4
0
0
0
0
0
0
0
0
-99
0
0
0.7
0
0
0
0
0
6.3
0
0
0
0
3
0
0
2.6
5.6
0.1
0.2
0
0
0
-99
2.6
0.1
0
0.4
0
0
0.3
0
0
0
0
0.4
1.2
-99
1.5
3.2
0
0.5
-99
11.6
0
0
0
0
0
0
0
0
3.2
0.3
-99
0
0
0.1
0
0
0
0
0
0
0
0
0
0.8
0
0
0
0.3
0.3
0
0
0
0
0
0
0
0
0
0
0
0
0
0
0
0
0
0
0
-99
0
0
0
0
0
0
0
0
0
0
0
0
0
0
0
0
0
0
0
0
0
0
-99
0.5
0
0
0
0
0
0
0
0
0
0
0
0
0
0
0
0
0
0
0
0
0
0
0
0
0
0
0
0
0
0
0
0
0
0
0.1
0
0
0
0
0
-99
0.4
-99
0
2.1
0
0
0
0
0
0
0
0
0
-99
-99
0
0
0
0
3.8
1.4
-99
0
0
0
0
0
-99
0
0
0
0
0
0
0
0
0
0
0
-99
0
0
0
0
0
0
0
0.1
0
0
-99
0
0
11.8
0
0
0
0
0
0.2
0
0
0
0
0
0
0
0
0
0
14.3
8.5
0
0
0
0
0
0
-99
4.2
1.3
1.1
0
0
0
0
0
0
5.1
0
17.1
0.2
0
1.4
0
0
0.9
0.6
0
1.1
0.9
0
0
0.1
0.8
-99
0
0
0
1.4
0.2
0
23.7
0
2.6
14.5
20
-99
14.2
0
0
0
0
0
0
0.2
4.5
0
2.9
18.7
11.6
-99
0.5
0
10.4
0
0
0
0
0
0
53.3
0
0
0
10.6
0.1
0.1
14.6
0
16.4
33.5
0
0
0
0
0
0
41.2
0
0
0
15.4
1.2
0
11.5
0
0
0
0.2
0
-99
0
0
0
0
0.9
2.8
0
0
0
0
0
35.2
8.1
0
0
0
0
0
0
0
-99
-99
0
0.1
0
0
0
0
0
2.5
0
1.8
0
0.3
3.1
9.7
0
0.7
0
0
0
0
0
0
1.5
0.4
0
0
0.6
3.4
0
0
0
0
0
1.2
14.4
0
0
0
0
6.7
0
0
0
0
-99
-99
0
0
0
0
0
0
2.8
0.9
0
0
0
0
0
5.1
0
0
0
0
4.6
0.5
0
0
0
0
0
0.4
0
0
0
0
0
0
0
0
-99
0
-99
0
0
0.1
-99
0
0
0
0
0
0
0.6
0
0
0
0
0
0.9
0.2
0
0
0
0
0
0
1.8
0
0
0
0
0
0
0
0
0
0
0
0
0
0
0
0
0
0
0
0
0
0
2.1
0
0
0
0
0
0
0
0
0
0
0
0
0
-99
0
-99
0
0
0
0
0.1
0
0
0
0
0
0
0
0
0
0
0
0
0
0
0
0
0
0
0
0
0
0
0
0
0
0
0
0
0
2.9
0
0
0
0
-99
0
0
0
0
0
0
0
0
0
0
0
0
0
0
0
0
0
9.9
0.7
0
0
0
-99
-99
0
0
-99
0
0
0
0
0
2.1
0
0
0
0
0
0
0
0
-99
0
0
0
0
0
0
0
0
0
0
0.8
0
0
0
0
0
0
0
-99
0
0
0
0
0
7.9
5.6
0
0
-99
5
0
0
0
0
0
0
-99
1.6
-99
12.3
9.7
15.5
0
0
0
0
0
0
13.5
0
-99
0
3.7
0.2
3.5
0
5.3
-99
0
0
9
0.2
20.9
60.7
1.7
0
0.6
0
0
8.7
5.6
0.6
16.6
0.5
0
0
7.9
46.5
0
0.3
4.8
1.5
0
0
0.3
-99
0
0
0.5
17.1
0
-99
4.8
3.3
1.3
28
8.9
9.5
0
0
10.9
0
-99
0
18.2
0
0
0
0
0
0
0
0
6
0.6
3
-99
0
0
0
0.2
11.6
0
0
0
4.3
8.3
6.8
0.6
0
-99
0
2.2
0.7
1.4
0
28.6
0.5
-99
0.2
0
0
3.7
10.3
0
0
0
10.3
0
0
0
0
0
0
0
7.8
0
0
0
0
-99
3.2
0
0
0
0
0
-99
0
0
0
0
0
0
0
0
-99
0
0
0
0
0
0
0
0
0
0.3
0.2
0
0
0.7
0
0
0
0
0
0
0
0
0
0
0
0
0
0
0
0
0
0
0
0
0
0
0
0
0
0
0
0
0
0
0
0
0
0
0
0
0
0
0
0
-99
-99
0
0
0
0
0
0
0
0
0
0
0
0
0
0
0
0
0
0
0
0
0
0
0
0
0
0
0
0
0
0
0
0
0
0
0
0
0
0
0
0
0
0
0
0
0
0
0
0
0
0
0
2.8
0
0
0
0
0
-99
-99
0
0
0
-99
0
0
0
0
0
0
0
1.5
0
3.9
0
0
0
0
0
0
0
0
0
0
-99
0.3
0
0
0
0
0
0
0
0
0
0
0
0
0
0
-99
1.6
0
0
0
0
0
0
0
0
0
0
0
0
-99
0
0
0
0
-99
-99
6.4
0
9.5
0
0
0
0
0
5.1
0
0
0
0
0
2.7
-99
0
0
0
0
0
0
4.2
26.9
20.4
0
0
0
0
0
1.1
-99
0
0
0
0
-99
1.9
0
0
0
0
0
0
0.4
-99
-99
0
6.4
0
12.1
0
0.2
0
0
0
0
2.8
0
0
5.4
1.5
0
0
0.1
16.4
9.9
0
-99
3.2
0
0
0
2.7
2.1
0.3
-99
0.6
0
0
0
3.1
-99
0
3.9
0
0
0
1.2
2.6
5.8
-99
0
0
0
2.1
9.4
0
0
0
0
0
0
0
14.9
0
3.2
0
0.4
13
0
0
0
0
1.5
0
0
1.3
22.2
4.5
3
0
-99
0
0
0
0.6
7.7
0
1.1
0
0
0
8.3
0
5.7
2
18.2
5.3
0
0
0
-99
9.7
0
1.3
0
6.8
5
-99
-99
0
-99
0
0
0
0
0
12.2
32
-99
0
15
0
2.1
0.3
0
17.9
0.3
0
-99
0
0
0
0
0
0
2.6
-99
0
0
0
0
0
0
0
0
0
0
0
0
0
0
0
0
-99
2.2
2.4
0
0
0
0
0
0
0
0
0
0
-99
0
0
0
-99
0
0
0
0
0
0
0
1
0
0
0
0
0
0
0.4
0
0
0
0
0
0
0
0
-99
0
0
0
0
0
0
0
0
0
0
0
0
0
0
0
0
0
0
0
0
-99
0
