20050101
0
0
0
0
0
0
0
0
0
0
0
0
0
0
0
0
0
0
0
0
0
0
0
0
0
0
0
0
0
0
0
0
0
-99
-99
0
0.5
0.3
0.1
-99
0
0
0
0
0
1.9
-99
0.4
0.2
0
0
0
3.9
0.6
0.1
0
0
0
-99
1.2
0
-99
0
0
0
0
0
0
0
0
0
0
0
0
0
0
0
0
0
0
0
0
0
0
0
0
0
0
0
0
4.6
0.3
0
0
0
0
0
5.5
4.4
0
0
0
0
0
0
0
0
0
-99
-99
0
0
0.1
0
0
0
0
0
0
0
0
0
0
0
8.9
0
0.5
0
0
1.1
-99
0
0.3
0
0
6.3
31.1
0
0
0
1.1
0
0
0
0
0
3.9
0
7.4
3
1.3
1
0
0
0
8.8
0
18.8
0.9
-99
0
0
6.7
0.1
0.3
0
1
0
0
-99
0
0
0
5.6
1.7
-99
1.5
0.3
13.7
4.2
0
0
0
0
-99
0
0
0.6
0.1
-99
-99
0
0
8.5
-99
0
0
0
0
0
-99
0.5
9
30.3
0.2
0
0
24.3
0
0
-99
7.7
0
-99
0.7
0.1
5
0
0
0
6.6
-99
0
4.3
0.1
0
2.8
31.1
1.2
0
0
0
0
0
0
0
0
0.4
-99
0
-99
0
0
0
0
0
0
0
0
14.6
0
0
0
0
0.2
2.3
0
8.8
5.8
2.5
0
0
-99
0
0
0.7
0
0
0
0
0
1.4
0.1
0
0
0
0
0
0.2
0.1
0
0
0
0
0.8
0
0
0
0
0
0
0
-99
0
0
0
0
0
0
0.1
0
0
0
0
0
0
0
0
0
0
0
0
0
0
0
0
0
0
0
0
0
0
0
0
0
0
0
0
0
0
0
0.2
0
0
0
-99
0.8
0
0
0
0
0
0
0
0
0
0
0
0
0
0
0
0
0
0
-99
0
0
0
0
0
0
0
0
0.4
0
0
-99
-99
0
0
0
0
0
0
0
-99
0
0
0
0
-99
0
0
0
0
0
0
0
0
0
0
0
0
0
0
0
0
0
0
0
2.8
0
0
0
0
0
0
0
0
0
0
0
0
0
0
0
0
0
0
0
0
-99
0.5
0
0
0
0.5
0
0
0
0
0
0.5
4
0
0
0
0
0
0
0
0
0
0
0
0
0
0
-99
0
0
0
0
0
-99
0
0
0
0
3.4
0
0
0
0
-99
0.2
0
0
0
0
-99
-99
0
0
0
0
0
0
0
-99
0.6
0
0
0
0
0
0
0.6
0
1.6
0
10.5
13.3
0
-99
4.9
0
0
0
-99
0
0
0.1
-99
-99
0
0
0
18.1
9.4
4.3
0
0
-99
4.4
0
29.9
0
0
0
11.2
2.2
0
0.7
0
-99
5.5
1.1
0
0
-99
0
0
-99
-99
0
0
0.5
23.1
3.2
0
-99
3.4
16.8
0
3.3
0
0
0
-99
0
0
0.4
-99
6.8
0
41.1
-99
12.3
0
0
-99
8.7
0
0.5
0
0
41.9
11.5
0
1.2
0
0
0
0.8
1.5
4
1.7
0
1.9
0
0
0
19
-99
-99
-99
0
23.9
0
0
3.6
0
-99
0
0
0
0
0
0
0.4
0.5
0
0
0
0.3
0
0
0
-99
-99
0
0
0
14.2
0
-99
0
0
0
0
0
0
0
0
0
0
0
0
0
1.9
5.8
0
0
0
0
-99
0
0
-99
0
0
0.2
0
4.2
0
0
0
0
0
-99
0
0
0
0
0
0
4.6
0.1
0
0.1
0.2
0
-99
0
0
0
0
0
0
0
0
0
0
0
0
0
0
0
0
0
0
0
0
0
0
0
0
0
0
0
0
0.7
0
0.2
-99
0
0
0
0
0
0
0
0
0
0
0
0
0
0
0
0
0
-99
0
0
0
0
0
0
0
0
0
0
0
0
0
1.5
-99
0
0
0
0
-99
0
0
0
0
0
0
0
0
0
0
0
0
0
0
0
0
0
0
-99
0
0
0
0
0
0
0
0
0
0
0
0
0
0
-99
0
0
0
0
0
0
0
0
0
0
0
0
0
0
0
0
0
0
0
0
0
0
16.9
13.8
0
0
0
0
-99
0
0
0
0
0
0
0
0
0.9
1.7
0
0
0
0.1
0
0
0
0
-99
7.5
-99
0
0
0
0
0
0
0
0
0
0
0
-99
3
0
0
0
-99
0
0
-99
0
-99
0
0
0
0
0
0
0
0
-99
0
0
0
0
-99
0
0
2.3
0
0
3.9
0
0
0
0.4
0
-99
0
0
2.4
0
20.6
8.6
1.2
0
0
0
0
0
-99
5.7
0
0
0
0
0
0
0
0
0
0
0
0.7
2.9
-99
0
0
0
0
1.6
-99
-99
0
-99
-99
6.1
0.1
0.2
0.2
2
20
-99
0
0.2
-99
0
-99
11.8
0.5
0
0
0
0
0
3.2
0.1
0
0
5.5
0
0
0
0
0
0
0
0
0
0
0
9.4
1.8
19.5
0.3
2.7
6.8
0
4.8
12
0
0
0
0
-99
0
0
0
0
0
0
0
0
0
0
0
-99
-99
26.6
0
0
0
0
0
0
0
-99
0
0
0
-99
-99
0
0
0
0
0.1
1.6
0
0
13.8
44.1
0
0
0
0
0
0
0
2.4
1.6
0
0
0
8.5
0
0
9
4.9
14
0
0
0
0
0
0
3.5
0
0
0
0
0
0
0
0
0
0
0.8
0
0
4.6
3.7
0
0
0
0
0
0
0
0
0
0.1
0
0
0
0
-99
0
0.4
0
0
0
0
0
0
0
0
0
0
0
0
0
0
0
0
0
0
0
0
0
0
0
0
0
1.3
0
0
0
0
0
0
0
0
0
0
0
0
0
0
0
0
0
0.6
0
0
0
0
0
0
0
0
0
0
0
0
0
0
0
0
0
0
0
0.3
0
0
0
-99
-99
0
0
0
0
0
0
0
0
0
0
0
0
0
-99
0
0
0
0
0
0
0
0
0
0
0
0
0
0
0
0
0
0
0
-99
0
0
0
0
-99
0
0
0
0
0
0
0
0
0
0
-99
0
0
0
0
0
0
0
-99
5.1
0
0
0
0
0
0
2.3
0.4
0
0
1.2
0
0
0
-99
0.7
0
4.9
3.4
4.8
1.8
1.7
0
0
0
-99
0
0
-99
3.3
2.8
0.5
0
-99
-99
0
0
0
-99
0
0
0.1
9.1
0
0
0
0
0
4.2
0.1
12.1
0.3
0
3
0
0.8
0
0
0
0
0
0
-99
0
0
0
6.6
0
0
0
0.1
0.7
-99
3.1
4.6
0
0.1
0.2
0
0
0
0
0.7
1.9
0.6
1.1
0
0.3
0
0
17.4
0.3
0.6
0.3
-99
0
14.2
3.1
16.6
7.7
20.9
-99
-99
0
1.1
1.3
0
0
0
0
0
0.1
0
0
25
5.9
0
0
-99
3.3
0
0
0
0
0
0
0
0
0
2.1
0
-99
5.6
4
0
0
0
0
-99
-99
0
54.7
2
0.6
0
21.7
0.1
0
0
0
4.6
0
29.8
0.2
0
0.8
0
7.3
0.6
0
0
4.8
0
0
0
1.2
9.4
0.1
0
9.3
0
10
2.4
0
0
0
6.4
0.6
18.2
0
0
0
0
21.4
2.4
-99
2.4
-99
0
0
0
0
0
0
0
0
4.3
10.4
0
0
3.9
1
0
0
0
0
0
0
0
0
0.5
0
0
0
6.5
0.4
0
0
0
0
0
-99
0
0
0
0
0
0
0
0
0
0
0
0
0
0
0.3
0
0
0
0
-99
0
0
0
0
0
0
0
0
0
0
0
0
0
0
0
0
0
0
0
0
0
5
0
0
0
0
0
0
0
0
0
0
-99
0
0
0
0
0
0
0
0
0
0
0
0
0
0
0
0
0
0
0
0
0
0
0
0
0
0
-99
-99
0
0
0
-99
0
0
0
0
0
0
0
0
0
0
0
0
0
0
0
0
0
0
0
0
-99
0
0
0
0
0
0.1
0.9
0
0
0
0
0
0
0
0
0
0
0
0
-99
2.9
0
0
0
0
0
0
1.5
0
0
0
0
0
0
0
0
0.4
0
0
1.3
0
0
0
0
2.1
0
-99
0
0
0
0
0
0
0
0
0
0.9
0.4
0
1.2
0
0.3
0
0
0
2.9
1
0
0
12.1
-99
0
0
0
0
4
-99
0.3
0
0
0
0
0
0
0
2.5
0
0
0
0
-99
1.2
0
0
0
0
0
2.1
0.1
0
0
0
0
0
2.1
0
0
0
0
0
0
-99
0
10.1
0
16.9
0.1
-99
0
0
1.3
0.2
0
7.4
0
0.4
0.3
0
0
0
0
0
-99
0.1
1
0
0
-99
0
0
0
4.4
13.3
0
0
0
0
0.3
-99
8.9
-99
0
0
0
19.8
0
20.8
28.4
0
0
7.7
2
0
0
0
0
3.9
2.7
0.2
2.3
0
0
0
0
0
0
0
-99
-99
0
0
0
0
0
-99
-99
-99
15.4
0
0
0
0
-99
-99
0.4
0.4
0
0
7.6
0
0
0.3
0
-99
0.1
11.8
5.5
0
0
-99
0
0
0
0
0
0
0
0
-99
1
0
0
0
0
0
23.8
0.8
0
0
7
-99
0
0
0
0
0
-99
0.7
0
0
1.5
3.3
0
0
0
-99
0
-99
0
0
0
0
0
0
2
0.5
0
0
0
12.7
1.8
4.4
0
0
0
0
0
0
0
0.1
8.6
0
3
-99
0
0
0
0
0
0
0
0
0
0
0
0
0
0
0
0
0
0
0
0
0
0
0
0
0
0
0
0
0
0
0
0
0
0
0
0
0
0
0
0
0
0
0
0
0
0
0
0
0
0
2.3
0.1
0
0
0
-99
0
0
0
0
0
0
0
0
0
0
0
0
0
0
0
0
0
0
0.6
0
0
0
0
-99
0
0
0
0
0
-99
0
0
0
0
0
0
0
0
0
0
0
0
0
0
0
0
0
0
0
-99
4.7
1.9
0
0
0.5
0
0
-99
0.9
0
0
0
0
0
14.1
0
0
0
0
-99
-99
-99
0.8
0
0
0
0
0
0
0
6.4
1.7
0
0
0
0
0
0
0
0
-99
0
-99
0.9
0
0
-99
0
0
0.5
-99
0
4.8
11.7
0
0
4.6
0.7
0
0
0
0
0
0
0
0
23
0
0.1
-99
1.8
-99
-99
0
0
1.5
0
-99
-99
15.4
-99
0
0
0
-99
0
0
-99
7
3.1
0
-99
0.2
6
0
0
0
0
0
0
0
0
0.7
1.6
15.6
18.2
0.3
4.8
15.5
1.1
0.3
2.9
0
-99
-99
0
0
0
0
-99
1.4
0
-99
12.6
0
0
0.1
0
0
0
0
6.9
-99
-99
0.3
0
0
3.1
3
0.7
8
3.3
-99
0
0
0
0
0
0
0
0
2.8
-99
-99
0
-99
9.1
13.1
0
0
6.9
4.5
2.3
0
-99
0
1.6
0
0
0
0.4
11.7
3.7
0
43.4
0
0
0
0
1.2
0
0
0
0
0.5
15.7
0
0.4
0
0
0
47.3
2.5
0
0
0
0
0
0
0
0.6
19.2
27.3
-99
16.1
21.7
0
0
0
6.2
0
0
0
0
0
5
6.4
0
0
0
0
0
0
0
12.1
0.1
0
-99
0
0
0
0
3
0.1
0
0
0
3.6
11
0
0
0
0
0
0
0
0
0
0
0
0
0
0
0
0
0
0.2
0
0
0
0
0
0
0
0
0
0
0
0
0
0
0
0
0
0
0
0
0
0
0
0
0
0
0
0
0
0
0
0
0
0
0
0
0
0
0
0
0
0
0
0
0
0
0
0.1
0
0
0
0
0
-99
0
0
0
0
0
0
0
0
0
0
0
0
0
0
0
0
0
0
0
0
0
0
0
0
0
0
0
0
0
0
0
0
0
0
0
0
1.2
0
0
0.9
0
0
0
0
0
0
0
0
0
0
0
0
3.7
2.8
0
0
0
0
0
0
0
0
0
0
0
0
0
0
0
0
0
0
0
0
0
0
0
0
0
0
0
0
0
0
0
0
6.5
3
0
0
0
0.9
0
0
0
0
0
0
0
0
0
0
1.2
0
0
0
20.2
0.2
0.1
0
0.7
0.7
0
0
0.8
0.2
0
0
0
3.7
0
0
0
12.5
0.4
0
0
0
0
0
0
0
0
-99
1.9
0.1
0
0
0
0
0
6.2
0
0
3.9
-99
1.3
0
0
0
0
0.3
0.7
2
16.1
0
7.6
0.3
0
0
7.6
7.1
0
0
0
0
0
0
-99
14.6
19
0
0
0
0
0
5
1.9
0.6
0
0
-99
0.8
0.1
0
0
-99
0
0.9
2.7
0
-99
37.5
0.9
-99
0
0
-99
0
0
6.2
0.5
0
-99
0
3.5
6.9
0
0
0
0
0
0
0
0
0
0.4
0.1
0
0
0
29
7
7.7
3.3
-99
0
0
0
0
0
-99
4.3
0
0
0
0
0
-99
0
0
0
5.4
0
0
0
0.8
0
7.5
0
0
0
0
0.6
2.9
0
0
0
0
0
0
0
0
0
0
0
-99
0
0
0
0
0
0
0
0
0
0
2
0
0
0
2
-99
-99
-99
0
0
0
0
0
0
2.2
0
0
0
0
0
0
0
0
0.5
0
0.4
-99
0
0.1
0
1.6
0
0
0
0
0
0
0
0
8.1
-99
0
0
0
0
0
0
0
0
0
0
0
0
0
0.1
0
0
0
0.4
-99
0
0
0
0
0
0
0
0
0
0
0
0
0
0
0
0
0
0
0
0
0
0
-99
0
0
0
0
0
0
0
-99
0
0
0
0
0
0
0
0
0
0
0
0
0
0
0
0
0
0
0
0
0
0
0
0
0
0
0
0
0
0
0
0
0
0
0
0
0
0
0
0
0
0
0
0
0
-99
0
0
0
0
0
0
0
-99
0.2
0
0
0.1
0
0
0
0
0
0
0
0
0
0
-99
-99
2
0
0
0
0
1.6
0
0
0
0
0
-99
0
0
0
0
0
0
0
0
0
0
0
-99
0
0
0
0
0
0
0
0
0
-99
0
0
0
24.2
0
0
0
0
0
0
0
0
0
0
0
0
0
0
0
0
1.5
0.2
0
0
0
0
0
1.4
2.1
12.3
0
0.8
0
0
0
0
0
0
3.5
0.8
0.6
3
0
8.2
0
0
23.3
0
-99
2.2
1.1
0
0
0.5
-99
0.6
0
0
4.9
21.4
0.8
0
-99
-99
0.9
0.2
0
0
3.6
0.4
0
0
0
0
0
16.7
5.6
0
0
0
0.2
0
0.4
0.1
0
0
0
0
0
0
0
37
8.1
0
0
0.5
0
0
0.2
1.1
1.6
47.2
0.3
0
0
0
0
0
0
13.5
0
0
4.7
5.3
0
0.2
0
0
0
0
0
0
0
0
0
0
0
0
0
-99
0
0
0
5.6
17.7
0
0
0
0
0
0
0
0
0.1
0.1
0
0
0
0
0
0
0
0
-99
0.6
0
0
17.2
0
4.8
0
0
0
0
-99
-99
0
0
0
0
0
7.4
0
0
0
0
0
0.3
8.9
0
0
0
0
8.5
0.1
0
0
0
0
0.1
0
0
0
0
0
0
12.6
9.3
-99
0
0
0
0
8
-99
0
0
0
-99
2.6
0
0
0
0
0
-99
0
0
0
0
0
0
0
0
0
0
0
0
0
0
0
0
0
0
0
0
-99
2.1
0
0.2
0
0
0
0.3
0.6
0
0
0
0
0
0
0.1
0
0
0
0
0
0
0
0
0
0
0
0
0
0
0
0
0
0
0
0
0
0
3.8
0
0
0
0
0
0
0
0
0
0
0
0
0
-99
0
0
0
0
0
-99
0
0
0
0
0
0
0
0
0
0
0
0
0
0
0
-99
0
0
0
0
0
0
0
0
0
0
0
0
0
0
8.2
0
0
0
0
0
0
4.9
1.5
0
0
0
0
0
0
0
0
0
0
0
0.4
0
0
3.3
1
0
-99
0
-99
0
0
0
0
0
0
0
0
0
-99
0
0
0
0.2
0
0
0
0
0
0
0
0
0
0
0
0
0
0
-99
2.9
0
0
0
0
0
0
0
0
0
0.1
0
0
0
0
0
0
0
-99
-99
0
0
0
0
0
0
-99
12.8
4.6
24.7
0
18.1
0
0
0
0
0
0
8
0
0
0
-99
0.1
3.2
-99
37.9
9.2
0.1
0
1.1
2.3
1.8
11.1
20.1
0
1.3
0
-99
9.1
0.1
16.6
6.2
0
0
0
0
69.9
0
0
0
0
0.9
0
0
0
0
0
2
7.3
0
0
0
31.3
0
1.3
3.3
10.2
4.9
0
13.4
3.5
0.4
0
9
8.2
0
17
0
0
0
0
0
0.7
0.1
-99
0
0
0
0
0
20.6
0
1.9
0
-99
0
0
2.7
7.1
0.4
0
2.4
4.5
1.7
0
0
3.5
0.8
0
0
-99
9
5.8
0
0
0
11.8
0
0
0
0
0
0
0
4.4
0
0
0
0
0
0
10.1
0
0
0
-99
-99
0
0
0
0
-99
2.4
0
0
1.6
0
0
0
0
0
0
0
0
0
0
0
0.7
0
-99
0
0
0
0
0
0
0
0
0
0
0
0
0
0
0
0
0
0
0
0
0
0
0
0
0
0
0
0
0
0
0
0
0
0
0
0
0
0
0
0
0
0
0
0
0
0
0
0
0
0
0
0
0
0
0
0
0
0
0
0
0
0
0
0
0
0
0
0
0
0
0
0
0
0
0
0
0
0
0
0
0
0
0
0
0
0
0
0
0
0
0
0
-99
0.4
0.5
0
0
0
0
0
-99
0
0
0
0.3
0.6
0
0
0
0
0
0
-99
0
-99
0
0
0
0
0
0
0
0
0
0
0
0.3
0
0
0
0
0
0
0
0
0
0
0
0
0
0
0
17
0
0
0.7
0
0
0
0
0
0
0
0
0
0
0
0
0
0
0
0
5.5
0
6.5
0
0
0
2
0
2.9
1.5
0
0
0
0
-99
0.7
0
0
0
0
0
0
0
2.6
16
0.1
0
0
0
0
1.2
0
5.6
0
-99
0
0
4
0
0
0
0
0
0
0
3.5
0
0
0.2
0
26.3
0
0.7
0
0.2
0
-99
0.2
0
5
1.5
0
0
0
0
19.5
0
0
0
6.4
0
0
0
0
0
25.6
0.1
0
0
0
0
0
0
0
0
0
0
7.5
0
-99
3.2
0
0
0
-99
1.7
-99
0
0
0
0
0
0
0
3.2
0
0
0
0
6
0
0
0
0
6.5
2.2
0
0.5
16.1
0.1
0
0
1.2
0
0
0
0
-99
0
0
0
0
0
16.3
0.2
7.2
4.8
34.2
13
0
0
0
0
1
0
0
0
3.3
8
0
0.2
0
0
0
0
1.5
0
0
1.6
25.1
0.3
0
0.8
0
0
0
0
17.4
0.1
0.2
10.4
0
0
0
0
0
0
0
0
0
0
0
0
0
0
0
0
0
0
0
0
0
0
0
0
-99
0.7
0.8
-99
0
0
0
0
0
0
0
0
0
0
0
0
0
0
0
0
0
0
0
0
0
0
0
0
0
0
0
0
-99
0
0
0
0
0
0
0
0
0
0.2
0
0
0
0
0
0
0
0
0
0
0
0
0
0
0
0
0
0
0
0
0
