20050101
0
0
0
0
0
0
0
0
0
0
0
0
0
0
0
0
0
0
0
0
0
0
0
0
0
0
0
-99
0
0
0
0
0
0
0
0
0
0.4
0.2
0.5
0
0
0
0
-99
3.4
0.9
0
0.3
0
0
0
-99
0
1.2
0
0
0
0
0.2
0
0.8
-99
0
0
0
0
0
0
0
0
0
0
0
-99
0
0
0
0
0
0
-99
0
0
0
0
0
0
0
0
0
-99
0
0
0
0
0
7
9.3
0
0
0
0
0
0
0
0
0
6.7
0
0
0
-99
0
0
0
0
0
0
0
0
0
0
0
21.8
0
9.5
0.2
0
-99
-99
0
0
0
0
5.7
21.7
0
0
0
4.1
0
0
-99
0
0
3.6
0
1.8
1.4
12.4
6.9
1.2
0
0
0.9
5.3
12.7
5.1
13.8
0
0
8.6
12.5
1.8
0.1
0
-99
-99
5.3
9.9
1.3
0
0
-99
17.6
0.6
0.9
0
12.9
0.2
0
0
4.4
0
0
0
0
0.4
40
-99
0.8
0
0
0
0
0
0
0
0
0
0.3
1.3
43.5
0.9
0
0
4.8
0
0
0
6.9
3.6
0
1
0
23.5
0
-99
0
13.5
39.9
0
55.1
3
0
47.1
24
10.8
0
0
0
0
0
0
0.5
0.6
-99
0
0
0.9
0
0
0
0
0
0
0
0
0
0
0
0
0
0
0.2
0
0.7
5.4
0
0
7
0
0
0
0.2
2.2
0
0.6
0
0
6.6
1
0
0
0
0
0
0.1
0.1
0
0
0
0
-99
0
0
0
0
0
0
0
0.3
0
0
0
0
0
0
3
0
0
0
0
0
0
0
0
0
0
0
0
0
0
0
0
0
0
0
0
0
0
0
0
0
0
0
0
0
0
0
0
0
0
0
1.9
0.3
0
0
0
0
0
0
0
0
0
0
0
0
0
0
0
0
0
0
0
0
0
0
0
0
-99
0
0
0
0
0
0
0
0
0
0
0
0
0
-99
0.1
0
0
0
0
-99
-99
0
0
0
0
0
0
0
0
0
0
0
0
0
0
-99
0
0
0
5
-99
0
0
0
0
0
0
0
0
0
0
0
0
0
0
0
0
0
0
0
0
0.1
0
0
0
0
0
0
0
0
0
0
0
0
0
0
0
0
0
0
0
0
0
0
0
0
0
0
0
0
0
0
0
5.3
0
0
0
0
2.3
0
0
0
0
0
0
0
-99
2.9
0
0
1.7
0
0
0
0
0
0
0
0
0
-99
0
0
0
0
0.1
-99
0
-99
0
0.8
0.5
0
0
2.4
0.7
0
0
0
3.3
-99
0
-99
-99
0
0
0
5.2
-99
11.6
0
0
0
-99
0
2.7
39.6
0
0
0
3.7
0.2
2.4
0
0
2.4
20.1
3
-99
0
0
0
-99
-99
0
0
0
8.6
8.5
-99
0
4.7
18.9
0
4.8
0
0
-99
0.5
0
0
0
0.4
91.5
0
2.7
0.5
0
0
0
3.1
10.1
0
0.1
0
0
0.6
1
2.5
20.5
5.8
0.3
0
1.3
0
1.2
-99
0
1.3
0
0
0
0
0.5
-99
0
0.1
31
0
0
12.2
0
0
0
0
0
0
0
0
0
5.1
0
15.3
3.1
0
0
0
0
-99
0
0
0
0
8.3
-99
-99
0
0
0
0
0
0.4
0
0
0
0
0
0
0
0
7.3
0
0
0
0
0
0
0
0
0
0
0.2
-99
4.7
0
6.3
10
0
0
0
0
0
0
0
0
0
6.6
3.1
0
-99
0.3
0
0
0
0
0
0
0
0
0
-99
0
0
0
0
0
0
0
0
0
0
0
0
0
0
0
0
0
0
0
0
-99
-99
0
0
0
0
0
0
0
0
0
-99
0
0
0
0
0
0
0
0
0
0
0
0
0
0
0
0
0
0
0
0
0
0
0
0.4
0.3
0
0
0
0
0
0
0
0
0
0
0
0
0
0
0
0
0
0
0
0
0
0
0
0
0
0
0
0
0
0
0
0
0
0
0
0
0
1.1
1.1
0.3
0
0
0
0
0
0
0
0
0
0
0
0
0
0
0
0
0
0
0
-99
0
2.3
23.8
0
0
0
0
-99
0
0
0
0
0
0
0.1
0
-99
5.1
0
0
0
-99
0
0
0
0
0
11
-99
0.1
0
0
0
0
0
-99
0
0
0
0
0
10.6
-99
0.3
0
0.7
0
0
0
-99
-99
0
0
0
0
0
0
0
0
14.3
14.2
0
0
0
2
0
0
0
0
0
4.6
0
0
0
2.7
0.1
1.1
-99
0
-99
0
13.9
5.3
1.7
0
0
3.8
0.3
0
0
22.6
0
0
0
0
0
0
-99
0
0
0
0
-99
9.8
0
0
0
0
0
0.1
0
0
0
1.9
0.1
4.5
-99
10.9
2.2
1.7
13.1
26.4
-99
30
0
0.3
0.5
-99
0
12
6
0.1
8.6
-99
9.1
2.9
0
0
38.8
0
0
0
0
0
0
0
0
0
-99
0
3.5
40.4
0.6
0
0
16
-99
-99
42.5
0.7
0
0
0
1.3
0.5
0.2
0
0.6
0
0
0
0
0
0
0
0
0
17.8
0
0
0
0
0
0
-99
-99
0
0
0
0
-99
0
0
-99
-99
2.3
2.6
0
0
0
19.5
-99
0
0
0
0
0
0
1.7
7.3
0
0
0
0.3
0
0
0
2.5
13.3
0
0
0
0
0
0
0.7
0
0
0
0
0
0
0
0
0
0
0.3
0
0
13.4
12.2
0
0
0
0
0
0
0
0
0
0
3.2
0
0
0
0
0
6.3
0
0
0
0
0
0
0
0
0
0
0
0
0
0
0
0
0
0
0
0
0
0
0
0
0
2.8
-99
0
0
0
0
0
0
0
0
0
0
0
0
0
0
0
-99
1.5
0
0
0
0
0
0
0
0
0
0
0
0
0
0
0
0
0
0
0
0
0
0
0
0.1
0
0
0
0
0
0
0
0
0
0
0
0
0
0
0
0
0
0
0
0
0
0
0
0
0
0
0
0
0
0
0
0
0
0
-99
0
0
0
0
0
0.1
0
0
0
0
0
0
0
0
0
0
0
0
0
0
0
0
0
-99
1.1
2.4
0
0
0
0
0
3.5
1.9
0
0
0.4
0
0
0
0
6.4
0
0.3
2.8
0.3
-99
0
0
0
0
-99
0
0
0
5.6
8
3.9
0
0.6
11.8
0
0.3
0
0
0
0
0
26.1
0.6
0
0
0
0
0
0
11.1
0.3
1.6
0.3
0
0.9
0
0
0
-99
0
0
-99
0
0
0
0.6
0
0
0
-99
0
-99
2.8
5.3
0
0.2
-99
0
0
0
-99
0
1.8
0.6
0
0
6.5
0
0
-99
26.6
0
2
2
54.4
1.8
0.1
3.1
5
9.4
1.3
7.6
0.6
0
18
0.1
0
-99
1.3
0
0
0.2
0
5.5
19.2
-99
0
0.1
0
0
0
0
0
0
0
0
0
0
2.1
0
8.8
1
0
0
0
0
0
0
0
0
8.6
41.6
16.5
0
-99
0
0
3.2
0.5
0.9
0
5.4
-99
0
0
-99
24
2.3
0
0
17.3
0
0
0
0
0.6
0.3
5.6
36.5
0
3.8
14.3
0
0
0
0
5.4
2.9
0
-99
0
0
0.4
11.4
0
0.1
0
0
0
0
0
0
0
0
-99
5.4
12.7
0
0
0.8
0.4
0
0
0
-99
0
0
0
0
-99
0
0
0
-99
12.8
0
0
0
0
0
-99
0
0
0
0
0
0
0
0
0
0
0
0
0
0
0.9
0
0
0
0
0
0
0
0
0
0
0
0
0
0
0
0
0
0
0
0
0
0
0
0
0
0
1.9
0
0
0
0
0
0
0
0
0
0
1.9
0
0
0
0
0
0
0
0
0
0
0
0
0
0
0
0
0
0
0
0
0
0
0
0
0
0
0
0
0
0
0
-99
0
0
0
0
0
0
0
0
0
0
0
0
0
0
0
0
0
0
0
0
5.4
12.3
0.1
0
0
-99
0.6
1.2
0
0
0
0
-99
0
0
0
0
0
0
0
-99
2.3
0
0
0
0
0
0
1.7
-99
0
0
0
0
0
0
0
0
0
0
0
0
0
0
0
0.1
1.2
-99
0
0
0
0
0
0
0
0
0
0
0.5
0
0
0
7.1
0
0
0
2.5
0.1
0
0
1.4
8.8
0
0
0
-99
-99
0
10.9
0
0
0
0
0
0
0
20.5
0
0
0
0
-99
0.6
0
-99
0
0
0
2.6
2
0
0
1
-99
0
4.5
0.2
0
0
-99
0
0
0.5
-99
4.3
0
30.1
-99
0
0.2
0
0.6
0.4
4.2
2.7
0
3
19.8
0
0
0
-99
0
0
0
0
-99
0
0
-99
0
0
0.2
20.5
0.4
0
0
0
0
12.9
0.1
8.5
5.1
0
0
3.9
-99
-99
21
0
-99
8.5
-99
0
0
0
0
0
0.2
0
0
5
0
0
0
0
0
0
0
0.2
0
0
0
0
0.5
0.3
5.8
0
6.8
0
0
0
0
0
-99
1.2
0.4
0
0
0
0
0
-99
0
1.3
11.6
5.2
0.8
0
0
0
0
0
0
0
0
0
0.1
0
0
1
0
0
0
0
16.7
26.1
0
0
0
0
11.4
0
0
0
0
0
0
1.5
0
0
0
-99
0
0
0
-99
0
-99
0
0
0
0
0
0
-99
0
0
0
0
18.4
-99
2.5
0
0
0
0
0
0
0
2.3
0
0
2.4
0
0
0
0
0
0
0
0
0
0
0
0
0
0
0
0
0
0
0
0
0
-99
0
0
0
0
0
0
0
0
0
0
0
0
0
0
0
0
0
0
0
0
0.5
0
0
0
0
0
0
0
-99
4.8
1
0
0
0
0.3
0.1
0
0
0
0
0
0
0
0
0
0
0
0
0
0
0
0
0
0
0
0
0
0
-99
0
0
0
0
0
1.1
0
0
0
0
0
0
0
0
0
0
0
0
0
0
0
0
0
0
0
0.5
1.4
0
-99
0
-99
0
0
0
2.7
0
0
0
0
0
7.3
0
0
0
0
0
0.6
0
0
0
0
0
0
0
0
0
0.3
0.3
0
0
0
0
2.3
0
0
0
0.6
0
0.6
3.4
0
0
0
-99
0
0
5.2
0
0
0
0
0
1.6
11.2
0
0
0
0
0
0
-99
0
17
0
-99
0
0.4
0.2
0
0
0
-99
0.1
-99
0.9
12
0
0
0
0
-99
0.3
0
0
2.6
16.4
-99
-99
-99
0.2
0
0
0
0
0
0
0
0
0.3
0
0
4.9
2.2
0
14.5
31.7
-99
0
0
0
0
0
0
0
0
0.5
0
0
-99
16
0
0
5.2
0
0.1
0
0.3
-99
4.3
7
51.2
0
0
36.9
0
0
0
0.7
10.3
0
0
-99
0
1.4
0.1
0
0
3.5
0.7
37.5
0
0
6.7
5.4
0
0
0.3
3.2
0
0
0
0
0
0
0
0
0.2
1.8
14.6
0
43
6.6
0
0
0
2.2
0
-99
8.5
0
0
0.2
-99
0
0
0
0
0
0
0
0
0
0
0
0
-99
34.7
14
20.8
0
10.4
29
0
0
0
1.3
0.2
0
0
0
0
0
50.4
0.8
0
0
0
0
0
0
0.9
25.4
0
0
0
0
0
0
3.9
2.4
0
0
0
-99
7.3
0
0
0
0
0
0
0
0
0
0
0
0
0
0
0
0
0
1.4
0
0
0
0
0
0
0
0
0
0
0
0
0
0
0
0
0
0
0
0
0
0
0
0
0
0
0
0
0
0
0
-99
0
0
0
0
0
0
0
0
0
0
0
0
0
0
0
-99
0
0
0
0
0
0
0
0
0
0
0
0
0
0
0
0
0
0
0
0
0
0
0
0
0
0
0
0
0
0
0
0
0
0
0
0
0
0
0
0
0
0
0.9
0
0
-99
0
0
0
0
0
0
0
0
0
0
0
0
3.2
2.4
0
0
0
0
0
0
0
0
0
0
0
0
0
0
0
0
0
0
0
0
0
-99
0
0
0
0
0
0
0
0
0
0
0
0
0
0
0
0
0.5
0
0
0.6
0
0
0
0
0
0
0
0
0
0
4
0
-99
-99
0
15.8
0
-99
11.2
0
0
0
0
0.2
10.3
0
0
0.8
6.6
0
0
0
0
0
0
0
0
-99
0
-99
0
0
0
0
0
5.2
0
0
-99
-99
-99
0
0.7
1.2
0
0
0.9
11.3
0.2
0
31.2
10.2
-99
0
0.1
9.5
7.8
0
0
0
0
0
0.1
23
0
0
0
0
0
0
8.8
-99
0
0
0
1.4
0
24.4
0
0
0
0.1
8.9
0
1.3
0.5
0
-99
0.3
2
4.1
2.2
0.3
0
10.7
76.8
0
1.1
0
1
9.5
0
0
0
0
0
0
0
4.7
0
6.8
0
0
0
0
23.2
79.5
1.2
0
0
0
0
0
0
0
12.8
11
0
0
0
0
0
0
-99
0
-99
0
0
0
-99
4.7
0
4
3.7
0
0
0
0
27
0
0
0
0
0
0
0
0
0
0
0
-99
0
0
0
0
0
0
0
0
0
0
0.2
0
0
0
13.3
0
-99
0
0
0
0
0
0
0
8.8
0
0
0
0
0
0
0
0
0.4
0
-99
-99
-99
0
0
0
0
0
0
0
0
0
0
0
5.5
0.4
2.6
0
0
-99
0
0
0
0
0
0
0
0
0
0
0
0
-99
0.3
1
0
0
0
0
0
0
0
0
0
0
0
0
0
0
0
0
0
0
0
0
0
-99
0.4
0
0
-99
0
0
0
0
0.2
0
0
0
0
0
0
0
0
0
0
0
0
0
0
0
0
0
0
0
0
0
0
0
-99
0
0
0
0
0.3
0
0
0
0
0
0
0
0
0
0
0
0
0
0
0
0
0.4
0
0
0
0
0
0
0
-99
0
0
0
2.7
-99
0
0
0
0
0
0
0
0
0
0.8
0.4
5.6
0
0
0
0
0.3
0
0
0
0
0
-99
0
0
0
0
0
0
0
0
0
0
0
2.4
1.4
0
0
0
0
0
0
0
-99
-99
0
0
0
22
0.9
0
0
0
0
0
0
0
0
0
0
0
0
0
0
0
5.7
4.5
6.4
-99
0
0.5
0
0
0.9
0.5
0
-99
-99
0
0
0
0
0
11
4.3
0
-99
0
17.5
4.7
0
0.6
6.6
3.4
7.2
0
0
-99
3.5
15.1
0
-99
0.5
0.8
-99
1
1.2
0.2
0
3.5
32.1
0
0
0.2
4.8
0
0
0
0
0
0
0
1
0.1
20.8
21.4
0.1
10.9
0
0
0
0
0
0
0
0
49.7
63.8
0
0
0
0.3
-99
9.9
-99
0.2
16.2
38.1
2.8
0
-99
0
0
0
-99
0
0
0.5
2.8
0
0
1.5
0
0
-99
0
-99
0
0
0
0
0
0
0
0
0
0
0
0
21.4
0
0
0
0
-99
0
0
0
-99
7.4
0
0
0
0
0
0
0
0
0
0.2
3.8
0.3
1.3
0.4
5.3
0
0
0
0
0
0
0
0
0
0
0
8.8
0
0
0
0
0
0
6.7
0
0
0
0
13.5
2.8
0
0
0
0
-99
0
0.4
0
0
0
0
2.7
9.2
0
0
0
0
0
9.4
4.2
0
0
0
0
2.2
0
0
0
0
0
0.4
0
0
0
0
0
0
0
0
0
0
-99
0
0
0
0
0
0
0
0.1
0.1
0.1
4.8
-99
0.5
0
0
0
0
1
0
0
0
0
0
0
0.7
1.3
0
0
0
0
0
0
0
0
0
0
0
0
-99
0
0
0
-99
0
0
0
0
2.8
0
0
0
0
0
0
0
0
0
0
0.1
-99
0
0.2
0
0
0
0
0
0
0
0
0
0
0
0
0
0
0
0
0
0
0
0
0
0.9
0
0
0
0
0
0
0
0
0
0
0
0
0
0
10.6
0
0
0
0
0
0
1.3
0.9
0
0
0
0
0
0
0
0
0
0.6
0
0.9
0
0
6.2
7.2
0
0
0.5
-99
-99
0
0
0
0
0
0
-99
0
0
0
0
-99
1.1
0.1
0
0
0
0.4
0
0
0
0
5.5
0
0
0
0
0
0.4
0.2
0
0
0
0
0
0
0
0
0.9
0
0
0
0
0.3
0
-99
0.4
0.1
0
0
0
0
0.1
0
8.3
26.1
0.3
0
0
21.1
0.2
2.8
0
0
0
0
3.7
1.3
0.5
0
0
0
0
0
-99
1.9
5.9
1.5
0
34.4
0.1
33.4
24.6
0
0
0
0
0
8.5
8.3
0.9
0
0
13.3
0
40.9
2.7
0
0
0
0
0
0
0
0
0
0
1.6
0.2
0
0
0
20
0
0
0
21.3
0
2.1
1.5
0.6
0
0
9.9
0
0
-99
5.5
0
0
0
2.2
0.6
0
0
0
0.6
0
0
43.8
0
0
3.6
0
0
0
0
26
0.3
4.8
0
0
0
0
0
15
0.1
0
0
0
3.5
0.2
0
0
0
0.4
0
0
0
0
0
0
0
17.7
0
0
0
0
0
0
0.1
0
0.2
0
0
2.8
0
0
0
0
0
0.8
0
0
9.6
-99
0
0
0
0
0
-99
0
0
0
0
0.1
0
0
0
0
0
0
0
0
0
0
0
0
0
0
0
0
0
0
0
0
0
0
0
0
0
0
0
0
0
0
0
0
0
0
0
0
0
0
0
0
0
0
0
0
0
0
0
0
0
0
0
0
0
0
0
0
0
0
0
0
0
0
0
-99
0
0
0
0
0
0
0
0
0
0
0
0
0
0
0
0
0
0
0
0
0
0
0
0
0
0
0
0
0
0
0
-99
0.7
0
0
0
0
0
0
0
0
0
0
-99
0
0
0
0
0
0
0.4
-99
0
0
0
0
0
0
0
0
0
0
0
-99
-99
0
0
0
0
0
0
-99
0
0
0
0
0
0
0
0
2.3
-99
0
-99
0
0
0
0
0
0
0
0
0
0
0
0
0
0
0
0
-99
0
0.5
0
0
0
2.2
1
0
15
0
0
0
0
1.4
3.2
1.1
0
0
0
0
0
1.2
0
25.1
1.4
0
0
0
0
0
0
19.7
0
0
0
0
6.7
0
0
-99
0
0
0
0
8.2
-99
0
0
0
25.9
0.9
-99
8.1
3.2
5.1
-99
9.3
0
-99
0.1
67.3
3.8
3.9
17.3
0
-99
0
0
0
0
0
1
0
0
-99
14.8
0.7
0
1.3
0
0
5.8
0
0
0
0
0
-99
70
2.9
9.9
0
0
0
22.2
0.4
0
0
0
0
0
0
0
2
0
0
0
0
21.6
0
0
0
0
0
9.7
0
0
16.2
0
0
0
7.4
-99
0
0
0.6
-99
3.4
3.7
0
0
0
1.4
-99
-99
11
0
23.9
0
0
0
0
0
0
0
0
0
3.4
0
0
0
0
0
0
0
0.3
0
-99
13.9
9.2
0
0
0
0
0.4
0
16.5
3.7
0
17
3.5
0
0
0
0
0
0
0
0
0
0
0
0
0
0
0
0
0
0
0
0
0
0
0
0
0
-99
0
0
0
0
0
0
0
0
0
0
0
0
0
0
0
0
0
0
0
0
0
0
0
0
0
0
0
0
0
0
0
0
0
0
0
0
0
0
0
1.3
0
0
0
0
0
0
0
0
0
0
0
0
0
0
0
0
0
0
0
0
0
