20050101
0
0
0
0
1
0.1
0
0
0
0
0
0
0
0.1
0
0
0
0
0
0
0
0
0
0
0
0
0
0
0
0
0
0
0
0
0
0
0
0
-99
0.2
0
0
0
0
0
2.2
0.1
0
0
0
0
0
2.8
0
0
0
0
0
0
5.7
0
0
0
0
0
0
0
0
0
0
0
0
0
0
0
0
0
0
0
0
0
1.5
0
0
0
0
0
0
0
0
0
0
0
0
0
0
0
0
4.1
0
0
0
0
0
0
0
0
0
11.3
0
0
0
0
1.8
0
0
0
0
0
0
0
0
0
0
10.5
0
0
0
0
4.5
0
0
30.7
3.3
0
10.4
95.3
0
0
0
1.6
6.2
0
0
0
0
0
0
0
-99
0.7
36.1
6.8
0
0
0
9.3
0
-99
5.5
0
0
0
8.9
3.1
-99
0
12.4
0
0
0
2.1
0
0
0
10.3
11.6
2.1
0
8.6
0
0
0
-99
0
0
0
0
0
31.9
3.4
0.3
0.1
6
11
0
0
0
0
0
0
0
0
0
4.6
0
0
39.1
0
0
0
1.6
0
0
0
0
0
-99
0
46.5
16.3
51.3
0
0
0
-99
0
5.2
40.5
0
0
0
0
0
0
0
0
0
0
0
0
0
0
0
0
0
0
0
0
0
0
0
0
0
0
0
0
1.5
9.3
0
0
0.3
-99
-99
0
0
0
0
0
0
0
4.2
0.7
0
0
0
0
0
0
0.7
0
0
0
0
0
0.1
0
0
0
0
0
0
0
0.1
0
0
0
0
0
1
0
0
0
0
0
0
0
0
0
0
0
0
0
0
0
0
0
0
0
0
0
0
0
0
0
0
0
0
0
0
0
0
0
0
0
-99
8.3
0
0
0
0
0
0
0
0
0
0
0
0
0
0
0
0
0.6
0
0
0
0
0
0
0
0.1
1.1
0
0
0
0
0
0
0
0
0
0
0
0
0
0.8
-99
0
0
0
0.1
0
0
0
0
0
0
0
0
0
0
0
0.3
0
0
0
0
0
0
0
10.1
1.6
0
0
0
0
0
0.1
0
0
0
0
0
0
0
0
0
0
-99
2.1
0
0
0.9
0
0
0
2.7
0
0
0
0
0
0
-99
0
0
0
0
0
0
0
0
0
0
0
0
0
0
0
0
0
0
0
0
5.8
0
0
0
0
2.9
0
0
0
-99
0
0
0
0
0
0
0.3
5.4
0
0
0
0
-99
0
0
0
0
0
0
0
0
0
0
0
7.2
0
0
0
-99
-99
0
-99
0
0
0
0
0
0
0
-99
33.3
0
0
0
0
0
2.6
0
0
0
0
0
0
0
0
0
0
1.3
0
0
-99
0
0
1
12.7
0
2
0
0
-99
-99
0
0
0
0
6.9
0.6
0
0
33.1
0
-99
0
0
0
11.8
0
0
0
0
-99
0
-99
8
19.1
0
0
0
11.2
0
-99
0
0
-99
5.4
10.1
0
0
0
0
14.5
0.3
2.1
0
0
18.3
0
0
0
0
21.5
4
0
0
-99
0
-99
0
0
0
0
0
-99
-99
0
0
0
104.5
0
0
30.2
0
0
0
0
-99
2.6
0
0
0
4.8
0
0
0
0
0
0
6
0
0
0
0
0
0
0
0
0
1.4
0
0
0
0
0
0
0
0
0
0
0
0
-99
0
0
0
0
0
0
0
0
0
0
0
0
1.9
21.6
0
0
0
0
0
0
0
0
0
0
0
0
0
0
0
0
0
0
-99
0
0
0
0
0
0
0
0
0
0
0
0
0
0
2.4
4.4
0
0
0
0
0
0
0
0
0
-99
0
0
0
0
0
0
0
0
0
0
0
0
0
-99
0
0
0
0
0
-99
0
0
0
0.9
0.2
0
0
0
0
0
0
0
0
0
0
0
0
0
0
0
0
0
0
0
0
0
0
0
0
-99
0.4
0
0
0
0
0
0
0
0
0
0
0
0
0
0
0
0
0
0
0
0
0
0
0
0
0
0
0
0
0.4
0
0
0
0
9
1.1
-99
36.5
0
0
0
0
0
0
0
0
0
0
0
0
0
-99
4.1
0
0
0
1
-99
0
0
0
0.5
0.9
1.1
0
1.3
0
0
0
0
0
0
0
0
0
0
8.7
-99
0
0
0
-99
0
0
0.1
0.8
0
0
0
0
0
0
0
0
0
0
0
0
0
0.4
0
0
0
-99
0
14.1
0
0
0
17.6
2.1
3.4
-99
0
0
0
16.7
31.3
-99
0
0
0
0
0
0
8.7
4.5
0
0
0
0
0
0
0
0
0
0
0
0
0
0
0
0
0
0
2.1
1.7
0
0
0
0
0
14.2
2.2
0
59.8
18.9
0
0
2.4
0
0
-99
7.4
4.5
4.9
2.4
0
0
0
0
0
0
41.3
0
0
0
0
0
0
0
-99
0
6.3
0.9
0
6.6
0
0
0
0
0
0
95.1
2.4
0
3.2
0
0.3
0
3.4
0
2.8
4.1
0
0
0
0
0
0
0
0
65.5
6.3
0
0
0
0
0
1
0
0
0
0
0
0
0
0
0
0
0.3
12.4
0
0
0
3.1
0.2
0
0
0
0
0
0
-99
13.4
0
0
0
31.2
5.2
0
0
34.2
13.9
0.2
0
0
0
0
0
0
0
0
0
0
-99
0
0
0
0
0
0
0
0
24.8
2.2
0
0
0
0
0
0
0
0
0
0
0
0
0
0
0
0
-99
0
0
0
0
0
0
0
0
0
0
0
0
0
0
0
0
0
0
0
0
0
0
0
0
0
3.9
-99
0
0
0
0
0
0
0
0
0
0
0
0
0
0
0
-99
3.8
0
0
0
0
0
0
0
0
0
0
0
0
0
0
0
0
0
0
0
1.1
0
0
0
0
0
0
0
0
0
0
0
0
0
0
0
0
0
0
0.3
0
0
0
0
0
0
0
0
0
0
0
0
0
0
0
0
1
0
0
0.9
0
0
0
0
0
-99
0
0
0
0
0
0
0
0
0
0
0
0
0
0
0
4.6
0
0
0
0
0
0
0
0
-99
2.7
4.5
0
0
0.8
1.5
0
0
0
6.5
0
0
0
0.6
3.7
0
0
0
0
0
0
0
0
6.3
12.2
0.4
0
0
1
0
0
0
0
0
0
0
5.6
11.2
0
0
-99
0
0
0
11.6
7.7
-99
0.6
0
0
-99
0
0
0
0
0
0
-99
0
0
0
0
0
0
0
-99
0
0
-99
2.1
0
0.3
0
0
0
0
0
0
0
0
0
-99
0
0
0
0
0
17.8
4.6
8.1
18.4
0.2
10.3
3.9
1.8
30.6
-99
0.3
0
31.9
0.5
0
2.6
2.5
0
0
0
0
-99
121.2
0
0
-99
0
0
23.7
0
0
0
0
0
0
0
34.1
-99
3.9
2.4
0
0
0
0
0
0
0
0
0
-99
-99
0
-99
0
0
33
-99
0
0
12.1
2.7
0
0
0
0
11.8
0
0
3.1
-99
0
0
0
0
2.3
0
5.2
0
-99
22
0
0
0
0
0
0
0
0
4.4
-99
-99
17.5
0
3.5
0.3
0
0
0
0
0
0
0
0
0
17.1
0
0
-99
0
2.8
0
0
0
-99
0
0
0
0
0
0
6.4
-99
9.5
0
0
0
0
0
0
0
0
0
0
0
0
0
0
0
0
0
0
0
0
0.2
0
0
0
0
0
0
0
0
0
0
0
0
-99
0
0
0
0
0
0
0
0
0
0
0
0
0
-99
0
0
0
0
0
0
0
0
0
0
3.5
0
0
0
0
0
0
0
0
0
0
0
0
0
0
0
0
0
0
0
0
0
0
0
0
0
0
0
0
0
0
0
-99
0
0
0
0
0
0
0
0
0
0
0
0
0
0
0
0
0
0
0
0
2.7
12.6
0
0
0
-99
3.4
4.3
0
0
0
0
2.2
0
0
0
0
0
0
0
0
3.9
0
0
0
0
0
0
4.4
0
0
0
0
0
0
0
0
0
0
0
3.6
0
0
0
0
0
0
0
0
0
-99
0
0
0
0
0
0
0
-99
0
0
0
11.8
0
0
0
24.7
4.6
0
0
2.2
11.1
0
0
0
0
0
0
0.4
0
0
0
0
0
0
0
18.6
-99
0
0
0
-99
-99
0
-99
0
0
0
0
10.5
0
0
0
0
0
0
-99
0
0
0
-99
-99
0.1
0.9
-99
-99
7.6
8.1
0
0
0
0.2
0
0.2
9.3
0.1
0
22
0
0
0.1
0
0
0
0
0
0
0
0
0.2
0
0
0
0
-99
0
1.5
0.7
0
-99
1
0
-99
0
0
51.6
0.7
0
9.9
0
16.7
10.9
4.4
0.3
-99
0
0.4
0
0
0
0
5.2
0
0
35.9
0.1
0
0
0
-99
0
0
0
0
0
0
14.3
0
0.9
0
0
-99
0
0
2.8
10.6
0
0
0
0
0
0
0
0
4.7
28
2.6
0.9
0
0
0
0
0
0
0
0
0
0
0
0
7.6
0
0
0
0
0
7
21.5
0
0
0
0.7
3.1
0
0
0
0
0
-99
0
0
0
0
0.2
0
0
-99
0
0
0
0
0
0
0
0
0
0
0
0
0
0
12.8
-99
0
0
0
0
0
0
0
-99
-99
0
2.3
0
0
0
0
0
0
0
0
0
0
0
0
0
0
0
0
0
0
0
0.5
0.4
0.1
0
0
0
0
0
-99
0.1
0
0
0
0
0
0
0
0
0
0
0
0
0
0
0
0
0
0
0
0
0
0
6.9
2.9
0
0
0
0
0.1
0
0
0
0
0
0
0
0
0
0
0.1
0
0
0
0
0
0
0
0
0
0
0
0
0
0
0
0
0
5.1
0
0
0
0
0
0
0
-99
0
0.7
0
0
0
0
0
0
-99
0
0
0.1
-99
0.6
0
0
0
0.5
0
0
-99
0
0
0
0
0
4.9
1.3
0
0
0
0.1
1.8
0
0
0
0
0
0
0
0
0
0
0
0
0
0
0
0.6
-99
0
0
0.8
0
0
0
0
0
0
5.5
0
0
0
0
0
0
0
0
0
-99
4.4
0
0
0
0
0
0
17.5
19.1
0
0
0
3.8
0
0
0
0
0
-99
7.1
24.1
3.6
0
0
0
0
-99
0
0
0
0
2.9
2.5
3.8
-99
0
0
0
0
0
0
0
0
0
12.8
-99
0
0
5.8
0
4.8
0
-99
0
0
0
0
0
0
0
0
0
-99
-99
-99
8.8
0.3
0
0
0
0
0
-99
0
18.8
0
0.5
5.4
0
18.2
0.7
0
0
54.6
57.8
0
0
0
0
0
-99
0
0
0
0
0.3
9
0
0
24.9
55.5
0
0
12
0
1
1.2
0
-99
0
0
0
0
0
10.2
30.3
56.3
26.8
0
0
0
0
0
0
0
0
0
0
0
0
0
0
0
0
0
0
0
0
0
0
0
0
-99
1.8
35.5
0
0.3
17.4
0
0
0
0
0
0
0
0
0
0
31.9
0.2
0
0
0
0
0
0
0
0.8
0
0
0
0
0
0
10
0.7
0
0
0
0
0
0
0
0
0
0
0
0
0
0
0
0
0
0
1.2
0
0
0
0
0
0
0
0
0
0
0
0
0
0
0
0
0
0
0
0
0
0
0
0
0
0
0
0
0
0
0
0
0
0
-99
0.1
0
0
0
0
0
0
0
0
0
0
0
0
0
0
0
0
0
0
0
0
0
0
0
0
0
0
0
0
0
0
0
0
0
0
0
0
0
0
0
0
0
0
0
0
-99
0
0
0
0
0
0
0
0
0
0
0
0
0
1.1
1
0
0.5
0.3
0
0
0
0
0
0
0
0
0
0
0
0
10.3
0
0
0
0
0
0
0
0
0
0
0
0
0
0
0
0
0
0
0
0
0
0
0
0
0
0
0
0
0
0
0
0
0
0
0
0
0
0
0
0
0
0
0
0
0
0
0
0
1.5
0
0
0
10.2
0.2
6
0.5
-99
3.2
0
0
1.3
0.6
0
0
0
2.5
0.2
0
0
0.3
18
1.5
0
0
0
0
0
0
0
0
0
0
0
0
0
0
0
0
0.5
0
0
1.3
0.4
-99
0
0
0
0
11.1
0
4.1
0
0
8.6
-99
0
0
0
0.1
1
0
0
0
0
3
35.6
0.9
0
-99
-99
1.7
0
0
15.4
-99
0
0
0
0
23
0
0
0
0
0
0
0
0
7.2
7.9
0
16.9
44
0
0
18.9
0
88.3
0
2
0
11.6
117.4
0
0
14.6
-99
0
0
5.4
0.7
5.5
0.5
0
0
0.1
0
0
2.5
44.8
0
0.2
0
0
0
-99
0
0
0
0
25.5
0
0
0
0
15.8
0
0
0
0
0
0
0
0.8
0.5
1.2
0
0.2
0
0
0.2
-99
0
0
0
0
0
0
0
0
0
0
-99
0.1
0
0
0
0
0
0.1
0
0
0
0
0
0
0
2.6
8.4
0
0
0
0
0
0
0
0
8.5
-99
0
0
0
0
0
0
0
0
0
0
-99
0.3
0
0
0
0
0
0
0
0
0
0
0
26.9
7.8
0.1
0
0
-99
0
0
0
0
0
0
0
0
0
0
0.2
0
1.6
0.9
0.9
4.6
0
0
0
0
0
0
0
0
0
0
0
0
0
0
0
0
0
0
0
0
0
-99
0
0
0
0
0
0
0
0
0
0
0
0
0
0
0
0
0
0.4
0
0
0
0
0
0
0
0
0
0
0
0
0
0.3
0
0
0
0
0.1
0
0
0
0
0
0
0
0
0
0
0
0
0
0
0
0
-99
0
0
0
0
0
0
0
0
0
0
0
3.8
0.4
0
0
0
0
0
0
0
0
0
2.9
0
1.9
0
0
0
0
0.4
0
0
0
0
0
0
0
0
0
3.7
0
0
0
0
0
0
0
-99
0.1
0
0
0
0
0
0
0
0.5
-99
0
0
0
0.6
27.5
0
0
0
0
0.5
0
0
0
0
0
0
0
0
0
0
0
1.4
0
2.7
0
0
0
0
0
0
0
0
0
0
0
0
0
0
-99
1.1
0
1.5
0.1
44.4
0.9
0
0
0
12.5
11.1
14.6
0
0
-99
23.5
0
0
0
0
0
0
0
22
34.4
0
0.1
0
0
2
28.2
0
0
0.1
0
-99
0.2
0
0
0
16.9
3.7
0
1.7
0.1
0
0
0
0
0
0
0
0
38.8
0
0
1.1
27
0.3
4.5
26.2
0
29.2
92.7
7.4
59.9
145.7
2.6
0
0
0
0.3
0
0
56.2
0
2
0
0
0
1.4
0.1
0
25.2
0
0
0
0
0
31.5
0
0
0
0
0
7.2
34
0
0
-99
55.4
1.6
0
0
6.8
4.7
0
0
0
0
0
0
0
0
0
0
0
0
0
18.8
6.7
0
0
0
0
0
0
0
0
0
0
0
0.1
0
0
0
0
0
0
4
0
0
0
0
2.3
11.1
0
0
0
0
37.1
0
-99
0
0
0
0
0.7
37.7
1.4
0
0
0
0
9.8
4.3
0
0
0
0
2.9
0
0
0
0
0
1.3
0
0
0
0
0
0
0
0
0.3
-99
0.2
0
0
0
0
0
0
0
-99
0
0
2.9
0
0
0
0
0
0
0.1
0
0
0
0
0
0
0.2
3.9
0
0
0
0
0
0
0
0
0
-99
0
0
-99
0
0
0
0
0
0
0
0
0
0.9
0
-99
-99
0
-99
-99
0
0
0
0
0
0
1.8
0.1
0.8
0
0
-99
0
0
0
0
0
0
0
-99
0
0
0
0
0
0
0
0
0
0
0
-99
0
0
0
0
0
0
0
0
0
0
0
8.8
0
0
0
0
0
0
0
0
0
0
0
0
0
0
0
0
0
0.1
0
5
0
0
0
5.1
0
0
1.1
-99
0
0
0
0
0
0
0
0
0
0
-99
0
0
0
0
0
0
0
0.8
0
0
0
0
0.2
0
0
0
0
0.1
5.4
0
0
0
0
0
0
0
0
0
-99
0
0
0
0
0
0
7.3
0.7
-99
0
0
0
0
0
0
3.6
7.1
0
0
0
0
1.5
5.1
0
0
0
0
0
4.6
0
0
0
0
4.4
3.2
0
35
28
0
0
2.7
0
0.9
4.1
0
0
2.3
0
0
0
2.5
1.8
1.3
0
0
0
0.1
37
0
-99
2.8
0
0
0
1.7
0
0
0
-99
0
0.4
0.7
0
11.1
0
0
0
6.2
0
-99
60
0
0
0
37.4
0
2.5
0
-99
0
0
0
0
0
0
0
0
0
0
0
28.5
13.8
0.1
0
0
22.4
0
0
2.7
9.4
0
0
0
0
0
0
0
23.7
0
0
10.3
0
0
0
0
0
17.8
0
0
0
0
0
0
0
10.5
0
0
0
0
0
0
0.5
0
0
0
0
23.6
13.2
0
0
0
0
0
0
0
0
0
0
0
0
0
2.8
-99
0
0
0
-99
0
0
0
0
0
0
3.9
0
0
0
0
0
0
0
0
0
0
0
0
0
0
0.6
0
0
0
0
0
0
0
0
0
0
0
0
0
0
0
0
0
0
0
0
0
0
-99
0
0
0
0
0
0
0
0
0
0
0
0
0
0
0
0
0
0
0
0
0
0
0
0
0
0
0
0
0
2.3
0
0
0
0
0
0
0
0
0
0
0
0
0
0
0
0.2
-99
0
0
0
-99
0
-99
0
0
0
0
0
0
0
0
0
0
0
0
0
0
0
0
0
0
2.8
0
0
0
0
3.9
0
0
0
-99
0
0
0
0
0
0
0
0
0
0
0
0
0
0
0
0
0
0
0
3.4
0
0
0
0.2
0
0
0
0
0
0
0
0
0
0.2
0
0
0
0
0
0.1
0
-99
0
0
0
0
0
0
0.7
0
0
0
0
0
-99
1.5
0
0
0
2.6
0
0
0
33.3
1.1
0
0
0
0
0
0
-99
0
0
0
0
9.4
0.1
0
0
0
0
0
0
0
-99
0
0
0
2.3
19.4
0
0
5.1
7.2
4.8
0.1
0
0
0
0
0
0
0.7
0
13.3
0
0
-99
0
0
0
0
0
0
24.9
0
0
0
0
0
0
0
0
0
0.6
0
0
0
17.2
1.7
0.1
0
0
0
0
0
0.3
0
0
0
0
0
0.1
0
0
0
0
5.1
7.6
0
0
0
0
5.7
0
0
7.7
6.9
0
0
2.6
3
0
0
0
0.4
-99
53.3
0
0
0
0
2.9
0
0
0
10.2
0.3
0
0
0
0
0
0
0
0
-99
0
2.2
0
0
0
0
0
0.1
0.4
0
10.6
0.4
0
0.2
-99
0
0
0
2.2
12.2
0
10
0
0
0
0
0
0
0
0
0
0
0
0
0
0
0.2
0
0
0
0
0
0
0
0
0
0
-99
0
0
0
0
0
0
0
0
0
0
0
0
0
0
0
0
0
0
0
0
0
0
0
0
0
0
0
0
-99
0
0.5
0
0
0
0
0
0
4.2
0
0
0.2
0
0
0
0
0
0
0
0
0
0
0
0
0
0
0
0
0
0
0
0
8.8
