20050101
0
0
0
0
0
0
0
0
0
0
0
0
0
0
0
0
0
0
0
0
0
0
0
0
0
0
0
0
0
0
0
0
0
0
0
0
0.3
1.6
0
0.2
0
0
0
0
0.1
13.3
0.6
-99
0.6
0
0
0
0
0
0.3
0
0
0
0
0
0
-99
-99
0
0
0
0
0
0
0
0
0
0
0
0
0
0
-99
0
0
0
0
0
0
0
0
0
0
0
0
0
0
0
0
0
-99
0
5
1.2
0
0
0
0
0
0
0
0
0
0.2
0
0
0
0
0
-99
0
0
0
0
0
0
0
0
-99
14.9
0
0
0
0
7.7
0
0
0
0
0
2.2
16.8
0
0
0
1.3
0.1
0
0
0
0
0
0
0
0
0
-99
0
0
0
-99
1.2
0
0
3
0.5
0.1
0
-99
-99
-99
0
0
-99
0
0
0
0
0
0
0.2
9.2
0.1
7.8
19.4
0.2
0
0.3
-99
0
0
0
0
0
0
-99
0
1.9
0
8.4
0.4
0.4
1.5
13.9
-99
0
0
0
0.7
4.8
0
0
-99
0
0
0
38.9
6.9
11.8
7.7
0
0
0
2.3
17.1
-99
0
0
0
0
-99
0
5.8
46.2
0
0
0
0
0
-99
-99
0
0
0
0
0
0
0
0
0
0
0
0
0
0
0
0
0
0
0
0
0
-99
7.4
0
0
28.8
19
20
0
0
0
0
0
0
0
3.7
0.1
1.1
0.1
0
0
0
5.3
2.8
0
0
0
0
0
0.8
0
0
0
0
0
0.4
-99
-99
0
0
0
0
0
0
0
0
0
0
0
0
0
0
-99
0
0
0
0
0
0
0
4.1
0
0
0
0
0
0
0
0
0
0
0
0
0
0
0
0
0
0
0
-99
0
0
0
0
0
0
-99
0
0
0
0
0
0
0
0
0
0
0
0
0
0
0
0
0
0
0
0
1
0
-99
0
-99
0
0
0
0
0
0
0
0
0
0
0
0
0.2
0
0
0
0
0
0
0
0
0
0
0
0
-99
0
0
0
0
0
0.3
1
0
0
0
0
0
0
0
0
0
0
0
0
0
0
0
0
0
0
0.1
0
-99
0.6
0
0
0
0
0
0
0
-99
0
0
0
0
0
0
0
0
0
0
0
0
0
0
0
0
0
0
0
0
0
0
0
0.1
0
0
0
0
1.6
0
0
0
0
0
1.6
0
0
0
0
0
-99
0.7
0
2.3
0
0
0
1.4
-99
0
0
0
0
0
0
0
0
27.6
0
0
0
0
-99
0.4
1.2
0
0
0
0
0
0
0
0
31.1
0.2
0
0
2.2
8
39.6
0
0
0
0
0
0
-99
0
0
0
0.1
0
0
0.2
0
0
6.9
5.7
0
0
0
0
0
0
0.1
0
0
0
0
-99
0
17
22.3
0.3
-99
0
0
0
0
8.8
0
0
0
0
0.1
0
-99
7.9
-99
0.1
0
-99
-99
0
0
0
0
0
5
0
0
0
2
0.5
53.9
-99
2.8
6.9
5.1
-99
0
0
0
0
0
0
0
0
0.9
-99
0
0
0
0
0
-99
-99
0
0
0.4
10.7
0
23
38.2
17
2
0
0
0
13.7
0
0
1.1
-99
0
0
0
0
0
0
0
0
0
0
0
0
0
0
0
0
0.9
0
0
0
0
0
0
0
0
0
0
0
0
0
0
0
0
0
0
0
0
-99
1.1
0
0
0
0
0
0
-99
0
0
0
0
0
0
0
0
0
0
0
0
0
0
0
0
0
0
0
0
0
0
0
0
0
0
0
0
0
3.7
0.3
10.4
4
0
0
0
0
0
0
0
0
0
0
0
-99
0
0
0
0
0
0
0
0
0
0
0
0
0
0
0
0
0
-99
-99
0
0
2.5
0
0
0
0
0
0
0
0
0
0
0
0
0
0
0
0
0
0
0
0
0
0
0
0
0
-99
0
0
0
0
0
0
0
0
0
0
0
0
1.1
1.5
0
0
0
0
0
0
0
0
0
0
0
-99
0
0
0
2.8
0
0
0
0
4
0
23.3
18.7
0
0
0
0
0
0.2
0
0
0
0
0
-99
0
0
0
0
0
0
-99
0
0
0
0
0.6
0
0.2
0
0
0
0
0
0
0
0
0
0
0
0
-99
0
0
1.7
0
-99
0
0
-99
0
0
-99
0.1
0
0
0
0
0
0
0
0
0
0
0
0
0
0
8
0
6.3
0
0
0
0
0
0
0
0
3.5
0
14.4
3.2
-99
0
0
0
0
0
0.1
5.8
0
0
0
0
0
0
0
0
0
0
0
0
0
0
0
0
0
-99
0.1
10.3
2.8
-99
0.3
0
0
0.5
49.7
0
38.2
9.1
0.3
0
0
0
0
0
0
0
0
1.4
0
0
0
1.7
-99
0
0
46.4
0.8
0.1
-99
0
0
0
0
0
0
2.5
6.8
0
20.8
0
1.3
0
0
0
5.2
10
0
0
12.6
0
0
0
0
0
6
0
0
0
0
0
0
0
0
0.3
0.1
0.2
0
0.5
1.2
4.4
0
0
0.5
0
0
0
0
0
0
0
0
0
-99
0.5
0
0
0
0
-99
0
0
0
0
0
0
3.4
11.2
1.5
6.3
6.7
10.5
0.1
1.2
4.8
0.7
6.3
1.9
0
0
2.7
-99
0
0
0
0
0
0
0
0
0
0
0
0
0
0
0
5.3
6.3
0
0
0
0
0
0
0
0
0
0
0
0
0
0
0
0
0
0
0
0
0
0
0
0
0
0
0
0
0
0
0
0
0
0
0
0
0
0
0
0
0
0
1.6
0
0
0
0
0
0
0
0
0
0
0
-99
0
0
0
0
-99
-99
0
0
0
0
0
0
0
0
0
0.1
0
0
2
0.9
0
0
0
0
0
0.2
-99
-99
-99
-99
0
0
0
0
0
0
0
0
0
0
0
0
0
0
0
0
0
-99
0
0
0
0
0
0
0
0
0
0
0
0
0
0
0
0.3
2.2
0
0
0
0
0
0
0
0
0
0
0
0
0
0
0
0.2
0
0
0
0
0
0.1
0
0
0
5.8
1.8
0
0
0
0
0.7
0.2
0
0
0
0
0
0
0
-99
0
0
-99
0
0
1.2
0
0
0
0
0
-99
0.1
19.8
6.2
0.4
0
0
0
0
0
0
0
0
0
0
35
3.3
0
0
0.2
0.1
1
0
8.4
5.2
0
0
-99
19.8
1.4
0.1
0
0
0
0
0
0
0
0
0
0
0
0
0
0
1
7.2
-99
-99
15.6
0
0
0
0
0
0
0
0
0
3.7
0.4
0
0
0
0
0
-99
4.9
1.9
-99
-99
0.1
4.5
0.1
1.2
18.5
0
0
20.6
0
0
5.8
0
0
0
0.5
0
-99
13.1
0
0.2
21.5
0
0.3
0
0
0
0
0
0
0
-99
32.7
5
0.2
0.5
0
0
0
0
47.2
0
0
0
0
-99
0
6.9
-99
0
0
0.7
0
0
0
11.3
0
0
0
0.1
0
0
0
0
0.7
0
0
0
0
0
-99
0
0
0
-99
29.6
0
0
0
0
0
0
0
0
0.2
0
0
3.6
0
0
3.2
0
6
1.4
0
0
0
0
0
0
2.7
-99
0
-99
0
0
0
0
0
0
0
0
0
0
0
0.3
12.9
0
2
0
0
0
0
0
-99
0
0
0
0
0
0
0
0
0
-99
-99
0
0
0
-99
0
0
0
0
0
0
0
0
0
0
0
0
0
0
0
0
0
0
0
-99
0
0
0
0
0
0
0
0
0
0
0
0
0
0
0
0
0
0.2
0
0
0
0
0
0
-99
0
0
0
0
0
0
0
0
0
0
0
0
0
0
0
0
0
0
0
0
0
0
0
0
0
0
0
0
0
0
0
0
-99
0
0
0
0
0
0
0
0
5.5
1.9
0
0
0.8
1.8
0
0
0
-99
0
5.6
0
0
0
0
1.4
0
0
0
0
0
0
0
0
1.2
0
0
0
0
0
0
-99
0
0
0
0
0
0
0
0
0
-99
0
8.9
0
0
0
0
-99
-99
-99
0
0
0
0
0
0
0
0
0
0
1.1
0
0
-99
0.4
0
0
0.1
34.5
0
0
0
1.7
1.8
0
0
0
0
0
0
0
0
0
0
0
0
0
0
5.7
70.5
0.2
0.5
0
0.6
-99
0
0.1
0
0
0
0
0.2
0
0
0
0
0
-99
0
0
0
0
0
0
0
0
0.7
0
4.6
0
0
0
0
0
0.2
0
10.9
20.6
-99
34.7
0
0
0
0
0
0
0
-99
0
0
0
0
0
0
0
-99
-99
0
21
3.7
0
0
0
4.2
-99
0
0.9
57.8
10.4
0
17.1
0
0
0
11
19
0
-99
0
0
0
0
0
42.6
0
0.1
0.8
-99
0
0
0
0
0
0
0
0
0
0
39
-99
7.2
0
-99
17.3
0
0
0
45.8
0
0
-99
0
0
0
0
0.3
42.8
46
2.5
10.8
5.2
0
0.2
0
0
0
0
0
0
0
0
-99
32.4
0
0
0
0
0
0
0
0
0
0
0
0
0
0
0
0
0
0.1
0
0
0
0
0
0
0
0
0
0
0
0
0
0
0
0
0
0
0
0
0
0.2
26.2
0.5
-99
0
0
0
0
0
0
-99
0.6
4.8
16.4
0
-99
0
0
0
0
0
0
0
0
0
0
0
0
0
0
0
0
0
0
0
-99
0
0
-99
0.5
0
0.3
0.1
0
0
0
0
0.9
0
0
0
0
0
0
0
0
0
0
0
0
0
0
0
0
0
0.4
0.1
0
0
0
0
0
0
0
0
0
0
0
0
0
0
0
2.7
0
0
0
0
0
0
0
0
0
0
0
0
0
0
0
-99
-99
0.8
-99
-99
1.5
0
0
0
0
0
0
0
0
0
0
0
0
0
0
-99
0
0
3.2
2.1
0
0
0
0.1
0
0
0
0.5
0
0
0
0
6.7
0.2
0
0.1
0
0
0
0
0
0
0
1.5
0
0
0
0
0
0
0
0
0
0
0
0
0
0
0
0.3
-99
3.5
0
0
0
-99
0
0
0
0
0.2
2.3
0
0
-99
0.6
0
0
0
0
0
0
0
-99
1.7
0
0
0
0
0
0
0
0
0
0
3.6
9.3
0
0
0
0
0
0
0
0
0
0.6
0.5
-99
0
0
0
-99
1.9
0
0
0
0
0
0
2.5
0.3
0
0
0
0
0
9.2
0.2
0
0
0
0
4.4
1.3
0
0
0
0
0
10.3
16.8
0.1
0
0
0
0
0
14.4
0
49.4
0
0
0
0
0
0
2.7
3.1
105.5
1.9
0
0
0
0
0
0
0
0
0
0
0
5.7
0
0
25.6
9.6
0
0
35.1
5.8
92
7.4
29.4
0
3
0
0
0
-99
38.2
35.7
12.5
29.8
-99
4.8
1.3
0
0.7
0
0
0
0
0
0
0.6
0
0
0.6
25.8
4.3
-99
0
0
0
0
0
0
0
-99
2.6
1.1
-99
10.9
-99
0
0
0
0
0
0
0
0
0
0.2
0
0
0
0
0
0
0
0
0
0
0
0
0
0
-99
4.4
0
0.2
0
0
0
-99
-99
0
0
0
0
0
0
0
0
0
0
0
0
0
0
0
0
0
0
0
0
0
0
0
0
0
0
0
0
0
0
0
0
0
0
0
0
0
0
0
0
0
0
0
0
0
0
0
0
1.9
0
0
0
0
0
0
0
0
0
-99
0
0
0
0
0
0
0
0
0
0
0
0
0
0
0
0
0
0
0
0
0
0
0
0
0
0
0
0
0
0
0
0
0
0
-99
0.6
0
0
0
0
0
0
0
0
0
0
0
0
-99
-99
0
1.7
0
0
0.1
0
0
0
0
0
0
0
0
0
0.1
5.3
0
0
0
0.5
0
0
0
0
0
0
0
0
0
0
0
0
0
0
0
0
0
0
0
0
0
0
0
0
0
0
0
0
0
1.2
0
0
0
0.6
0
0
0
0
0
0
0
0
0
0
0
0
0
0
13
2.3
0
0
0
0
0
0
1
0.1
0
0
0
0
-99
0
0
53.4
3
5.1
0
0
0
0
0
1.8
-99
0
0
2
0.9
0
0
0
0
0
0
0
0
0
0
0
0
0
0
0
0
0
0.1
0
0
0
0
0
0
0
0
-99
0
0
0
0
46.8
55.6
6.8
0
0
0
-99
0
0
42.5
56.9
2.5
0
0
0.3
-99
0
0
0
0.7
0
0
0
0
0
0
0
-99
0
-99
0
0
0
25.5
0
0
0
0.1
21.7
0
0
-99
10.9
0
0
10.4
3.1
0
0
-99
0
1.9
0
0
28.2
46.9
0.2
11.2
15.8
0
0
0
0
0
0
0
20
-99
0
0
0
0
-99
0
1.6
0
0
-99
0
0
31.2
-99
7.3
3.7
10.2
0.1
0.1
23.8
-99
0
0
0
0
0
0
0
0
0
3
0
0
0
0
0
0
0
0
0
0
-99
-99
0
0.2
1.5
0.2
-99
0
0
0
0
0
0
0
6.5
1.4
0
-99
-99
0
0
0
0
0
0
0
-99
0.9
0.3
0
-99
0
0
0
0
0
0
0
2.7
12.8
11.3
0.3
0
0
0
0
0
0
0
0
-99
11.2
3.8
0
0
0
0
2.1
0.9
-99
0
0
0
0
0
0
0
0
0
0
0
0
0
0
0
0
0
0
0
0
0
0
0
0
0
0
0
0
0
0
0
0
0
0
0
0
0
0
0
0
-99
0
0
0
0
0
0
0
0
0
0
0
-99
0
0
0
0
0
0
0
0
0
0
0
0
0
0
0
0
0
0
0
0
0
0
0
0
0
0
0
0
0
0
0
0.6
0.3
0
0
0
0
0
0
0
0
0
0
0
0
0
0.1
0
1.3
-99
0
0.3
5.2
-99
0
0
0
0
0
0
0
0
0
0.3
0
0
0
0
0
0
0
4.9
0.2
7
0
0
0
0
0
0
0
0.2
0
0
0
46.2
3.4
0
0
0
0
0
0
0
0
0
0
0
0
0
0
0
0
0.7
0
0
0
0
0
0
0
0.1
0
0
0
5.5
-99
0
0
0
-99
0
0
-99
0
0
0
0
0
0
-99
0
21.5
0
0
0
1.1
0
0
0
0
0
0
0
0
8.8
0.3
0.4
8.9
0
-99
38.8
0
0
0
0
8.4
1.7
0
-99
17.6
-99
5.3
4
0
0
-99
0
0
0
0
0
0
0
44
0
0
20.3
132.8
15.9
0
0
44.5
100.2
119.8
0
3.2
0.9
47.1
0
0
0
1
0
0
6.1
1
7.7
0.1
0
0
18.3
0.7
0
0
0
0
0
0
0
0.6
0
0
0
0
0
8.2
0
0
0.3
5.4
17
0
0
0
1.9
0
0
0
0
0
0
0
-99
0
-99
2.6
0
0
0
12.9
3.4
0
0
0
0
0
0
0
0
0
0
0
0.1
0
0
0
0
0
0
4.8
0
0
0
0
1.9
2.8
0
0
0
-99
0.7
0
0
0
0
0
0
9.4
5.6
0
0
0
0
0
3
0
0
0
0
0
0.9
0
0
0
0
0
0
0
0
0
0
0
0
0
0
0
-99
-99
0
0
0
0
0
0
0
0
0
5.2
8.3
0
0.2
0
0
0
0
1.5
0
0
0
0
0
0
1.7
2.1
0
0
0
0
0
0
0
0
0
0
0
0
0
0
0
0
0
0
0
0
0
3.7
4.2
0
0
-99
0
0
0
0
0
0
0
0
0
12
0
2.4
0
0
0
0
0
2.9
2.7
0
0
0
0
0
0
0
0
0
0
0
0
0
0
0
0.1
0
0
0
0
0
0
0
0
0
0
0
-99
0
0
0
0
0
0
0
-99
0
0
0
0
0
0
0
0
0
-99
0
0
0
0
0
2.3
0
0
0
0
0
0
0
0
0
0
0
0
0
12
3
0
0
0
0
0
0
0
-99
0
0
0
-99
0
0
0
0
0
11.9
-99
0
0
0
0
0
0
0
-99
8.8
-99
0
0
0.5
0
0
0
25.9
0.1
1.6
-99
0
0
0
0
0
0
0
0
15.9
1.2
0
22
2.4
0
0
0
0
0
0
14.7
-99
-99
3.9
9
0
0
0
0
0
0
0
0
0.2
5.7
0
-99
0
0
0
0
71
58.8
15.8
2.5
5.7
71.5
0
34.6
0
0.1
10
0
0
0
49.5
0
0
16.6
8.2
8.6
49.8
-99
0
2.9
0
11
0
6.8
0
22.6
-99
0
0
3.7
47
6.6
0.4
0
0
0
0
0
0
0
0
0
0
0
0
0
0
0
0
0
0
0
0
0
1.9
0
0
-99
0.4
0
0
0
0
0
0
1.9
0
0
0
0.7
29.5
0
2.6
0.1
0
0
0
0
0
0
0.2
0
0
0
0
0
0
0
0
0
0
0
0
17.2
0
0
0
0
0
0
0
0
0
0
0
0
0
1.7
0.1
0
0
4
0.2
0
0
0
0
0
0
5.8
0
0
0
0
0
0
0
0
0
0
0
0
0
0
3.5
0
0
0
0
0
0
0
0
0
0
0
0
0
0
0
0
0
0
0
0
0
0
0
0.1
0
0
0
0
0
0
0
0
0
0
0
0
0
0
0
0
0
0
0
0
0
0
0
0
0
0
0
0
0
0
0
0
0
0
0
0
0
0
0
0
0
0
0
-99
-99
0
0
0
0
1.9
0.4
0.1
0
0
0
0
0
0
0
0
0
0
2.3
0
0
0
0
0
0
-99
6.9
0
0
0
0
0
0
0
0
-99
0
0
0
0
0
0
0
0
0
0
0.1
0
0
0
0
0
0
0
0
0.1
0
0
0
0
0
0.1
0
0
0
0
0
0
0
-99
1.2
0
0
0.1
0
8.1
0.1
0.6
0
0
0
0
0
0.3
11.8
0
0
0
0
0
6.3
0
0
0
0
0
0
0
13
28.1
0
0
0
0
0
0
0
0
0
0
0
0
4.6
0
0
0
0
0
0
0.9
0
0.5
0
0
0
8.8
0
0
2
0
2.2
0
0
0
0
0
0
-99
4.6
22.9
0
0.9
0.2
0
0.4
0
0
0
0
0
1
-99
0
3.3
0
0
0
0
0
0.1
0
0.1
0
3.7
2.9
0
0
0
16.2
0
8.3
24.1
0
1.8
0
0
0
0
0
0.1
0
0
0
0
3.7
2
0.6
-99
0
0
0
0
0
-99
1.6
0
0
32.1
9.4
0
0
0
0
-99
11.4
-99
0
0
0
0
0
0.6
0
35.3
3.9
0
0
0
-99
0
0
0
0
1.7
0
8.9
0.3
3.1
13.3
0.1
0
0
0
0
0
-99
0
0
0
4.4
0.7
0
1.5
0.8
0
-99
0
0
0
0
0
0
0
-99
0
0
0
0
0
0
0.2
0
0
0
0
0
0
0
0
0
0
0
0
0
0
0
0
0
0
0
0.2
0
0
0
0
0
0
1.9
0
0
0
0
0
0
0
0.3
0
0
0
11.7
6.3
2.5
2.1
0
0
0
0
0
0
0
0
0
0
0
0
0
0
0
0
0
0
0
0
0
0
0
0
0
0
0
0
0
0
0
