20050101
0
0
0
0
0
0
0
0
0
0
0
0
0
0
0
0
0
0
0
0
0
0
0
0
0
0
0
0
0
0
0
0
0
0
0
0
2
1.3
-99
0.4
0
0
0
0
0.4
3.2
-99
0.1
0.3
0
0
0
0
0
0.1
0
0
0
0
0
0
0
0
0
0
0
0
0
0
0
0
0
0
0
0
0
0
0
0
-99
0
0
0
0
0
0
0
0
0
0
0
0
0
0
0
-99
0
0
4.1
0
0
-99
0
0
0
0
0
0
0.6
0
0
0
0
0
0
0
0
0
0
-99
0
0
0
0
13.6
0
0
0
0
5.3
-99
0
0
0
-99
17
22.8
0
0
0
0
0
0
0
0
0
-99
0
-99
0
0
0
0
0
0
-99
2
0
0
20.2
0
0
0
0
0
-99
0
0
0
-99
0
0
0
0
0
14.2
49.9
-99
11.9
2.8
8.5
-99
34
9.5
-99
0
0
0
0
0
12.7
0
0
0
0
0.1
29.1
0.4
-99
0
0
0
6.8
37.9
12
0
0
-99
0
0
0.7
30.6
0
0.1
40.6
0
0
45.6
0
32.5
0
0
0
0
0
0
0
27.1
13.3
0
0
0
-99
0
2
0
0
0
0
0
0.1
0
0
0
-99
0
0
0
0
0
0
0
0
0
0
0
0
0.3
29.3
-99
-99
2.4
35.9
26.9
0
0
0
1.2
-99
1
20.6
12
3.3
2.5
3.1
0.2
0
0
18
0.3
0
0
0
0
1.3
0.6
0
0
0
0
0
-99
1.1
2.2
0
0
0
0
0
0.1
0
0
0
0
0
0
0
0
0.5
0
0
0
0
0
0
0
3.9
0
0
0
0
0
0
0
0
0
0
0
0
0
0
0
0
0
0
0
0
0
0
0
0
0
0
0
0
0
0
0
0
0
0
0
0
0
0
0
0
0
0
0
0
0
0
0.3
1.2
0
0
0
-99
0
0
0
0
0
0
0
0
0
0
0
0
0.1
-99
0
-99
0
0
0
0
0
0
0
0
0
1.2
0
0
0
0
0
1.6
-99
0
0
0
0
0
0
0
0
0
0
0
0
0
0
0
0
0
0
-99
0
1.6
0.2
0
0
0
0
0
0
0
1.4
0
0
0
0
0
0
0
0
0
0
0
0
0
0
0
0
0
0
0
0
0
0
0
0
-99
0.3
0
0
0
0
0
0
0
0
2.4
0
0
0
0
0
0
0
0
1.9
-99
0
0
2.7
0
0
-99
0
0
0
0
0
-99
32.6
0
0
0
0
-99
4.2
4.8
0
0
0
0
0
0
0
0
4.9
-99
0
0
0.9
3.2
0.3
0
0
0
0
0
0
0
0
0
0
0
0
-99
0
0
0
19.8
2
0
0
0
0
0
0
8.7
0.7
0
0
2.3
1.6
0
0.7
11.9
0
0
15.9
9.3
0
0
0
0
0
0
0
0
-99
0
0
0
0.9
4.3
0.1
-99
0
0
-99
-99
0
0
0
0
0
1.6
0
10.5
0
-99
37.8
2.8
43.6
11
0
0
0
0
0
0
0
-99
1
0
0
0
0
0
-99
0
0
-99
5.7
2.3
0
3.6
14
1.2
2.5
0
0
0
10.6
2.3
0
1.6
-99
0
0
0
0
0
-99
0
0
0
0
0
0
0
0
0
0
0.4
0
0.1
0.1
0
0
0
0
0
0
0
0
0
0
0
0
0
0
0
0
0
0
-99
0
0
0
0
0
0
-99
0
0
0
0
0
0
0
0
0
0
0
0
0
0
0
0
0
0
0
0
0
0
0
0
0
0
0
0
5.7
3.1
0
12.3
1.9
-99
0
0
0
0
0
0
0
0
0
2
0
0
0
0
0
0
0
0
0
0
0
0
0
0
0
0
0
0
0
0
0
0
2
0
0
0
0
0
0
0
0
0
0
0
0
0
0
0
0
0
0
0
0
0
0
0
0
0
0
0
0
0
0
0
0
0
0
0
0
0
0
2
-99
0
0
0
0
0
0
0
0
0
0
0
0
0
0
0
1.4
0
0
0
0.3
3
0
49.8
5.8
0
0
0
0
0
0
0
0
0
-99
0.9
-99
0
0
0
0
0
0
-99
0
0
0
0
0
0
0
0
0
0
0
0
0
0
0
0
0
0
0
-99
0
0
4.8
0
0
0
0
0
0
0
0
0
0
0
0
0
0
0
0
0
1.5
0
0
0
0
0
-99
0
3.5
0
0
0
-99
0
0
0
0
0
0.4
15.5
0.1
-99
0
0
0
0
0
2
3.6
0
0
0
0
0
0
0
0
0
0
0
0
0
0
0
0
0
-99
0.5
18.6
0.8
2.8
-99
-99
0
0
41.1
0
20.1
11.8
0
0
0
0
0
0
0
0
-99
1.9
0
0
-99
0
84
0
0
15.9
1.6
1.1
-99
0
0
0
-99
0
0
24.3
1
0
7.8
0
15.5
0
0
0
-99
29.1
0
0
16.9
0
8.7
0
0
0
0.1
0
0
0
0
0
0
0
0
27.1
0
-99
0
1
33.7
5.8
0
0
-99
0
0
0
0
0
0
0
0
0
0.6
0.5
0
0
0
0.3
0
0
0
0
0
0
0
0
21.4
2.2
1.6
13.2
5.2
0
0.7
0.4
0.6
2
3
0
0
2
1.1
0
0
0
0
0
0
0.4
0
0
0
0
0
-99
0
0
7.5
7.6
0
0
0
0
0
0
0
0
0
0
0
0
0
0
0
0
0
0.5
-99
0
0
0
0
0
0
0
0
0
0
0
0
0
0
0.6
7.6
0
0
0
0
0
0
0
0.5
0
0
0
0
0
0
0
0
0
0
0
0.1
0
0
0
0
0.4
0
0
0
0
0
0
0
0
0
0
0
0
0
2.6
0.6
0
0
0
0
0
0.9
-99
0.6
0.2
0
0
0
0
0
0
0
0.1
0
0
0
0
0
0
0
0
0
0
0
0
0
0
0
0
0
0
0
0
0
0
0
0
0
0
6.9
3.7
0
0
0
0
0
0
0
0
0
0
0
0
0
0
0
2.9
-99
0
0
0
0
0
0
0
0.1
0.6
0
0
0
0
0
0.9
1.4
0
0
-99
0
0
0
0
0
0
-99
4
0
0
10.1
0
0
0
0
0
0.2
1.6
32
0.5
0
0
0
0
0
0
0
0
0
0
0
22.5
2.9
0
0
0
-99
8.7
0
2.2
0.4
0
0
0
0.9
3.5
0.4
0
0
0
0
0
0
0
-99
0
0
0
0
0
0
0
19.1
0.5
0
1.8
0
0
0
0
0
0
0
0
0
4.3
-99
0
0
0
0
0
7.9
0
0.8
-99
0
0
0
19.5
15.9
-99
0
-99
27.6
0
0.1
9.7
-99
-99
0
1.5
0
-99
20.4
-99
5.2
76.1
-99
0.4
0
0
0.9
0
0
0
0
0
-99
16.6
2.4
0
0
0
-99
0
8.4
0
0
0
0
48.3
0
1
9.1
0
0.2
3.5
0
0
0
22.9
0
0
0
0.1
0
0
0
0
0.1
0
0
0
0
0
0
0
0
1.4
0
20.5
0
0
0
0
0
0
0
-99
6.7
0
0
0.7
0
0
0.2
0.5
15.7
1.1
0
0
0
0
0
0
-99
0
0
-99
0
0
0
0
0
0
0
0
0
0
0
0
9.7
0
2.6
0
0
0
0
0
0
0
0
0
0
0
0
0
0
0
0
0
0
0
0
-99
0.8
1
0
0
0
0
0
0
0
0
0
0
0
0
0
0
0
0
0
-99
0
0
0
0
0
0
0
0
0
0
0
0
0
0
0
0
0
0
0
0
0
0
0
0
0.6
0
0
0
0
0
0
0
0
0
0
0
0
0
0
0
0
0
0
0
0
0
0
0
0
0
0
0
0
0
0
0
0
0
0
0
0
0
0
0
-99
0
11.2
-99
0
0
-99
0
0
0
0
0
0.1
3.2
0
0
0
-99
0.4
0
0
0
0
0
0
0
0
1
0
0
0
0
0
0
0.2
0
0
0
0
0
0
0
0
41.5
-99
0
-99
0
0
0
0.1
5.1
0.9
0
0
0
0
0
0
0
0
0
0
0
0.5
0
0
0.4
-99
0
0
0
39.1
0
0
-99
0.8
0
0
0
0
0
0
0
0
0
0
0
0
0
0
0
17.9
42.9
4.6
0.2
0
0.9
1.5
0
9.5
0
0
0
0
35.5
0
0
0
0
0
-99
0
0
0
0
0
0.1
0
0
6.2
0
3.5
0
0
0
0
0
0
0.2
-99
-99
0
9.4
0
0
0
0
0
0
0
38.6
-99
0
0
0
0
0
0
32.7
4.6
0
25.6
0.9
-99
8.2
0
54.6
-99
0
0
21.5
0.7
0
7
0
0
0
2.1
0
0
0
0
0
0
0
0
11.1
0
0
-99
-99
0
0
0
0
0
0
0
0
0
0
67.3
0.3
0
0
0
4.1
-99
-99
0
5.4
0
0
11.4
0
0
0
0
13
0.3
-99
-99
9.1
0.3
-99
0.7
1
0
1
6.4
0.1
0
0
0
1.2
32.1
0
0
0
-99
-99
0
0
0
0
0
0
0
0
1.7
0
0
0
1.6
0
0
-99
0.3
0
0
0
0
0
0
0
0
0
0
0
0
0
0
0
0
0
6.6
10.1
3
0
0
0
0
0
0
0
-99
0.3
6.2
15
0
0
0
0
0
0
0
0
0
0
0
0
0
0
0
0
0
0
0
-99
0
0
0
0
0
0.3
0
0
-99
0
0
0
0
0.9
0
0
0
0
0
0
0
0
0
0
0
0
0
0
0
0
0
-99
0
0
0
0
0
0
0
0
0
0
0
0
0
0
0
0
2.1
0
0
0
0
0
0
0
0
0
0
0
0
0
0
0
0
-99
0.9
1.4
0.3
-99
2.2
0
0
0
0
0
0
0
0
0
0
0
0
0
0
0
-99
7
1.2
0
0
0
0
0
0
0
0
0
0
0
0
6.5
0.2
0
0
5.2
0
0
3.1
-99
0
0
-99
0
0
0
0
0
0
0
0
0
0
0
0
0
0
0
-99
0.2
2.1
0
0.4
0
0
0
0
0
0
13.1
6
-99
0
1
1.6
-99
-99
0
0
0
0
0
0.1
0.5
0
0
0
0
0
0
0
0
0
0
1.3
4.9
0
0
0
0
0
0
0
0
0
2
0.4
0
0
0
0
0
17.7
-99
0
0
0
0
-99
0
0
0
0
0
0
0
4.1
17.7
0
0
0
-99
-99
-99
0
0
0
0
0
3.5
42.3
0
0
0
0
0
0
2.1
0
27.1
0
0
0
0
-99
0
4.1
0
57.9
1.2
0
0
0
0
0
0
0
0
0
0
0
4.1
0
0
30.8
5.9
0
0
1
55.9
4.4
0
2.7
0
46.4
0
0
0
0
19.7
35.9
-99
32.1
0.8
21.4
0
1.5
3.8
0
0
0
0
0
0
0.3
0
0.2
12.6
102
9.6
0.1
1.1
0
0
0
0
0
0
1.9
-99
0.2
0
0.9
-99
0
0
0.1
0
0
0
0
0
0
-99
0
0
0
0
0
0
0
0
-99
0
0
0
0
0
0
-99
0
0.2
0
0
0
-99
4
0
0
0
0
0
0
0
0
0
0
0
0
0
0
0
0
0
0
0
0
0
0
0
0
0
0
0
0
0
0
0
0
0
0
0
0
0
0
0
0
0
0
0
0
0
0
0
0
0.1
0
0
0
0
0
0
0
0
0
0
0
0
0
0
0
0
0
0
0
0
0
0
0
0
0
0
0
0
0
0
0
0
0
0
0
0
0
0
0
0
0
0
0
0
0
0
0
0
0
0
0
0
0
0
0
0
0
0
0.8
0
0
2.6
0
0
-99
0
0
0
0
0
0
0
0
0
1.6
6.2
5.7
0.6
0
0
0
0
0
0
0
0
0
0
0
0
0
0
0
0
0
0
0.2
0
0
0
0
0
0
0
0
0
0
0
0
1
0
0
0
1
0
0
0
0
0
0
0
0
0
0
0
0
0
0
9.4
0.3
-99
0
0
0
0
0
0
1.5
0
0
0
0
0
0
0
8.2
-99
8.7
0
0
0
0
0
0
3.4
-99
0
11.2
0.8
0
0
0
0
0
0
0
0
0
0
0
0
0
0
0
7.5
2.4
0.5
0
0
0
0
0
0
0
0
0
0
0
0
0
-99
1
0
9
0
0
3.5
0
0
0
16.4
21
0
-99
1.7
0.3
0
0
0
0
0
0
0
0
0
-99
0.6
0
0
0.2
0
0
0
24.7
0
0
0
0
21
0
-99
10.3
2.1
0
10.7
15.8
36.7
0
0
0.9
3.7
0
0
0
0
18.4
5.4
15.9
34.4
1.2
0
0
0
0
0
0
16
0
0
0
0
0
0
-99
1.8
0
-99
0.4
0
0
0.2
3.8
21.2
2.8
23.1
5.9
0
22.8
0.9
1.8
0
0
0
0
0
0
0
0
18
-99
0
0
0
0
0
0
0
0
0
0.2
1.8
0
4.2
-99
0
0
0
0
0
0
0
0
0
12.3
2
0
2
-99
0
0
0
0
0
0
1.2
0.6
0.7
-99
3.7
3.9
0
0
0
0
0
0
0
5.2
7.1
9.5
0
0
0
0
0
0
0
0
0
7.5
14.8
1
0
0
0
0
3.2
1.2
-99
0
0
0
0
0
0
0
0
0
0
0
0
0
0
0
0
0
0
0
0
0
0
0
0
0
0
0
0
0
0
0
0
0
0
0
0
0
0
0
0.6
0
0.3
0
0
-99
0
0
0
0
0
0
0
0
0
0
0
0
0
0
0
0
0
0
0
0
0
-99
-99
0
0
0
0
0
0
0
0
0
0
0
0
0
0
0
0
0.1
0.3
0
0
0
0
0
0
0
0
0
0
0
0
0
0.5
0
0
0
0
9.2
3.4
-99
0
0
0
0
0
0
0
0
0
0
0
0
0
0
0
0
0.9
4.2
0
8.6
0
0
0
0
0
0
0
0
0
0
0
37
0.5
0
0
0
0
0
0
0
0
0
0
0
0
0
0
0
0
2
0
0
0
0
0
0
0
0
0
-99
0
0
0
0
0
0
0.6
0
0
0
0
0
0
0
0
0
0.8
0
0
0
0
0
0.1
0
0
0
0
0
0
0
0
0
0
0
13.1
0
0
10.6
0
0
0
0
15
2.4
0
7.9
6.3
11.4
10.2
0
0
0
0
0
0
0
0
0
0
0
1
0
0
4.7
0
2.2
-99
0
2.5
36.2
21.3
0
0
33.7
49.2
0
0
0
0
0
0.9
0.2
0.7
0.8
0.2
0
0
16
0
0
0.4
0
0
0
0
0
-99
0
0
0
0
0
-99
0
0
0
0
0.2
0
0
0
5.4
0
0
0
0
0
0
0
19
0.4
0
0.3
0
0
-99
4.6
0
6.7
0
0
0
0
0
0
0.8
0
0
0
0
0
0
0
0
0
0
6
0
0
0
0
2.4
2.9
0
0
0
0.1
0
0
0.2
-99
0
0
0
2
0
0
0
0
0
0
6.9
0
0
0
0
0
0.3
0
0
0
0
0
0
0
0
0.1
0
0
0
0
0
0
0
0
0
0
0
0
0
0
0
0
0
7.4
0.5
0
0.5
0
0
0
-99
2.1
0
0
0
0
0
0
0.9
0.2
0
0
0
0
0
0
0
0
0
0
0
0
0
0
0
0.1
0
0
0
0
0
2.7
1.3
0
0
0
0
0
0
0
0
0
0
0
0
8.8
0
3.2
0
0
0
0
0
0.7
0.7
0
0
0
0
0
0
0
0
0
0
0
0
0
0
0
0
0
0
0
0
0
0
0
0
0
0
0
-99
0
0
0
0
0
0
0
0
0
0
0
0
0
0
0
0
0
0
0
2.5
0
0
0
0.8
0
0
0
0
0
0
0
0
0
0
0
0
0
4.5
1.4
0
1.7
0
0
0
0
0
2.1
0
0
0
0
0
0
0
0
0
12.2
0
0
0
0
0
0
0
0
-99
4.6
0
0
0
-99
0
0
0
24.3
0
1.5
0
0
0
0
0
0.1
0
0
0
0
0
0
11.6
0.4
0
0
0
0
0
0
1.6
0
0
-99
0.4
0
0
0
0
0
0
0
0
4.9
1.2
0
78.2
0
0
0
0
32.9
5.4
0
1.3
51.2
1.6
3.5
8.3
0
11
16.5
0.2
0
0
41.5
0
9
0.7
0
0
0
0
0
4.9
0
0.5
0
0
0
3.4
0.4
0.1
0
0
26.7
103.1
0
0
0
0
0
0
0
0
0
0
0
1.3
0
0
0
0
0
0
0
0
0
0
-99
0
0
-99
0.1
0
0
0
0
0
0
0
0
0
0
0
0.5
0.6
0
0
0
0
0
0
0
0
0
0
0
0
0
0
0
0
0
0
0
0
0
7.8
0
0
0
0
0
0
0
0
0
0
0
0
0
0
0
0
-99
6.6
0
0
0
0
0
0
-99
2.9
-99
0
0
0
0
0
0
0
0
0
0
0
0
-99
4.2
0
0
0
0
0
0
0
0
0
0
0
0
0
0
0
0
0
0
0
0
0
0
0
-99
0
0
0
0
0
0
0
0
0
0
0
0
0
0
0
0
0
0
0
0
0
0
0
0
0
0
0
0
0
0
0
0
0
0
0
0
0
0
0
0
0
0
0
0.8
-99
0
0
0
8
3.9
1.3
0
0
0
0
0
0
0
0
0
-99
0
0
0
0
0
0
0
0
0
0.9
0.2
0.5
0
0
0
0
0
0
0
0
0
0
0
0
0
0
0
0
0
0.1
0
0
0
0
0
0
0
0
1.3
0
0
0
0
0
0
0
0
0
0
0
0
0
3.7
3.2
0
0
0.1
0
2.3
-99
11.1
0
0.2
0
0
0
9.9
19.4
0
0
0
0
0
0
0
0
0
0
0
0
0
20.9
18.3
0
0
0
0
0
0
0
0
0
0
0
0
8.6
0
0
0
0
0
0
0
-99
0
0
0
0
6.1
0
0
0
0
5.6
0
0
0
0.7
0.2
0
1.8
26.2
7.7
0
0
23.4
0
3
0
0
0
0
0.4
1.2
0.1
0.7
1.2
0
0
0
0
12.8
2.7
0
0.1
0
0.7
0.1
0
0
0
0
0
0
6.8
3.2
0.8
0
0
0
0
11.8
32.9
0
0
0
0
0
28.1
0.5
6.2
0
1.7
0
0
0
-99
41.3
0
0
0.8
0.3
0
0
0
0
0
0
0
0
0
0
0
2.4
0
0
26.1
0
0
0
-99
0.4
0
0
0
2.3
11.3
0
33.7
16.1
35.4
29.3
0
0
0
0
0
0
0
0
0
0
7.3
-99
0
0.8
0
0
0
0
0
0
0
0
0
0
0
0
0
0
0
0
0
6.4
0
0.1
0
0
0
0
0
0
0
0
0.1
0
0.4
0
0
0
0
0
0
0
0
0
0
0
0
0
1.2
0.1
0
0
0
0
0
0
4.1
0.1
0
0
5
1.1
7.4
0.1
0
0
0
0
0
0
0
0
0
-99
0
0
0
0
0
0
0
0
0
0
0
0
0
0
0
0
0
0
0
0
0
