20050101
0
0
0
0
0
0
0
0
0
0
0
0
0
0
0
0
0
0
0
0
0
0
0
0
0
0
0
0
0
0
0
0
0
0
0
0
1.6
0.3
0.3
0.2
0
0
0
0
1.1
9.4
-99
0.6
0.1
0
0
0
0
0
0
0
0
0
0
0
0
0
0
0
0
0
0
0
0
0
0
0
0
0
-99
0
0
0
0
2.5
0
0
0
0
0
0
0
0
0
0
0
0
0
0
0
0
0
0.4
2.6
0
0
0
0
0
0
0
0
0
-99
0
0
0
0
0
0
-99
0
0
0
0
0
0
0
0.1
3.6
0
0
0
0
2.5
-99
0
0
0
0.7
29.5
17.2
0
0
0
0
0
0
0
0
0
0
0
-99
0
0
0
0
0
0
1.1
2.5
0
0
10.6
0
-99
0
0
0
0
0
0
-99
0
0.3
0
0
0
0
1.3
24.7
0
11.5
0
0
0
0.3
20.8
0
-99
0
0
0
0
0
0
0
-99
0
0
20.5
-99
-99
0
0
0
33.8
14.1
0
0
0
0
0
0
13.9
10.6
0
-99
7.9
0.1
-99
14.9
0
0
0.2
0
0
0
0
0
0
17.2
21.9
0
0
0
-99
3.2
6.7
0
0
0
0
0
2.3
0
0
0
0
0
0
0
0
0.2
2.6
0
0
0
0
0
0
0.5
7.8
0
0
1.7
97.4
21.3
0
0
0
1.6
0.4
6.7
46.1
19.6
6.3
2
4.6
0.2
0
0
3.7
-99
0
0
0
0
0.3
0
0
0
0
0
-99
0.1
2.2
1.5
0
0
0
0
0
1.1
0
0
0
0
0
0
0
0
0
0
0
0
0
0
0
0
2.7
0
0
0
0
0
0
0
0
0
0
0
0
0
0
0
0
0
0
0
0
0
0
0
0
0
0
-99
0
0
0
0
0
0
0
0
0
0
0
0
0
0
0
0
0
0
0
-99
1.9
0
0
0
1.5
0
0
0
0
0
0
0
0
0
0
0
0
1.5
0.2
-99
0.7
0
0
0
0
0
0
0
0
0
1
0
0
0
0
0
1.2
0
0
0
0
0
0
0
0
0
0
0
0
0
0
0
0
0
0
0
-99
0
5.8
0.4
0
0
0
0
0
0
0
1.4
0
0
0
0.3
0
0
0
0
0
0
0
0
0
0
0
0
0
0
0
0
0
0
0
0.2
0
0
0
0
0
0
0
0
0
0
20.5
0
0
0
0
0
0
0
0
6.8
0
0
0
1.2
0
-99
0
0
0
0
0
0
0
0.7
0
0
0
0.5
0.7
4.8
2.2
0
0
0
0
0
-99
0
0
20.7
0
0
0.1
21.7
10.8
0
0
0
0
0
0
0
0
0
0
0
0
0
0
0
0
0
3.2
0.6
0
0
0
0
0
-99
15.4
34.2
0
0
9.2
-99
0
0.5
4.1
0.8
-99
2
39.5
0
0
0
0
0
0
0
0
0.2
0
0.3
0
4
0.4
0.6
-99
0
0
1.1
0
1.3
1.3
0
0
0
0.1
0
40.4
13.5
0
-99
0
-99
0
0
0
0
0
0
0
0
0
8.4
0
0
0
0
0
0.4
-99
0
-99
6.8
0.2
0
8.1
32.8
0.6
29.1
0
0
0
50.1
2.4
0
1.7
0
0
0
0
0
0
-99
0
0
0
0
0
0
-99
-99
0
-99
0.7
0.5
1
0.2
0
0
0
0
0
0
0
0
0
0
0
0
0
0
0
0
0
-99
1.7
0
0
0
-99
0
0
0
0
0
0
0
0
0
0
0
0
0
0
0
0
0
0
0
0
0
0
0
0
0
0
0
0
0
0
0
1.7
14.3
-99
15.8
0.8
0
0
0
0
0
0
0
0
0
0
2.3
-99
0
0
0
0
0
0
0
0
0
0
0
0
0
0
-99
0
0
0
-99
0
0
2.1
0.1
0
0
0
0
0
0
0
0
0
0
0
0
0
0
0
0
0
0
0
0
0
0
0
0
0
0
0
0
0
0
0
0
0
0
0
0
0
4.7
-99
0
0
0
0
0
0
0
0
0
0
0
0
0
0
0
0.2
0
0
0
0.7
4
-99
46.3
3.9
0
0
0
0
0
0
0
0
0
-99
4.3
1.5
-99
0
0
0
0
0
-99
0
0
0
0
0
0
0
0
0
0
0
0
0
0
0
0
0
0
0
0
0
0
0.2
0
0
0
0
0
0
0
0
0.4
0
0
0
0
0
4.2
1.3
0
0
0
0
0
0
0
0
0
7.4
0
0
0
1
0
0
0
0
0
1.5
15.5
-99
-99
0
0
0
0
0
15.2
13.4
0.1
0
0
0
0
0
0
0
0
0
0
0
9.3
0.1
0
0
0
-99
0.5
1.7
0.3
2.8
1.2
-99
0
0
1
0
34.8
0.2
0
-99
0
0
-99
0
0
0
0
0.2
0
0
-99
0.7
0.7
0
0
22.1
2.1
1.7
-99
0
0
0
0
0
-99
3.8
28.1
17
6.6
0
2.3
0
0
0
58.8
-99
0
0
0.9
0
0
0
0
0
3.6
0
0
0
0
0
0
0
0
24.1
-99
0
-99
1.5
59.4
7.4
0
-99
-99
0
0
0
0
0
0
0
0
0
0.7
-99
0
0
0.1
0
0
0
0
0
0
0
0
0
17.7
1.5
1.6
13.5
1.1
0
0.2
0.4
0.2
0.1
1.4
-99
-99
3.2
1.7
0
0
0
0
0
0
0.3
0
0
0
0
0
0
0
0
3.2
2.6
0
0
0
0
0
0
0
0
0
0
0
0
0
0
0
0
0
1
0.1
0
0
0
0
0
0
0
0
0
0
0
0
0
-99
1.1
3.4
0
0
0
0
0
0
0
0
-99
0
0
0
0
0
0
0
0
0
0
0
0
0
0
0
0.1
0
0
0
0
0
0
0
0
0
0
0
0
0
2.9
0.2
0
0
0
0
0
0.4
0.1
4.1
1.4
0.2
0
0
0
0
0
-99
0.2
0
0
0
0
0
0
0
0
0
0
0
0
0
0
0
0
0
0
0
0
0
0
0
0
0
0
3.5
3.9
0
0
0
0
0
0
0
0
0
0
0
0
-99
0
0
-99
0
0
0
0
0
0
0
0
1.4
0
0
0
0
0
0
0.7
0.4
0
0
-99
0
0
0
0
0
0
19.3
8.6
0
-99
5.1
0
0
0
0
0
1.2
6.1
20
0
0
0
0
0
0
0
0
0
0
0
0
20.2
0.2
0
0
0.4
0.1
10.7
0.2
1.2
1
0
0
-99
0.2
7.4
0.6
0
0
0
0
0
-99
-99
-99
0
0
0
0
0
0
0
2
0
0
0.6
0
0
0
0
0
0
0
0
0
9.6
-99
0
0
-99
0
0
1.9
0
22.6
0.5
0
-99
39.5
35.2
12.2
0.7
0
2.7
8.9
0
0
3.5
0
0
-99
28.4
0
50.1
11
0
9.5
34.3
0
0
0
0
0.3
0
0
0
0
0
0
21.2
0.4
-99
0
0
0
0
2.3
0
0
0
-99
0
0
13.9
0.1
2.3
0
0.2
0
0
-99
13.1
0
0
0
6.7
0
0
0
0
1
0
0
0
0
0
0
0
0
3.8
0.2
3.5
0
0
0
0
0
0
0
1.1
3.3
0
-99
0
0
0
1.6
1.9
15.6
1.8
0
0
0
0
0
0
0.2
0
-99
-99
0
0
0
0
0
0
0
0
0
0
0
0
0.8
0.2
1.6
0
0
0
0
-99
0
0
0
0
0
0
0
0
0
0
0
0
0
0
0
0.2
0.5
1.4
0
0
0
0
0
0
0
0
0
0
0
0
0
0
0
0
0
0
0
0
0
0
0
0
0
0
0
0
0
0
0
0
0
0
0
0
0
0
0
0
0
0
-99
0
0
0
0
0
0
0
0
0
0
0
0
0
0
0
0
0
0
0
0
0
0
0
0
0
0
0
0
0
0
0
0
0
0
0
0
0
0
0
0
0.1
9.1
0
0
0
-99
0
0
0
0.1
0.1
1.9
2.1
0
0
0
0.2
0.6
0
1.4
-99
0
0
0.2
0
-99
1.9
0
0
0
0
0
0
4.2
0
0
0
0
0
0
0
0
17.1
0
0
0
0
0
0
0
-99
-99
0
0
0
0
0
0
0
0
0
0
0.2
1
0
0
0
-99
0
0
0
31.3
0
0
0
1.4
0
0
0
0
0
0
0
0
0
0
0
0
0
0
0
11
56.3
3
-99
0
3
3
0
3.3
0
0
0
0.1
0.2
0
0
0
0
0
1.3
-99
0
0
0
0
0.3
0
-99
4.7
0
1.3
0
0
0
0
-99
1.2
-99
0
0.3
-99
6.6
0
0
0
0
0
0
0
14
0
0
0
0
0
0
0
0
0
0
70.5
4.4
-99
1
0
11.2
0
0
-99
5.8
-99
0
13.4
0
0.1
0
44.9
0
0
0
0
0
0
0
0
0
0
24.1
6.9
0
0
0
0
-99
0
0
0
0
0
-99
133.6
0
-99
0
-99
3.7
0
0
0
-99
0
0
19.5
0
0
0
0
0
5
13.3
53.1
3.9
-99
0.1
0.3
0.7
0
2.9
2.3
0
0
0
0
14.3
16.4
0
0
0
-99
-99
0
0
0
0
0
0
0
-99
0
0
0
-99
0.5
0
0
0.4
1.6
0
0
0
0
0
0
0
0
0
0
0
0
0
0
0
0
0
3.7
9.8
0
0
0
0
0
0
0
0
-99
0.1
28.7
13
0
0
0
0
0
0
0
0
0
0
0
0
0
0
0
0
0
0
0
0
0
0
0
0
0
-99
0
0
0
0
0
0
-99
0.3
0
0
0
0
0
0
0
0
0
0
0
0
0
0
0
0
0
0.1
0
0
0
0
0
0
0
0
0
0
0
0
0
0
0
0
0.8
0
0
0
0
0
0
0
0
0
0
0
0
0
0
0
0
0.5
1.8
0
2.1
1.7
4.1
0
0
0
0
0
0
0
0
0
0
0
0
0
-99
0
0
8
0.1
0
-99
-99
0
0
0
-99
0.1
0
0
0
0
6.3
-99
0
-99
1.5
0
0
0.1
0
0
0
0
0
0
0
-99
0
-99
-99
0
0
0
0
0
0
0
0
0
-99
2.1
0
0.8
0
0
0
0
0
0.6
19.1
0
0
0
0.1
-99
0
0
0
0
0
0
0
9
0.1
0
0
0
0
0
0
0
0
0
0
1.1
4.5
0
0
0
0
0
0
0
0
-99
3.8
0.2
0.6
-99
0
0
1.6
0.2
0
0
0
0
0
1.9
0.7
0
0
0
0
0
0
0
8.9
0
0
0
-99
0
0
0.5
0
0
0
0
5.3
11.1
0
0
0
0
0
0
13
0
10.6
0
0
0
0
-99
0
0.2
0
82
-99
0
0
0
-99
0
0
0
0
0
0
0
7.2
0
0
54.8
2.2
0
0
0
20.4
0.2
0
0.3
-99
10.7
0
0
0
0
110.5
6.5
0.7
3.2
5
21
0
-99
-99
0
0
0
0.2
0.1
12.6
0.9
23.6
0.3
14.8
69
10.8
0.4
-99
0
0
0
0
0
0
-99
15.8
-99
0
-99
0.1
0
0
0.3
0
0
0
0
0
-99
0.3
0
0
0
0
0
0
0
0
-99
-99
-99
0
0
0
0
-99
0
-99
0
0
0
1.5
4.7
0
0
0
0
0
0
0
-99
0
0
0
0
0
0
0
0
0
0
0
0
0
0
0
0
0
0
0
0
0
0
0
0
0
0
0
0
0
0
0
0
0
0
0
0
0
0
0
0
-99
0
0
0
0
0
0
0
0
0
-99
0
0
0
0
0
0
0
0
0
0
0
0
0
0
0
0
0
0
0
0
0
0
0
0
0
0
0
0
0
0
0
0
0
0
0
-99
0
0
0
0
0
0
0
0
0
0
0
1.8
1.4
0
0
0.3
0
0
0
0
0
0
0
0
0
0
0
0
1.9
8.4
6.6
0.3
0
0
0
0
0
0
0
0
0
0
0
0
0
0
0
0
0
-99
0.5
0
0
0
0
0
0
0
0
0
0
0
0
1.2
0
0
0
-99
0
0
0
0
0
0
0
0
0
0
0
0
0
0
5.3
-99
0
0
0
0
0
0
0
0.3
0
0
0
0
0
0
0
4.2
0.2
14
0
0
0
0
0
0
-99
-99
0
17.1
1.8
0
0
0
0
0
5.5
0
0
0
0
0
0
0
0
0
14
0.8
0.1
-99
-99
0.8
0
0
0
0
0
0
0
0
0
0
-99
0.5
-99
7
0
0.1
0
0
0
0
1.5
22.5
0.1
-99
2.4
-99
0
0
2.9
0
0
0
-99
0
0
0
0
0
18
0
-99
0
-99
-99
0
0
0
46.1
1.3
0
0.4
36.4
1
0
0
-99
7.5
0
0
2.9
16.1
0
0
0
0
7.6
1
8.7
38.4
0.7
0.1
0
0
0
0
4.7
0
0
0
0
0
0
0
0.1
3.8
0.6
-99
0.6
0
0
0.3
13.2
29.7
11.1
5.1
0
0.3
36
1.9
2.5
0
0
0
0
0
0
0
1.2
10
0
0
0
0
0
0
0
0
0
0
5.3
13.4
0.4
2.5
0
0
0
0
0
0
0
0
0
-99
8.5
0.7
0
0.7
0
0
0
0
0
0
0
1.6
2
1.8
0.1
12.6
2.5
0
0
0
0
0
0
0
5
7.4
9.8
0
0
0
-99
0
0
0
0
0
12.5
19
0.8
0
0
0
0
3.7
0.3
0
0
0
0
0
0
0
0
0
0
0
0
0
0
0
0
0
0
0
0
0
0
0
0
0
0
0
0
0
0
0
0
0
0
0
0
0
0
0
0
1.2
0
-99
0
0.9
0.3
0
0
0
0
0
0
0
0
0
0
0
0
0
0
0
0
0
0
0
0
0
0
0
0
0
0
0
0
0
0
0
0
0
0
0
0
0
0
0
3.5
0.7
0
0
0
0
0
0
0
0
0
0
0
0
0.3
0.8
0
0
1
0
12.1
4.4
0
0
0
0
0
0
-99
0
0
0
-99
0
0
0
0
0
0
-99
-99
-99
5.8
0
0
0
0
0
0
0
-99
0
0
0
39.6
0.2
0
0
0
0
0
0
0
0
0
0
0
0.1
0
0
0
0
4.5
0
0
0
0
0
0
0
0
-99
-99
0
0
0
0
0
0
0.3
0
0
0.8
2.7
0
0
0
0
0
0
0
0.4
0
0
-99
-99
0
0
0
0
0
0
0
0
0.2
3.2
-99
24.6
0.4
0.2
12.2
0
0
0
0
0.3
2.9
0
15.4
-99
25.9
2.1
0
0
0
5.4
0
0
0
0
0
0
9.2
1.8
0
0
34.7
0
0
0
0
0
86.4
58.4
0
0
1.1
28.6
0
0
0
1.6
0
2.2
0
1.1
1.3
-99
0
0
0.7
-99
-99
-99
0
0
0
0
0
54.9
0
0
0
-99
0.2
11.6
0
0
3.3
0
0
0
0
0
10.2
0
0
0
0
0
0
0
0.8
0
1.2
0
0
0
1.3
1.7
0
0
0
0
0
0
0.1
0
3.6
2.1
0
0
0
0
0
0
0
0
-99
-99
0
0
0
0
5.4
0.6
0
0
0
-99
0
0
0
0
0
0
0
8.1
0
0
0
0
0
0
2.8
0
0
0
0
0
1.1
0
0
0
0
0
0
0
0
0
0
0
0
0
0
-99
0
0
0
0
0
0
0
0
0
0
0
10
0.6
0
0.8
-99
0
0
-99
1.9
0
0
0
0
0
-99
1.1
0
0
0
0
0
0
0
0
0
0
0
0
0
0
0
0
-99
0
-99
-99
0
0
5.4
1.3
0.3
0
0
0.3
0
0
0
0
0
0.8
0
0
13.9
0
1.3
0
0
0
0
0.1
0.8
0.3
0
0
0
0
0
-99
-99
0
0
0
0
0
0
0
0
0
0
0
0
0
0
0
0
0
0
0
0
-99
0
0
0
0
0
0
0
0
0
0
0
0
0
0
0
0
0
0
0
0.1
0
0
0
3.3
0
0
0
0
0
0
0
0
0
0
0
0
0
5.1
0.7
0
1.3
0
0
0
0
0
0
0
0
0
0
0
0
0
-99
-99
14.7
-99
0
0
0
0
0
0
0
-99
4.2
0
0
0
0.5
0
0
0.2
36.7
0
2.3
0
0
0
0
0
0.9
0
0
0
2.1
12.5
2
1.9
0
0
0
0
0
0
0
-99
0
0
-99
1.2
0
-99
-99
0.3
-99
0
0
0
0
2.9
0
32.7
0
0
0
0.2
62.5
10.9
7.6
1.5
16.3
0.1
-99
0.2
0
46.2
0.5
0
0
1.1
37.9
0
10.2
0
0
0
0
0
0
10.9
0
0
0
0
0
19.4
1.1
-99
0
-99
12.3
0
0
0
0
0
0
0
0
0
0
0
0
0
0
0
7.7
0
0
0
0
0
0
0
-99
0
0
4.8
2
0
0
0
0
0
0
0
0
0
0
0.2
2.4
1
0.9
0
0
0
0
0
0
0
0
0
-99
0
0
0
0
0
0
0
0
0
0
9
0.1
0
0
0
0
0
0
0
0
0
0
0
0
-99
0
0
1.6
4.3
0
0
0
-99
0
0
-99
1.1
0.1
0
0
0
0
0
0
0
0
0
0
0
0
0
5.2
0
0
0
0
0
0
0
0
0
0
0
0
0
-99
0
0
0
0
0
0
0
0
0
0.4
0
0
0
0
0
0
0
0
0
0
0
0
0
0
0
0
0
0
0
0
0
0
0
0
0
0
0
0
0
0
0
0
0
0
0
0
0
0
0
0
0
0
0
0
0
-99
0
0.9
14.8
4.8
3.4
0
0.1
0
0
0
0
0
0
0.1
0.2
-99
0
0
0
0
0
0
0
0
0
3.5
0.3
0
0
0
0
0
0
0
0
0
0
0.2
0
0
0
0
0
0
0
0
0
0
0
0
0
0
0
0
0
0
0
0
0
2.6
0
0
0
0
0
0
0
12.1
1.4
0
0
2.3
0
1.1
9.6
11.3
4.7
22.3
0
0
0
5.4
6.8
0
-99
0
0
0
0
0
0
0
0
0
0
0
20.7
4.6
0
0
0
0
0
0
0
0
0
0
0
0
8.5
0
0
0
0
0
0
-99
0.1
0
0
0
0
4.3
0
0
0
0
0
0
0
0
0
0
5.1
68
33.8
0.3
-99
0
0
4.4
0.7
0
0
0
-99
0
0.6
0.1
0
14.1
22.7
0
0
0
-99
14.7
0
-99
-99
0.7
0
0
0
0
-99
0
3.9
27.1
6.4
0
0
0
0
0
40.4
0.2
0
0
0
0
0
10
6.4
5.1
0.8
3.7
0
0
0
10.2
7.7
0
8.2
9.6
1
0
0
0
-99
0
0.1
1.5
0.8
0
0
0
0.6
0
0
2.4
0
0
0
0
2
-99
0
0
23.6
16.6
0
29
14.8
58
37.1
0
0
0
0
0
0
0
0
0
0
10
-99
0
1.1
0
0
0.1
0
0
0
0
0
0
0
-99
-99
0
0
0
0
0
3.6
0
0
0
0
0
0
0
0
0
-99
0
0
-99
0
0
0
0
0
0
0
0
0
0
0
0
0
3
0
0
0
0
0
0
0
0.3
0
0
0
1.1
0.1
0.4
-99
0
0
0
0
0
0
0
0
0
0
0
0
0
0
0
0
0
0
0
0
0
0
0
0
0
0
0
0
0
0
0
