20050101
0
0
0
0
0
0
0
0
0
0
0
0
0
0
0
0
0
0
0
0
0
0
0
0
0
0
0
-99
0
0
0
0
0
-99
0
-99
1.1
0.1
-99
-99
0
0
0
0
0
1.7
0.3
3.3
-99
0
0
0
1.4
-99
-99
0
0
0
0.1
1.7
0
-99
0
0
0
0
0
0
0
0
0
0
0
0
0
0
0
0
0
0
0
-99
0
0
0
0
0
0
0
0
4.4
-99
0
0
0
0
0
22.5
2
0
0
0
0
0
0
0
0
0
0.3
0
0
0
-99
0
0
0
0
0
0
0
0
0
0
-99
2.6
0
0.1
0
0
-99
0.2
0
0
0
-99
5.3
10.3
0
0
0
6.8
0
0
0
0
0
5.1
0
9.2
0.5
0.2
1.2
0
0
0
11.9
0
0.1
1.3
-99
0
0
1
5
-99
0
-99
0.3
0
-99
0
0
0
2.4
13.7
0
7.2
0.3
29.4
7.4
0
0
0
3.4
0
0
0.6
1.3
-99
9.3
0
0
0
6.7
0
0
0
0
0
0
0
0.3
13.7
7.1
0
0
-99
10.7
0
0
0.7
10.4
-99
0
-99
0.6
0.5
0
0
0
5.7
-99
0
19.5
10.2
-99
33.4
9.9
0.5
0
0
0
0
0
0
-99
0
0.8
0
0
-99
0
0
0
0
0
0
0
0
-99
0
0
0
0.9
0.1
2.6
0
10.5
8.9
0
0
1.5
-99
0
0
4.2
0
0
0
0
0
2.6
1.1
0
0
0
0
0
0.6
0
0
0
0
0
0
0.1
0
0
0
0
0
0
1.7
0
0
0
0
0
0
4.3
0
0
0
0
0
0
0
0
0
0
-99
0
0
0
0
0
0
0
0
0
0
0
0
0
0
0
0
0
0
0
0
-99
0
0
0
0.2
0.4
0
0
0
0
0
0
0
0
0
0
0
0
0
0
0
0
0
-99
0.1
0
0
0
0
0
0
0
0
0.4
0
0
0
0
0
0
0
0
0
0
-99
-99
0
0
0
0
0.1
0
0
0
0
0
0
-99
0
0
0
0
0
0
0
0
0
0
0
0
2.3
0
0
0
0
0
0
0
0
-99
0
0
0
0
0
0
0
0
0
0
0
-99
1.2
0
0
0
0
0
0
0
0
0
0
0
0
0
0
0
0
0
0
0
0
0
0
0
0
0
0
-99
0
0
0
0
0.1
0
0
0
-99
3.5
0
0
0
0
0.3
0.2
0
0
0
0
-99
0
0
0
0
0
0
0
0
-99
-99
0
0
0
0
0
-99
-99
0
1.4
-99
18.8
0.3
0
1
8.1
0
0
0
-99
0
-99
-99
-99
0
0
0
-99
-99
24.5
0
0
0
0.9
-99
0
1.4
-99
0
0
-99
1.6
0
0.7
0
1.4
16.1
0.6
-99
0
-99
0
0
-99
0
0
-99
1.1
5.8
0
5.2
0
18.2
9.1
19.8
0
0
0
-99
0
0
0
13
-99
23
0
14.3
0
0
0
0
-99
2.1
0
-99
0
0
17
0.7
0
3.9
2.8
0.1
0
6.3
1.5
8.7
-99
0.2
3.5
0
0
0
21.9
0
2.3
-99
-99
3.2
0
0
0.1
1.7
0
-99
0
0
0
0
0
-99
1
0
0.6
1.2
0
0
0
0
0.1
0
0
0
15.6
10.1
-99
-99
0
0
0
0
0
0
0
0
0
0
0
0
0
2
2.7
0
0
0
0
0
0
0
-99
0
-99
0.5
1
5
0
-99
0
0
0
0
0
0
0
0
0
0
8.1
0
0
0.6
-99
0
-99
0
0
0
0
0
0
0
0
0
0
0
0
0
0
0
0
0
0
0
0
0
0
0
0
0
0
0
0
2.3
0
-99
0
0
0
0
0
0
0
0
0
0
0
0
0
0
0
0
0
-99
-99
0
0
0
-99
-99
0
0
0
0
0
0
0
0
1.7
0.7
0
0
0
-99
-99
-99
0
0
0
0
0
0
0
0
0
0
0
0
0
0
0
0
0
-99
0
0
0
0
0
0
0
0
0
0
0
0
0
0.1
0.4
0
0
0
0
0
0
0
0
0
0
0
0
0
0
0
0
0
0
0
0
-99
0
14.2
14.3
0
0
0
0
-99
0
0
0
0
0
0
0
0
4.3
0.5
0
0
0
-99
0
0
0
0
0
8
-99
0
0
0
0
0
0
0
0
0
0
0
-99
1.6
0
0
0
-99
0
0
0
0
-99
0
-99
0
0
0
0
-99
0
-99
0
0
0
0
0
0
0
-99
-99
-99
1.8
0
0
0
0.3
0.2
0
0
0
0.8
0
13.8
2.5
-99
0
0
0
0
0
5.9
5.3
0
0
0
0
0
0
0
0
0
0
0
-99
33.2
0
0
0
0
0.1
5
0.4
0.1
0
-99
-99
0.3
0
-99
1.9
2.4
0.3
-99
0
6.3
-99
-99
-99
11.9
0.8
0.7
0
0
0
0
-99
-99
0
0
28.3
0
0
0
0.5
-99
0
0
0
0
0
0
9.4
10.5
1.6
0.1
7.7
42
0
13.1
0.6
0
0
0
0
0
0
0
0
0
0
0
0
0
0
0
0
0
0
15.7
0
0
0
0
0
-99
0
0
0
0
-99
0
0
0
0
0
0
1.5
7.4
0
0
1.2
32.1
0
0
0
0
0
0
0
3.5
1.4
0
0
0
6.5
0
0
4.3
2.7
10.5
0
0
0
0
0
0
3.8
0
0
0
0
0
0
0
0
0
0
1.8
0
0
7.7
0.8
0
0
0
0
0
0
0
0
0
0
0
0
0
0
-99
0
0.5
0
0
0
0
0
0
0
0
0
0
0
0
0
0
0
0
0
0
0
0
0
0
0
0
0
2.6
0
0
0
0
0
0
0
0
0
0
0
0
0
0
0
0
0
0.9
0
0
0
0
0
0
0
0
0
0
0
0
0
0
0
0
0
0
0
1.8
0
0
-99
1.6
0.2
0
0
0
0
0
0
0
0
0
0
0
0
0
0.3
0
0
0
0
0
0
0
0
0
0
0
0
0
0
0
0
0
0
-99
0.3
0
0
0
0
-99
-99
0
0
0
0
0
0
0
0
0
0.3
0
0
0
0
0
0
0
0.5
6.6
0
0
0
0
0
0
9.9
1.2
0
0
2.3
0.5
0
0
-99
3.2
0
5
0.3
2.9
-99
4.8
0
0
0
0
0
0
0.2
5.1
1.2
3.1
0
-99
-99
0
0
0
0
0
0
0
1.7
0
0
0
0
0
7.7
0
0.2
0.1
0
-99
-99
-99
0
0
0
0
0
0
-99
0
0
6.6
0
0
0
0
0
-99
-99
27.7
-99
0
0.5
0.1
0
0
0.6
4.7
7.2
22.3
15.4
0
0
0.8
0
0.1
9.2
0
0.3
0.5
-99
1.8
3.2
3.6
6.7
1.7
15.8
-99
-99
0
1.9
0.4
0
0
0
0
0
0
0
0
19.1
4.8
0
0
1.2
3.5
-99
0
0
0
0
0
0
0
0
2.9
0
14
0
2.9
0
0
0
0
0.6
20.2
0.4
34
-99
0
0
0.6
0
0
0
-99
0
0
38.6
2.2
5.4
0.1
0.2
2.4
0
0
-99
32.2
0
0
0
0.2
0.6
0.1
-99
3.7
0
7.5
0.3
0
0
0
9.9
0.2
2.2
0
0
0
0
19.7
0.3
0
3
-99
0
0
0
0
0
0
0
0
9.5
10.4
0
-99
4.7
2.6
0
0
0
0
0
0
0
0
1.7
0
0
0
8.8
0.3
0
0
0
0
0
0
0
0
0
0
0
0
0
0
0
0
0
0
-99
-99
1.3
0
0
0
0
0
0
0
0
0
0
0
0
0
0
0
0
0
0
0
0
0
0
0
0
0
0
2.6
0
0
0
0
0
0
0
0
0
0.1
-99
0
0
0
0
0
0
-99
0
0
0
0
0
0
0
0
0
0
0
0
0
0
0
0
0
0
0
-99
0
0
0
0
0
0
0
0
0
0
0
0
0
0
0
0
0
0
0
0
0
0
0
0
0
0
0
0
0
0
0
0.5
2.3
0
0
0
0
0
0
0
0
0
0
0
0.2
-99
3.5
0
0
0
0
0
0
3.7
0
0
0
0
0
0
0
-99
0.3
0
0
0
0
0
0
0
1.2
0
0
0
0
0
0
0
0
0
0
0
0.6
5
0
0.1
0
2.4
0
0
-99
6.5
0.9
0
0
6.2
-99
0
0
0
0
3.2
0
6
0
0
0
0
0
0
1.6
18.6
0
0
0
0
1.1
0.2
0
0
0
0
0
0.3
0
0
0
0
0
0
5.3
0
0
0
0
0
0
-99
0
8.3
0.6
15.9
1.6
0.2
0
0
-99
5.5
0
6.1
0
12.5
0.3
0
-99
-99
0
0
0
0.1
0.2
0
0
0
0
0
0
0.2
1.2
0
0
0
0
-99
1.2
2.2
-99
0
0
0
4.8
0
7.7
1.5
0
0
1.6
17.1
0
0
0.8
10.9
0.5
34.5
0
0
0
0
0
0
0
0
0
0.2
0
0
0
0
0
0
-99
9.1
8
8.2
0
0
0
0
0.7
-99
-99
0.6
0
0
3.3
0
7.1
4.9
0
0
0
14.1
7.9
0
0
0.1
0
0
0
0
0
0
-99
0
6.8
0.9
0
0
0
0
2.3
6.8
0
0
0
1.2
0
0
0
0
0
0
0.1
0
0
0
-99
-99
0
0
0
-99
0
-99
0
0
0
0
0
0
0.3
0
0
0
0
35.6
-99
0.1
0
0
0
0
0
0
0
0.8
0.6
0
6.2
0
0
0
0
0
0
0
0
0
0
0
0
0
0
0
0
0
0
0
0
0
0
0
0
0
0
0
0
0
0
-99
0
0
0
0
0
0
0
0
0
0
0
0
0
0
0
0
0
0
0
0
14
0.1
0
0
0
0.1
0
0
0
0
0
0
0
0
0
0
0
0
0
0
0
0
0
0
1
0
0
0
0
0
0
0
0
0
-99
-99
0
0
0
0
0
0
0
0
0
0
0
0
0
0
0
0
0
0
0
0.5
0.3
0.5
-99
0
1.5
0
0
0.1
6.2
0
0
0
0
0
15.6
0
0
0
0
0
0.1
0
0
0
0
0
0
0
0
0
6.5
0
0
0
0
0
0
0
0
0
-99
0
0.1
2.5
0
0
-99
0
0
1.8
3
1.7
20.1
11.7
0
0
9.5
0.3
0
0.3
0
0
0
0
0.4
0.6
24
0
2.3
0.8
-99
0
0
0
0
3.7
0
0.2
0
10.5
0.1
0
0
0
0.8
0
0
-99
17.8
6.9
0
0
0.1
-99
0
0
0
0
0
0
0
0
2.8
1.9
2.1
8.1
0
0
9.9
1.5
5.5
0
0
-99
-99
0
0
0
0
0.4
1.1
0
-99
10.8
0
0
-99
0
0
-99
0
11.6
3.3
0
0
0
0
3.7
1.5
0
6
0
0
0
0
0
0
0
0
0
0
0.4
-99
0
0
3.8
7.5
7.5
0
0
11.1
1
12.7
0
0
26
0
0
0
0
-99
3.1
0
0
11
0
0
0
0
0.4
0.1
-99
0
-99
6
-99
0
0
0
0
0
15.3
1.1
0
0
0
0
0
0
0
4.1
16.3
33.7
0
24.2
37.5
0
0
0
2.3
0
0
0
0
0
3.5
8
0
0
0
0
0
0
0
10.2
0.3
0
0
0
0
0
0
5.3
0.9
0
0
0
4.6
0.8
0
0
0
0
0
0
0
0
0
0
0
0
0
0
0
0
0
0
0
0
0
0
0
0
0
0
0
0
0
0
0
0
0
0
0
0
0
0
0
0
0
0
0
0
-99
0
0
0
0
0
0
0
0
0
0
0
0
0
0
0
0
0
0
0
0
1.3
0
0
0
0
0
0
0
0
0
0
0
0
0
0
0
0
0
0
0
0
0
0
0
-99
0
0
0
0
0
0
0
0
0
0
0
0
0
0
0
0
0
0
0.9
0
0
1.1
0
0
-99
0
0
0
0
0
0
0
0
0
4.3
3
-99
0
0
0
0
-99
0
0
0
0
0
0
0
0
0
0
0
0
0
0
0
0
0
0
0
0
0
0
0
0
0
0
3.6
3.8
0
0
0
1.3
0
0
0
0
0
0
0
0
0
0
0.3
0
0
0
-99
0
-99
-99
-99
0.7
0
0
0.6
-99
0
0
0
10.4
2.2
0
0
4.9
0
0
0
0
0
0
0
0
0
0.1
2.4
0
0
0
0
0
3.7
2.5
0
0
2.4
0
4.4
0
0
0
0
-99
0.5
3
14.3
0
1
4.6
0
0
5
0.5
0
0
0
0
0
0
-99
12.4
3.5
0
0
0
0
0
3.2
-99
0
0
0
0.4
0
0.3
0
0
0
0
1
0.3
0
0.1
0
0
0
0.8
27.7
7.8
0
0
28
1.5
0
0
0
6.4
4.9
0
0
0
0.1
0
0
0
0
0
4.1
0
0
0
0
2.1
6.7
0.1
2.2
0
0
0
0
0
0
0
9.9
-99
0
0
0
0
0
0
0
2.7
0
0
0
0
-99
0
2.9
0
-99
9.6
2.3
-99
3.6
0
0
0
0
0
0
0
0
0
0
0
1.5
0
0
0
0
0
0
0
0
0
0
-99
0
0
0
14.2
0
-99
0.5
0
0
-99
0.8
0
0
0
0
0
0
0
0
0
0
0
1.3
-99
0.1
1.5
0
0.2
0
0.2
0
0
0
0
0
0
0
0
7.9
0
0
0
0
0.1
0
0
0
0
0
0
0
0
0
-99
0
0
0
-99
0.1
0
0
0
0
0
0
0
0
0
0
0
0
0
0
0
0
0
0
0
0
0
0
0
0
0
0
0
0
0
0
0
0
0
0
0
0
0
0
0
0
0
0
0
0
0
0
0
0
0
0
0
0
0
0
0
0
0
0
0
0
0
0
0
0
0
0
0
0
0
0
0
0
0
0
0
0
-99
0
0
0
0
0
0
0
-99
1.3
-99
0
1.2
0
0
0
0
0
0
0
0
0
-99
0.5
0
0
0
0
0
-99
0.9
0
0
0
0
0
1.5
0
0
0
0
0
0
0
0
0
0
-99
0.2
0
0
0
0
0
0
0
-99
0
0
0
0
-99
10.4
0
0
0
0
0
0
1.3
0
0
0
0
0
0
0
0
0
19.8
2.8
0
0
0
0
0
0
0.5
9.5
0
10.7
0
0
0
0
0
0
1.8
0
1.6
1.9
0
1.7
0
0
0.8
0
1.5
-99
0
0
0
-99
0.5
0.6
0
0
0
6.7
0.2
1.2
0.1
0.2
11
13.9
0
0
3.4
1.5
0
0
0
0
-99
24.1
0.1
-99
0
0
0.2
-99
0
0
0
0
0
0
0
0
7.8
36.4
0.8
0
0
2.7
-99
0
10.4
3.8
3.4
32.1
0
0
0
0
0
0
0
1.3
0
0
2.1
0
0
8.2
0
0
0
0
0
0
0
0
0
0
0
0
20.8
0.8
0
0
0
15.5
29.6
0
0
0
0
0
0
0
0
5.7
0
0
0
0
0
0
0
0
0
3.6
0.1
0
0
23.3
0
4.3
0
0
0
0
0
0
0
0
0
0
0
3.3
0
0
0
0
0
-99
13.1
0
0
0
0
17.2
-99
0
0
0
0
0.2
0
0
0
0
0
0
7.8
2.2
0
0
0
0
0
15.1
0
0
0
0
-99
2.5
0
0
0
0
0
0.2
0
0
0
0
0
0
0
0
0
0
0
0
0
0
0
0
0
0
0
0
0
1.4
0
0.2
0
0
0
0.6
0.6
0
0
0
0
0
0
0.1
0
0
0
0
0
0
0
0
0
0
0
0
0
0
0
0
0
0
0
0
0
0
6.1
0
0
0
0
0
0
0
0
0
0
-99
0
0
-99
0
0
0
0
0
0
0
0
0
0
0
0
0
0
0
0
0
0
0
0
0
-99
0
0
0
0
0
0
0
0
0
0
0
0
0
0
10.6
0
0
0
0
0
0
5.7
0
0
0
0
0
0
0
0
0
0
0
0
0
0
0
0.9
0
0
0
0
-99
0
0
0
0
0
0
0
0
0
0
0
0
0.3
0.9
-99
0
0
0
-99
0
0
0
0
0
0
0
0
0
-99
0.9
0
0
0
0
0
0
0
0
0
0.3
0
-99
0
2.9
5.5
0
0
0.4
0.3
0
0
0
0.4
0
0
1.8
51
1.6
14.6
0
11.9
0
0
0
0
0
0
9.2
0
0
0
0.6
0
0.5
-99
5.9
6.3
0
0
16.9
-99
9.6
18.1
6.8
0
1.8
0
10
22.2
1.4
2.2
5.2
0.3
0
0
0.4
47.5
0
0
0
0.7
6.8
0
0
0
0
0
1.7
5.8
0
0
0
23.7
0
0.3
12
4.6
1.2
-99
4.2
5.4
0
0
3.2
1.8
15.3
0
0
0
0
0
0
4.7
-99
0
0
0
0
0
0
38.5
0
-99
0
0
0
0
5.2
0.2
0
0
20
0.5
2.3
0
0.1
2.5
0
0
0
0
7.1
10
0
0
0
0
0
0
0
0
0
0
0
13.3
0
0
0
0
0
0.4
1.8
0
0.8
0
0
-99
0
0
0
0
-99
0
0
0
0.1
0
0
0
0
0
0
0
0
0
-99
-99
0.1
0
-99
0
0
0
0
0
0
0
0
0
0
0
0
0
0
0
0
0
0
0
0
0
0
0
0
0
0
0
0
0
0
0
0
0
0
0
0
0
0
0
0
0
0
0
0
0
0
0
0
0
0
0
0
0
0
0
0
0
0
0
0
0
0
0
0
0
0
0
0
0
0
0
0
0
0
0
0
0
0
0
0
0
0
0
0
0
0
0
0
0
0
0
0
0
0.7
0.5
0
0
0
0
0
0.2
0
0
0
0.8
0
0
0
0
0
0
0
0.2
0
0.9
0
0
0
0
0
0
0
0
0
0
-99
0
0
0
0
0
0
0
-99
0
0
0
0
0
0
0
0
2.3
0
0
0
0
0
0
0
0
0
0
0
0
0
0
-99
0
0
0
0
2.7
-99
8.2
0
0
0
0
0
2.1
0
0
0
0
0
2
0.5
0
0
0
0
0
0
0
18
17.4
0
0
0
0
0
3.4
0
1.1
0
-99
0
0
3
0
0
0
0
0
0
0
12
0.3
0
0.4
0
20.7
0
6.5
-99
3.9
0
0
0
0
0.3
6.6
0.6
0
0
-99
5.9
0.6
0
26.1
5.4
0
0
0
0
0.6
22.9
0.7
0.7
0
0
0
0
0
0
0
0
0
-99
-99
-99
-99
0
0
0
0
17.6
1.4
0
0
0
0
2.8
0
1.6
10.9
0
0
0
3.1
18.5
0
0
0
0
3
0
0
5.2
3
9.6
0
0
2.8
0
0
0
0
2.5
-99
0
0
0
0
7.2
0
13.9
0.3
10.9
3.1
0
0
0
0
2
0
0
0
23.2
6
0
4.7
0
0
0
0
0
0
0
1.2
18.7
0.3
0
6.4
0
0
0
0
10.7
0.2
0.1
7.5
0
0
0
0
0
0
-99
-99
0
0
0
0
0
0
0
0
0
0
0
0
0
0
0
0
-99
1.1
3.4
0
0
0
0
0
0
0.6
0
0
0
0
0
0
0
0
-99
0
0
0
0
0
0
0
0
0
0
0
0
0
-99
0
0
0
0
0
0
0
0
-99
0.2
0
0
0
0
0
0
0
0
0
0
0
0
0
0
0
0
0
0
0
0
0
