20050101
0
0
0
0
0.3
0
0
0
0
0
0
0
0
0
0
0
0
0
0
0
0
0
0
0
0
0
0
0
0
0
0
0
0
0
0
0
-99
0.2
0
-99
0
0
0
0
-99
11.5
0.4
0
-99
0
0
0
0
0
-99
0
0
0
0
-99
0
0
-99
0
0
0
0
0
0
0
0
0
0
0
0
0
0
0
0
0
0
0
0
0
0
0
0
0
0
0
0
-99
0
0
-99
-99
0
0.2
2.1
0
0
0
0
0
0
0
0
-99
0.3
0
0
0
0
-99
-99
0
0
0
0
0
0
0
0
0
3.6
0
0
0
0
9.9
0
0
0.1
0
0
7.9
21.6
0
0
0
0
0
0
0
-99
0
0
0
0
0
0
-99
0
0
0
0.1
3.3
0
0
-99
0
0
0
-99
0.3
0
0
5.7
0
0
8
0
-99
0
0
2.9
15.1
9.3
0
8.6
0
0
1.3
4.1
0
0
0
0
0
0
9.8
0.1
4.5
0
10.7
0
1.3
-99
1
0
0
0
0
0.2
120.2
0
0
0.7
0
0
0
46.5
1.2
0.1
1.2
-99
1.8
1.3
2.6
45.3
15.7
0.6
0
0
0
0
0
21.6
30.7
0
0
0
0
0
0
0
0
0
0
0
0
0
0
0
0
0
0
0
0
0
0
0
0
0
0
0
0
1.7
6.5
0
0
0
9.5
4.6
0
0
0
0
0
0
0
9.6
0.2
0
0
0
0
0
0.8
21.3
0
0
0
0
-99
0.7
0
0
0
0
0
0
0
-99
0
0
0
0
0
0
0
0
0
0
0
0
0
0
0
0
0
0
0
0
0
0
1.6
0
0
0
0
0
0
0
0
0
0
0
0
0
0
0
0
0
0
0
-99
0
0
0
0
0
0
0.2
0
0
0
0
0
0
0
0
0
0
0
0
0
0
0
0
0
0
0
0
0
0
0
0
0
0
0
0
0
0
0
0
0
0
0
0
0
2.3
-99
0
0
0.4
0
0
0
0
0
0
0
-99
0
-99
0
0
0
0
0
6
-99
0
0
0
0
0
0
0
0
0
0
0
0
0
0
0
0
0
-99
0
0
0.1
0
0
0
0
0
0
0
0
0
0
-99
0
0
0
0
0
0
0
0
0
0
0
0
0
0
0
0
0
0
0
0
0.4
0
0
0
0
0.8
0
-99
0
0
0
2.1
0
0
0
0
0
-99
0
0
0
0
-99
0
1.3
0
0
0
0
0
0
0
0
0
6.2
0
0
0
0
0.3
-99
0
0
0
0
0
0
0
0
12.7
27.9
-99
0
0
2.9
9.1
21.7
0
0
0
0
0
0
0
0
0
0
4.4
0
0
0
0
0
8.3
37.9
0
0
0.2
0
0
8.9
1.8
0
0
0
0.2
28.3
0
2.4
42.6
4.4
9.1
0
0
0
4.1
0.8
0
0
0
25.7
-99
42.7
3.2
6.4
-99
3.4
0
3.9
-99
0
0
0
0
0
38.9
0
0
0
2.3
79
74.5
1.7
0
0.3
18.2
0
0
0
0.3
0
0
0
0
55.8
0.6
0.7
0
0
0
0
0
1.1
0.3
0
0
11.7
27.8
0
-99
20.5
1.5
0
0
0
0
6.4
0
0
0
0.2
0
0
0
0
0
0
0
0
0
0
0
0
0
0
0
0
-99
0
0
0
0
0
0
0
0
0
0
0
0
0
0
0
0
0
0
0
0
2
0.4
0
0
0
-99
1.6
0
-99
0.2
0
0
0
0
0
0
0
0
0
0
0
0
0
0
0
1
0
0
0
0
0
0
0
0
0
0
0
0
0
0
6.1
4.8
0
0
0
0
0
0
0
0
0
0
0
-99
0
0
0
0
0
0
0
0
0
0
0
0
0
0
0
0
0
0.3
0
0
0
1
0
0
0
0
0
0
0
0
0
0
0
0
0
0
0
0
0
0
0
0
0
0
0
0
0
3.2
-99
0
0
0
0
0
0
0
0
0
0
0
0
1.8
0
0
0
0
0
0
0
0
0
0
0
0
0
0
0
0.2
0
0
0
0
8.4
0.2
6.9
33.6
0
0
0
0
0
0.5
0
0
0
0
0
0
0
0
-99
0
0
0
0.9
0
0
0
0
4.9
0.1
3
0
0
0
0
0
0
0
0
0
0
0
0
6.5
0
0
0
0
0
0
0
0
0
0
0
0
0
0
0
0
0
0
0
0
0
0
0
0
0
0
3.9
0
12.5
0
0
0
26.4
1.9
0
0
0
0
0
8
6.3
-99
0
0
0
0
0
5.5
12.7
3.1
0
0
0
0
0
0
0
0
0
0
0
0
0
0
0
0
0
2.4
5.9
13.6
0
21.3
1.7
0
0.8
26.7
-99
53.8
23.2
0.8
0
0
0
0
0
0
0
-99
15.9
15.1
0
0
1.1
0
0
0
8.4
0
0
0
0
0
0
0
-99
0
7.3
20.6
0
1.9
4.1
1.1
0
0
0.1
0
7.1
0
0
1.3
0
0
0
0
0
3.3
0
0
0
0
0
0
0
0
0
0.6
2.8
0
-99
0
0
0
5.1
0.4
0
0
0
0
0
0
0
0
0
0.1
4.7
0
0
0
8.1
0
0
0
0
0
0
0
5.7
31.6
0
6.1
1.1
30.7
0.6
0
5.8
32.5
7.5
0.7
0
0
1.1
0
0
0
0
0
0
0
0
0
0
0
0
0
0
0
0
6.4
14.4
0
0
0
0
0
0
0
0
0
0
0
0
0
0
0
0
0
0.2
0
0
0
0
0
0
0
0
0
0
0
0
0
0
0
0
0
0
0
0
0
0
0
0
2.2
0
0
0
0
0
0
0
0
0
0
0
0
0
0
0
0
0.6
0.7
0
0
0
0
0
0
0
0
0
0
0
0
0
0.5
0
-99
0
0
0
0.1
0
0
0.1
0
-99
0
0
0
0
0
0
0
0
0
0
0
0
0
-99
0
0
0
0
0
0
0
0
0
0
0
0
0
0
0
0
-99
-99
0
0.3
0
0
0
0
0
-99
0
0
0
0
0
0
0
0
0
0
0
0
0
0
0
1.3
0
0
0
3.2
4.6
0
0
0
0
0.4
0.2
0
0
-99
0
0
0
0
0.6
0
0
0
-99
0.9
0
0
0
0
0
0
0
0
15.8
18.2
-99
0
0
0
0
0
0
0
0
0
0
16.1
0.2
0
0
-99
0
0
0
29
3.9
-99
0
11.3
0.2
-99
0
0
0
0
0
0
0
0
0
0
0
0
0
0
0
9.7
0
-99
0
8.7
0
0
0
0
0
0
0
0
0
-99
2.4
0
0
0
0
0
4.7
-99
-99
2
-99
5.1
2.1
0.5
74.8
0
0
5.2
78
0
-99
4.6
-99
0
0
0
0
-99
40.6
0
0
4
0
0
0
0
0
0
0
0
0
0.3
63.6
6.2
1
0.2
0
0
0
0
0
0.8
-99
0
0.3
36.7
0.1
2.3
8.1
0
0
4.6
0
0
0
12.7
1.8
0
0
0
0
-99
13.6
0
0.4
0
0
0
0
-99
3.9
0
0
0
0
21.8
0
0
0
0
0
0
0
0
22
0
0.3
12.5
0.1
7.8
4.9
0
0
0
0
0
0
0
0
0
38.9
0
0
-99
0
0
0
0
0
0
0
0
0
0
0
0
11.8
0
7.2
0
0
0
0
0
0
0
0
0
0
0
0
0
0
0
0
0
0
0
0
-99
0
0
0
0
0
0
0
0
0
0
0
0
0
0
0
0
0
0
0
0
0
0
0
0
0
0
-99
0
0
0
0
0
0
0
0
0
0
6.3
0
0
0
0
0
0
0
0
0
0
0
0
0
0
0
0
0
1
0
0
0
0
0
0
0
0
0
0
0
0
0
0
0
0
0
0
0
0
-99
0.1
0
0
0
0
0
0
0
0
1.2
-99
0
0
0.9
2
0
0
0
0.1
0.3
4.3
0
0
0
0
0.8
0
0
0
0
0
0
0
0
5.3
0
0
0
0
0
0
1.7
0
0
0
0
0
0
0
0
0
0
0
12.3
0
0
0
0
0
0
0
0
0
0
0
0
0
0
0
0
0
0.9
0
0
0
9
0
0
0
33.3
0
0
0
5.3
1.6
0
0
0
0
0
0
0.6
0
0
0
0
0
0
0
16.5
14.3
-99
0.1
0
-99
0
0
0.5
0
0
0
0
3.2
0
0
0
0
0
-99
-99
0
0
0
0
0
0
0
3.1
0
4.7
23.8
0
0
0
0
0
0
36.5
2.9
0.5
27.8
0
0
0.1
0
0
0
0
0.1
0
0
0
0
0
0
0
0
0
0
12.4
1.8
0
0
0
0
-99
0
0.9
32
29.3
0
0
0
0
14.2
5.6
0.9
0
0
0
0
0
20.9
0
17.3
0
28.6
8.1
0
0
0
0
0
0
0
0
0
6.7
0
80
0
1.7
0
1.7
14.1
0
0
0
38.1
0
0
0
0
0
0
0
0.1
17.7
12.9
1.4
2.5
-99
0
0.1
0
0
0
0
0
0
0
0
0
7.9
0
0
0
0
0
1.4
2.9
0
0
0
0
0
0
0
0
0
0
0
0
0
0
0
1.6
0
0
0
0
0
0
0
0
0
0
0
0
0
0
0
0
2.3
17.1
5.1
0
0
0
0
0
0
0
-99
-99
0.1
4.2
0
0
0
0
0
0
0
0
0
0
0
0
0
0
0
0
0
0
0
0
0
-99
0
0
-99
0.7
0
-99
0.3
0
0
0
0
0
0
0
0
0
0
0
0
0
0
0
0
0
0
0.4
0
0
0.1
1.7
0.6
0
0
0
0
0
0
0
0
0
0
0
0
0
0
0
3.2
0
0
0
0
0
0
0
0
0
0
0
0
0
0
0
0
0
1.5
0
0.1
0
0
0
0
0
0
0
0
0
0
0
0
0
0
0
0
0
0
8.9
3.6
0
0
0
0
0
0
0
0.1
0
0
0
0
6.6
0.5
0
-99
0
0
0
0
0
0
0
0
0
0
0
0
0
0
0
0
0
0
0
0
0
0
0
-99
-99
1
0
0
0
0
0
0
0
0
-99
1.6
0
0
0
6.9
6.4
0
0
0
0
0
0
26.6
0.8
0
0
0
0
0
0
0
0
0
0
5.8
13
3.5
0
0
0
0
0
0
0
0
0
26.5
0
0
0
0
3.4
0
0
0
0
0
0
0
9.5
1
0
0
0
0
-99
28.7
4.1
0
0
2.5
12.9
0.4
0
0
0
0
0
0
0
11
0
0
0
0
0
0
0.2
73.5
18.4
0
0.2
0
0
-99
0
0
0
127.2
4.2
0
0
0
0
0
0
0
0
0
0
0.4
80.3
0
0
2.6
7.7
0
0
0
1.7
1.6
15.7
29
-99
0
0
0
0
0
40.7
13.6
18.1
7.2
0
0
0
0
0
0
0
0
0
0
0
0.8
0
0
0
1.3
0
0
0
0
0
0
0
0
0
2.7
19
4.7
0
17.3
0
0
0
0
0
0
0
0
0
0
4.8
0.3
0
0
0
0
0
0
0
0
0
0
0
0
0
0
14.8
0.3
0
0
0
0
-99
0
0
0
0
0
0
0
0
0
0
0
0
0
-99
0
0
0
0
0
0
0
0
0
0
0
0
0
0
0
0
0
0
0
0
0
0
0
0
0
0
0
0
0
0
0
0
0
0
0
0.5
0
0
0
0
0
0
0
0
0
0
0
0
0
0
0
0
0
0
0
0
0
0
0
0
0
0
0
0
0
0
0
0
0
0
0
0
0
0
0
0
0
0
0
0
0
0
0
0
0
0
0
0
0
0
0
0
0
0
0.6
0
0
1.5
-99
0
0
0
0
0
0
0
0
0
0
0
-99
11
0
0
0
0
0
0
0
0
0
0
0
0
0
0
0
0
0
0
0
0
0
0
0
0
0
0
0
0
0
0
0
0
0
1.8
0
0
0
0
0
0
0
0
0
0
0
0
0
0
0
0
0
0
7.5
0
0.5
0
-99
0
0
0
0.4
0.6
0
0
0
3.1
-99
34.9
0
6.1
26.9
1.7
0
0
0
0
0
0
0
0
0
-99
0
0
0
0
0
0
5.8
0
0
0
0
0
0
0
0.1
0
0
0
0
0
0
17.5
0
0
0
0
0
1.6
0
0
0
0
58.5
4.4
6.1
0
-99
0
0
0
0
3.3
7.4
3.7
0
0
0
0
0
0
0
0
0
0
0
0.1
2.3
31.3
1.6
0.7
23.7
-99
0
0
0
17.3
5.3
2.1
0
-99
40
0
0
0
0
0
0
15.9
0.2
0
0
0
1.1
-99
0
0
27.7
64.8
0
13.3
0.4
0
0
0
0
0
0
0
12.2
0
0
0
0
15.1
0.6
-99
0
0
0
0
0
0
6.9
0.1
0
0.9
0.2
0
2.8
19.4
0
0
0
0
0
0
0
0
0
0
-99
0.2
0
2.3
0
0
0
0.2
0
0
0
0.1
0
0
0
6.1
0.2
0
0
0
0
0
0
0
0
17.3
0.5
0
0
0
0
0
0
0
0
0
0
0.2
0.1
0
0
0
0
0
0
0
0
0
0
0.1
19
5.2
1.5
0
0
0
0
0
0
0
0
0
0.2
2.8
0
0
0
0
0
1.5
1
0
0
0
0
0
0
0
0
0
0
0
0
0
0
0
0
0
0
0
0
0
0
0
0
0
0
0
0
0
0
0
0
0
0
0
0
0
0
0
0
0
0
0
0
0
0
0
0
0
0
0
0
0
0
0
0
0
0
0
0
0
0
0
0
0
0
0
0
0
0
0
0
0
0
0
0
0
0
0
0
0
0
0
0
0
0
0
0
0.1
0
0
0
0
0
0
0
0
0
0
0.7
0
2.2
0
0
0
0
0
0
0
0
0
0
0
0
0
0
2.6
0
0
0
0
0
0
0
0.8
1.2
2.1
0
0
0
0
0
0
0
10.8
0.2
0
0
32.7
8.6
0
0
0
0
0
0
0
0
0
0
0
0
0
0
0
0
3.7
0
0
0
0
0
0
0
0.1
0
0
0
0
6.5
0.2
0
0
0
0
0
5.7
0.7
0
0.3
0
0
0
4.1
0
10.4
0
0
0.2
1.7
0
0
0
0
0
0
0
1.7
0
0
0.1
0
0
1.7
35.4
0
0
0
0
13.4
-99
0
0
1.9
0.3
3.6
3.7
0
0
8.5
0
0
0
0
0
0
0
47.9
0
0
12.6
40.4
5.8
0
0
0.8
41.1
71.3
0
25.9
14.4
29.4
0
0
36
0.7
0
1
53
0
10.6
0.1
0
0.3
10.3
0.2
0
4.2
0
0
0
0
5.7
4.4
-99
0
0
0
0
4
0
0
0
2.1
15.8
0
0
0
0.8
0
0
0
0
0
0
0
0
0
-99
4.4
0
0
0
14.3
0.1
0
0
0
0
0
0
0
0
0
0
0
0.4
0
0
0
0
0
0
15.6
0
0
0
0
2.4
1.2
0
0
0
-99
1.7
0
0
0
0
0
0
10
5.8
0
0
0
0
0
11.5
2.5
0
0
0
0
0.7
0
0
0
0
0
0
0
0
0
0
0
0
0
0
0
0
0
0
0
0
0
0
0
0
-99
0
0.7
11.5
0
0
0
0
0
0
0.5
0
0
0
0
0
0
0.6
2.7
0
0
0
0
0
0
0
0
0
0.2
0
0
0
0
0
0
0
0
0
0
0
1.7
1.2
0
0
0
0
0
0
0
0
0
0
0
0
4.8
0
0.4
0
0
0
0
0
-99
1.3
0
0
0
0.1
0
0
0
0
0
0
0
0
0
0
0
0.4
0
0
0
0
0
0
0
0
0
0
0
13.7
0
0
0
0
0.1
0
0
-99
0
0
0
0
0
0
0
-99
0
0
0
0.6
0
0
0
4.5
0
0
0
0
0
0
0
0
0
0
0
0
0
4
6
0
0
0
-99
0
0
0
0.3
0
0
0
0
0.9
0
0
0
0
-99
0.1
0
0
0
0
0.2
0
0
0
0.9
0
0
0
-99
0
0
0
10
2.1
0.2
0
0
0
0
0
0
0
0
0
0
0
7.6
10.2
0.1
0.6
0
0
0
0
-99
0.8
0
-99
-99
33.2
0.1
0
0.2
21.4
0
1.8
0
0
12
16.9
0
0.9
2
0
0
0
25.6
25.5
8
0.3
0
12.2
15.2
7.1
0
1
37.5
0
0
0
10.5
0
0
12.6
0
0.8
39.8
0
0
5.3
0
2
0
10.5
0
33.3
1.2
0
0
0
24.5
0
5.4
0
0
0
0
0
0
0
0
0
0
0
0
0
0
0
10.6
0
0
0
0
0
3.4
0
0
0
0
0
0
0
0
-99
0
0
0
0
0
0
2.5
0.3
9.5
0
0
0
0
0
0
0
1.3
0
0
0
0
0
0
-99
0
0
0
0
0
18.4
0
0
0
0
0
0
0
0
0
0
0
0
0
0.1
0
0
0
0.2
0
0
0
0
0
0
0
7.6
0
0
0
0
0
0
0
0
0
0
0
0
0
0
0.7
0
0
0
0
0
0
0
0
0
0
0
0
0
0
0
0
0
0
0
0
0
0
2.4
0.1
0
0
0
0
0
0
0
0
0
0
0
0
0
0
0
0
0
0
0
0
0.3
0
0
0
0
0
0
0
0
0
0
0
0
0
0
0
0
0
0
0
0
0
0
0
0.7
0
0
0
0
0.1
3
-99
0
0
0
0
0
0
0
0
0
0
0.3
0
0
0
0
0
0.1
0.1
5.2
0
0
0
0
0.7
0
0
0
2.1
0
0
0
0
0
0
0
0
0
0
1.2
0
0
0
0
0
0
0
0
2.9
0
0
0
0.4
0
0
0
0
0
0
0
0
0
0
0
0
0
0
0
4.6
0
0
0
0
0
0
0
0
2.6
0
0
0
0
0
0
0
0
0
0
0
0
0
1
18.7
0
0
0
0
0
0
0
0
0
0
0
0
20.8
0
0
0
0
0
0
2.9
0
4
0
0
0
9.6
13.2
0
0.1
14.2
0
0
0
0
0
0
0
1.1
1
21.5
0
3.5
0.2
0
4.2
0
11.8
0
0
0
24
2.8
0
0.2
0
0
0
0
0
0
0
3.1
0
-99
-99
-99
13.5
0
0
0.4
0.1
0
0.1
1.9
0
0
0
0
0
0
0
0
0
0
23.5
59.3
0
0
0
0
0
0
0
0
0
0
0
21.1
6.5
0.1
0
0
0
0.4
12.9
0
0
0
0
0.5
0
0.3
0
0.8
8.9
0
0
0
0
0
0
0
0
0.5
0
1.1
0
1.1
7.3
0.1
0
0
0
0
0
6.2
0
0
0
0.3
0
0
6.9
4.7
0
18.7
0
0
0
0
0
0
0
0
0
0
0
0
0
0
0
0
0
0
0
0
0
0
0
0
0
0
0.8
0
0
0
0
0
0
0
0
0
0
0
0
0
0
0
0
0
0
0
0
0
0
0.7
0
0
0
4.7
7.9
0
1
0
0
0
0
0
0
0
0
0
0
0
0
0
0
0
0
0
0
0
0
0
0
0
0
0
0
0
0
0
0
0
