20050101
0
0
0
0
0
0
0
0
0
0
0
0
0
0
0
0
0
0
0
0
0
0
0
0
0
0
0
0
0
0
0
0
0
1
0
0
-99
0.3
0
0
0
0
0
0
0
1.1
0.2
-99
0.2
0
0
0
2.9
0
0.9
0
0
0
0
0
0
1.6
0
0
0
0
0
0
0
0
0
0
0
0
0
0
0
0
0
0
0
-99
0
0
0
0
0
0
0
0
-99
0.4
0
0
0
0
0
6.5
2.5
0
0
0
0
0
0
0
0
0
3.5
0
0
0
-99
0
0
0
0
0
0
0
0
0
0
0
17.3
0
4.5
0.7
0
3.3
0.5
0
0
0
0
-99
8
0
0
0
3.9
0
0
0
0
0
1.3
0
0.3
2
7.9
0.8
0.1
0
0
0.6
2.7
5.3
7.4
4.1
0
0
1.7
8.4
0.8
0
0
13.1
1.4
5.4
-99
-99
0
1.4
3.4
2.7
2.3
-99
0
26.4
0
0
0
-99
0
0
0
-99
9.9
3.2
-99
4.7
0
0
0
0
0
0
0
0
0
0
9.4
2.6
0
5.7
5.7
23.5
0.2
0
0
35.6
5
-99
0
9.2
36.3
6.3
0.2
0
2
14.6
0
27.3
3.6
4.1
0.7
5
4.4
0
0
0
7.3
0
2.7
3.2
0
1.9
0
0
0.3
0
0
0
0
0
0
0
0
-99
0
0
0.4
13.4
0
0.4
0
0.9
4.8
0
0
1.7
0
0
0
0
0.4
0.2
-99
0
0
6.8
1
0
0
0
0
0.1
0
0
0
0
0
0
0
0
0
0
0
0
0
0
4.4
0
0
0
0
0
0
4.6
0
0
0
0
0
0
0
0
0
0
0
0
0
0
0
0
0
0
0
0
0
0
0
0
0
0
0
0
0
0
0
-99
0
1
0
0
0
-99
0
0
0
0
0
0
0
0
0
0
0
0
0
0
0
0
0
-99
-99
0
0
0
0
0
0
0
0.3
0
0
0
0
0
0
0
0
0
0
-99
0.3
0
0
0
0
-99
0
0
0
0
0
0
-99
0
0
0
0
0
0
0
0
0
0
0
0
1.3
0
0
0
0
0
0
0
0
0
0
0
0
0
0
0
0
0
0
-99
0
0
0.1
0
0
0
1.3
0
0
0
0
0
0
0
0
0
0
0
0
0
0
0
0
0
0
0
0
0
0.5
0
0
0
0
0
3.5
0
0
0
0
1.4
0
0
0
0
0
0
0
0
0
0
0
0
-99
0
0
0
0
0
0
0
0
0.9
0
0
0
0
0.2
1
0
0
0
29.5
2.4
0
0
6.1
1.3
0
0
3.7
0
0
0
0.1
0
0
0
0
10.7
14.9
16
0
0
0
-99
0
5.5
7.5
0
0
6.4
4.2
0
2
0.3
2.3
1.5
11.9
0.2
0
0
0.9
0
0.3
-99
0
-99
1.7
0.5
5.3
2.6
0
0
60.8
0
0
0
0
0
6.6
0
0
0
0
15.1
0
5.6
0
0
0
0
30.7
21.2
0
0
0
0
0
2.1
0.6
8.2
0.1
0
0
6.8
0
5.7
8.7
2.9
0.4
0
0
-99
0
0.3
0
-99
-99
4.8
0
0
3.4
0
0
0
0
0
0
0
1
0
1.9
0
2.2
1.8
0
0
0.5
0
0
0
0
0
0
21.1
0.4
0
2.2
0
0
0
0.5
0
0
0
0
0
0
0
0
0
5.3
0
0
0
0
1
0
0
0
0
0
0.4
0
5.9
0
9.2
1.4
0
0.4
0
0
0
0
0
0
0
5.7
4.6
0
0
0
0
0
0
0
0
0
0
0
0
0
-99
0
0
0
0
0
0
0
0
-99
0
0
0
0
0
0
0
0
0
0
0.3
0.4
0
0
0
0
0
0
0
0
0
-99
0
0
0
0
0
0
0
0
0
0
0
0
0
-99
0
0
0
0
0
0
0
0
0
0
0.2
0
0
0
0
0.1
0
0
0
0
0
0
0
0
0
0
0
0
0
0
0
0
0
0
0
0
0
0
0
0
0
0
0
0
0
0
0
0
5.9
0.5
0
0
0
0
0
0
0
0
0
0
0
0
0
0
0
0
0
0
0
0
0
0
5.4
10.6
0
0
0
0
-99
0
0
0
0
0
0
0
0
0
-99
0
0
0
0
0
0
0
0
0
6.7
-99
0
0
0
0
0
0
-99
0
0
0
0
0
2.4
0.7
0
0
1.1
0
0
0
0
0
0
0
0
0
0
0
0
0
-99
0
0
0
0
0.1
0
0
0
0
0
0.6
0
0
0
7.5
0.9
5.4
0
0
0.3
0
3.6
2.1
2.8
0
0
0
3.1
0
0
9.5
0.4
0
0
0
0
0
0
0
0
0
0
-99
8.3
0
0
0
0
0
0
0
0
0
0.2
4
8.1
0
0
0
2.8
0.2
0
-99
23.7
0
8.4
1
5.2
11.3
11
3.9
0
0.6
-99
0
0
0
2.2
35.1
0
0
0
0
0
0
0
0
0
0
0
0
20.8
7.1
0
0
40.7
0
0
2.1
2.5
0
0
0
1.6
7.4
0
0
0
0
0
0
0
0
0
0
0
0
0.8
0
0
0
0
0
0
-99
0
0
0
0
0
0
0
0
4.4
-99
-99
0.1
0
0
0
12.6
8.4
0
0
0
0
0
0
3.2
0
0
0
0
0
0
0
0
0
7.5
0
0
0
0
0
0
2.4
0
0
0
0
0
0
0
0
0
0
1.1
0
0
4.5
1.3
0
0
-99
0
0
0
0
0
0
0
2.9
0
0
0
0
0
9
0
0
0
0
0.2
0
0
0
0
0
0
0
0
0
0
0
0
0
0
0
0
0
0
0
0
1.3
0
0
0
0
0
0
0
0
0
0
0
0
0
0
0
0
0.2
-99
0
0
0
0
0
0
0
0
0
0
0
0
0
0
0
0
0
0
0
0
0
0
0
0.1
0
0
0
0
0
0
0
0
0
0
0
0
0
0
0
0
0
0
0
0
0
0
0
0
0
0
0
0
0
0
0
0
0
0
-99
0
0
0
0
0.2
1.6
0
0
0
0
0
0
0
0
0
0
0
0
0
0
0
0
0
0
3.6
0
0
0
0
0
-99
1.2
3.1
0.2
0
6.7
1.3
0
0
0
1.3
0
2.2
0.9
7
0
0
0
0
0
-99
0
0
0
2
2.7
12.7
0
3.1
1.7
-99
-99
0
0
0
0
0
3.5
0
0
0
0
0
-99
1.5
7.3
4.4
0
0
0
0
0
0
0
0.3
0
0
0
0
0
0.4
-99
0
0
0
0.6
-99
8
-99
-99
0
-99
2.4
0
0
0
1
0
0
0.5
0
0
2.9
3.9
2.1
-99
0.2
0
13
0.6
17
0.5
9.2
3.7
6.9
20.4
8.1
4.3
0
0.1
10.2
0.2
0
0
0
0
0
0.3
0
3.3
14.1
0
0
3.7
0.2
0
0
0
0
0
-99
-99
0
0
15.7
0
8.2
12.7
0
0
0
0
0
0
0.6
11.9
17.5
26.8
7
0
0
0
0
1
0.3
1.8
0
3.4
0
0
0.1
4.6
16
0
0
0.2
7.3
0
0
0
0
4.3
1.3
-99
13.1
0
2.2
3.5
0
0
0
5.3
0.1
2
-99
0
0
6.1
1.8
5
0
0
0
0
0
0
0
0
0
3.3
0
4
23.2
0
0
0
3.5
0
0
0
1.1
0
0
0
0
0.2
0
0
0
0
8.6
0
0
0
0
0
1.7
0
0
-99
0
0
0
0
0
0
0
0
0
0
0
2.6
0
0.1
0
0
0
0
0
0
0
0
0
0
0
0
0
0
0
0
0
0
0
0
0
0
0
-99
0.7
0
-99
0
0
0
0
0
0
0
0
1.7
0
0
0
0
0
0.5
0
0
0
0
0
0
0
0
0
0
0
0
0
0
0
0
0
0
0
0
0
0
0
0
0.1
0
0
0
0
0
0
0
0
0
0
0
0
0
0
0
0
0
0
0
0
0
0
1.8
0
0
0
0
0.1
0.2
0
0
0
0
0
0
0
0
0
0
0
0
-99
0.3
0
0
0
0
0
0
0.8
0
0
0
0
0
0
0
0
0
0
0
0
0
0
0
1.1
1.3
0.8
-99
0
0
0
0
0
0
0
0
0
0
2.1
0
0
0
3.3
0
0
-99
5.2
3.3
0
0
9.8
1.3
0
0
0
0
0
0
3.6
0
0
0
0
0
0
0
6.2
0
0
0
0
0
0
0
0
0
0
0
25.3
-99
0
0
0
0
0
3
0
0
0
0
0
0
0
0
5
0
19.1
8.2
0
0
1.2
0.3
0.3
3.9
3.3
0
0.8
5
0
0
0
0
0
0
-99
-99
0
2.9
0.3
1.8
0
0
9.3
9.6
2.7
0
0
0
0
3.5
0
15.9
0
0
0
5.3
0.1
2.5
8.9
0
0
55.9
16.6
0.1
0
0
0
0
14.7
0
0
0.1
0
0
0
0
0
0
0
-99
0
0
0
0
0
2.1
26.2
0
2.6
0
0
0
0
0
0.7
0
3
0
0
7.5
0
0
0.8
-99
0
5.1
3.9
0
0
0
0.1
0
0
0
0
0
6.2
0.9
0
0
1.8
0
0
0
0
1.4
5.4
0
0
0
0
3
0
0
0
0
0
0
1.5
0
0
0
0
0
0
0
4.1
0
2.5
0
1.7
0
0
0
0
0
0
0
0
0
2.5
0
0.2
0
0
0
0
0
0
0
0.4
0
0
4.1
0
0
0
0
0
0
0
0
0
0
0
0
0
0
0
0
0
0
0
0.3
0
0
0
0
0
0
0
0
-99
0
0
0
0
0
0
0
0
0
0
0
0
0
-99
0
0
0
0.4
0
0
0.2
0
3.5
0.9
0
0
0
3.2
-99
0
0
0
0
0
0
0
0
0
0
-99
0
0
0
0
0
0
0.3
0
0
0
0
0.2
0
0
0
0
0
1.5
0
0
0
0
0
0
0
0
0
0
0
0
0
0
0
0
0
0
0
2.7
0.2
0
0.5
0
2.3
0
0
0
0.8
0
0
-99
0.4
0
4.1
0
0
0
0
0
-99
0
0
0
0
0
0
0
0
0
3.5
1.8
0
0
0
0
0.2
0
0
-99
0.3
0
-99
6.2
0
0
0
0
0
0
0.5
0.1
0
0
0
0
2.9
0.2
0
0
0
0
0
0
0
0
23.6
0
4.2
0
5.1
3.2
0
0
0
0.8
0.1
0
0
24.2
0
0
0
0
0
1.1
0
0.1
5.8
21.5
1.7
0
0
0.1
0
0
0
0
0
0
0
0
0.5
0
0
4.5
-99
0
18.2
9.1
-99
-99
0
0
0
0
0
0
0
0
0
0
0.1
8.9
0
0
0
0
0
0.6
0
0
-99
29.8
3.5
0
0
15.5
0.1
2.3
0
0
0
0
0
0
-99
0.2
1.1
0
25.9
0
10.3
15.9
0
0
1.5
12.8
0
0
5.8
4.5
11.7
0
0
0.1
0.8
0
0
0
0.7
5.1
8.2
0
12.6
1.3
0
0
0
0
0
0
-99
0
0
0
0
0
0
0
0
0
0
0
0
0
0
7
0
2.4
14.1
29.5
27.8
0
12.5
20.8
0
0
2.3
4.2
0
0
0
0
0
0
23.9
0.9
0
0
0
0
0
0
13.3
28
0
0
0
0
0
0
3.8
3.8
0
0
0
-99
3.2
0
0
0
0
0
0
0
0
0
0
0
0
0
0
0
0
0
1.1
-99
0
0
0
0
0
0
0
0
-99
0
0
0
0
0
0
-99
0
0
0
0
0
0
0
0
0
0
0
0.2
0
0
0
0
0
0
0
0
0
0
0
0
0
0
0
0
0
0
0.1
0
0
0
0
0
0
0
0
0
0
0
0
0
0
0
0
0
0
0
0
0
0
0
0
0
0
0
0
0
0
0
0
0
0
0
0
0
0
0
0
0
0
0
-99
0
-99
0
0
0
-99
0
0
0
0
0
0
0
0
5.4
0
0
0
0
0
0
-99
0
0
0
0
0
0
0
0
0
0
0
0
-99
0
0
0
0
0
0
0
0
0
0
0
0
0
0
0
0
0
0
-99
-99
0
0
-99
0
0
0
0
0
0
-99
0
0
0
8
0
0
0
0
2.3
0
0
13.2
-99
0
0
0
1.9
16.5
0
0
0
0
0
0
0.2
0
0
0
0
0
0.5
0.3
0.1
0
0
0
0
7.1
3.1
0
0.4
10.8
3
0
0
0.3
0
0
0
0.2
3.6
0
0
7.8
7.4
0.4
0
0.3
31.3
3.4
0.1
0
0
0
0
3.7
5.8
0
0
0
0
0
0
1.7
7
0.1
0
0
40.1
0.1
0.4
0.8
0.1
0
0.9
0.5
0
0.1
10.1
0.5
-99
27.6
1.7
2.1
0.5
3
0
1.7
74.4
0.4
0
0
2.3
0.3
0
0
0
0
0
0
0
0
0
0.6
0
0
0
0
22.3
30.2
0.6
0
0
0
0
0
-99
0
38.5
1.7
0.4
0
0
0
0
0
0.1
0
7.3
-99
0
0
0.4
0
0
0
0.2
0.2
0
0
5.5
2.2
0
0
0
0
0
0
0
0
0
0
0
0.3
0
0
0
0
0
0
0
0
0
0
0
0
0
0
4.4
0
0
0.8
0
0
0
0
0
0
12.8
0
0
0
0.6
0
0
0
0
2.1
0
0
0.4
0
0
0
0
0
0
0
0
0
0
0
0
2.4
0
-99
0
0
0.5
0
0
0
0
0
0
0
0
0
0
0
0
-99
-99
0
0
0
0
0
0
0
0
0
0
0
0
0
0
0
0
0
0
0
0
0
0
0
-99
0
0
0
0
0
0
0
0
0
0
0
0
0
0
0
0
-99
0.3
0
0
0
0
0
0
0
0
0
0
0
0
0
0
0
0
0
0
0
0
0
0
0
0
0
0
-99
0
0
0
0
0
0
0
0
0.9
0
0.2
0
0
0
0
0
1.2
0
0
0
2.2
-99
0
0
0
0.5
0
0
0
0
0
-99
0.8
1.3
0
0
0
0
1.9
0
0
0
0
0
0
-99
0.6
0
-99
0
0
0
0
0
0
0
0.7
0
0
0
0
0
0
0
0
0
0
0
0
0
38.5
0
0
0
0
0
0
0
0.7
0
0
0
0
-99
0
-99
0
12.5
0.1
2.6
0
0
0
0
0
1.1
0
0
0
0
0
0
0
0
0
10.4
-99
0
12
0
0.4
-99
0
0.2
0
0.1
10.7
0.2
0
1.2
34.9
7.9
8.5
0.4
0
-99
0
31.8
2
32.1
0
36.2
6.4
0
0
0
0.1
0
0
0
0
0
0
0
0
0
0
5.5
25.1
1.8
0.8
0
0
0
0
0
0
-99
19.2
34.3
0
0
-99
0.7
0
11.2
-99
0
15.7
9.8
0.3
0
0
0
0
0
0.1
0
0
0
0
0
1
-99
0
0
0
0
0
0
0
0
0
0
0
0
0
0
0
0
0
34.8
0
0
0
0
0
0
0
0
5.3
6.8
0.5
0
0
0
0
0
0
0
1.3
0.3
0
0
4.6
0
7.2
0
0
0
0
0
0
0
0
0
0
0
0.9
0
0.1
0
0
0
0
7.7
0
0
0
0
9.9
2.5
0
0
0
0
0
0
0
0
0
0
0
0.8
8.1
0.4
0
0
0
0
4.1
1.2
0
0
0
0
1.1
0
0
0
0
0
1.7
0
0
0
0
0
0
0
0
-99
0
0.2
0
0
0
0
0
0
-99
-99
-99
0
1.7
0
0.1
0
0
-99
0
2.7
0
0
0
0
0
0
0.2
-99
0
0
0
0
0
0
0
0
0
0
0
0
0
0
0
0
0.1
0
0
0
0
1.3
0
0
0
0
0
0
0
0
0
0
0.1
0
0
-99
0
0
0
0
0
-99
0
0
0
0
0
0
0
0
0
0
0
0
0
0
0
0.9
0
0
0
0
0
0
0
0
0
0
0
0
0
0
-99
0
0
0
0
0
0.1
1.7
0
0
0
1.2
0
0
-99
0
0
0
0.8
-99
5.4
0
0
3.9
1.2
0
0.1
0.3
0.1
0.2
0
0
0
0
0
0
4.3
0
0
0
0
0.2
3.6
0
0
0
0
0
0
0
0
-99
2.2
0
0
0
0
0
2.9
0
0
0
0
0
0
0
0
0
0.4
0
0
0
0
0.3
0
0
-99
0
0
0
0
0
1.4
0
0
0
2.9
3
0
10.5
0
6.3
0
0
0
0
32.6
0
2
0
0
0
0.4
4.3
2.3
3
4.4
4.7
3.9
2.9
0
3.4
11.4
0
1.9
0
0
2.2
4.3
2.3
0
0
0
0
0
37.8
0.3
0
0
-99
0
0.4
9
0
0
0
0
7.3
0
0
0
0.3
1.4
0
2.3
28.7
0
0
6.6
0.5
0.4
0
0
10
0.5
0.2
0
55.1
0
0
0
1.7
0.5
0
0
0
2.7
0
0
29.9
0.1
0
8.7
0
0
0
-99
16
0.8
0
0
0
0
0
0
14.3
0
0
-99
2.2
2
2.6
0
0
0
0
0
0
0
0
0
0
0
15.2
0
0
0
0
0
0
0
0
0.6
0
0
2.4
0
0
0
0
0
0.1
0
0
8.2
0
0
0
0
0
0.1
0.8
0
0
0
0
0
0
-99
0.1
0
0
0
0
0
0
0
0
0
0
0
0
0
0
0
0
0
0
-99
0
0
0
0
0
0
0
0
0
0
0
0
0
0
0
0
0
0
0
0
0
0.5
0
0
0
0
0
0
0
0
0
0
0
0
0
0
0
0
0
0
0
0
0
0
0
0
0
0
0
0
0
0
0
0
0
0
0
0
0
0
0
0
0
0
0
0
0
0
0
0
0
0
0
0.2
1
0
0
0
0
-99
-99
0
0
0
0.7
0.1
0
-99
0
0.1
0
0
0.4
0
-99
-99
0
0
0
0
0
0
0
0
0
0
0
0
0
0
0
0
0
0.1
0
0
0
0
0
0
0
0
7.3
1
0
0.1
0
0
0
0
0
0
0
0
0
0
1.3
0.9
0
0
0
0
2.3
0
3.1
0
0
0
0.2
0
0
3.5
0
0
0
0
7.1
5.3
0.9
0.3
0
0
0
0
5.3
0
16.3
0.8
0
0
0
0
1.2
0.8
3.1
0
0
0
0
7.4
0.2
0
0.1
0
0
0
0
1.5
0
0
0
0
39.9
0.3
-99
5.8
2.2
0.5
17.1
3.6
0
2.9
0.3
12.5
0.2
1.5
0.5
0.1
3.1
2.9
0
1.6
0.1
0
0.1
0
0
2.9
2
0.8
0
0
0
0
3.1
0
0
0
6.4
-99
0
0
2.2
3.7
0
0
0
7.2
0
0
0
0
0
12.8
0
0
24.1
0
0
0
0
29.5
0
0
0
0
4.9
0.4
0
0
10.6
0.3
0
0
0
2.5
0
1.9
-99
0
5.1
9.2
0
0
0
0
0
0
5.3
0
23.3
0.2
0
0
0
0.2
0
0
0
0.1
5.4
0.5
0
0
0
0
0
0.2
0.1
0
0
14.1
0.8
0
8.2
0
0
1.7
0
0.6
0.1
0
23.8
0
0
0
0
0
0
0
0
0
0
0
0
0
0
0
0
0
0
0
0
0
0
0
0
0
1.4
0.1
0
0
0
0
0
0
0
0
0
0
0
0
0
0
0
0.1
0
0
0
0
0
0
0
0
0
0
0
0
0
0
0
0
0
0
0
0
0
0
0
0.7
0
0
0
0
0
0
0
0
0
0
0
0
0
0
0
0
0
0
0
0
0
