20050101
0
0
0
0
1.5
-99
0
0
0
0
0
0
0
0
0
0
0
0
0
0
0
0
0
0
0
0
0
0
0
0
0
0
0
0
0
-99
0
0.6
0
0
0
0
0
0
0
6.9
0.8
0.1
1
0
0
0
0
0.5
0.1
0
0
0
0
0.2
0
0
0
0
0
0
0
0
0
0
0
0
0
0
0
0
0
0
0
-99
0
0
0
0
0
0
0
0
0
0
0.3
-99
0
0
0
0
0
4.2
11.6
0
0
0
0
0
0
0
0
0
0.9
0
0
0
0
0
0
0
0
0
0
-99
0
0
0
0
10.4
0
0
0
0
0.5
0.1
0
-99
0
0
6.8
31.5
0
0
0
2.6
-99
0
0
-99
0
-99
0
1
0
15.5
0.6
0
0
0
8.4
3.3
-99
4.9
0.9
0
0
0.9
4.1
-99
0
0
-99
0
0.3
0
0
0
0
0.1
-99
24.9
5.4
-99
12.6
0
0
-99
0
-99
0
0
0
0.1
8.3
0.2
28.3
0
0.5
0.1
6.8
0
-99
0
0
0
0
-99
40.5
1.8
0
0
1.1
0
0
-99
8.4
0
-99
28.5
0
32.8
0
0
1.2
9.8
2.9
0
4.2
0.1
1.3
1
38.4
3.2
0
0
0
0
0
0
0
0
0
0
0
0
0
0
0
0
0
0
0
0
0
0
0
0
0
0
-99
0
8.7
6.7
0
0
0
-99
-99
0
-99
0
0
0
0
0
9.1
0
0
0
0
0
0
1
0.1
0
0
0
0
0.4
-99
0
0
0
0
0
0
-99
0
0
0
0
0
0
0.3
0
0
0
0
0
0
0
0
-99
0
0
0
0
0
0
0
0
0
0
0
0
0
0.4
0
0
0
0
0
0
0
0
0
0
0
0
0
1
0
0
0
0
0
0
0
0
0
0
0
0
0
0
0
0
0
0
0
0
0
0
0
0
-99
-99
0
-99
0
0
-99
-99
0
0
0
0
0
0
-99
0.6
0
0.1
0
0
-99
0
0
0
0
0
0
0
0
0
0
0
0
0
0
0
-99
0
0
0
4.9
0
0
0
0
0
0
0
0
0
0
0
0
0
0
0
0
0
0
0
0
0
0.7
0
0
0
0
0
0
0
0
0
0
0.1
0
0
0
0
0
0
0
0
0
0
0
0
0
0
-99
0
0
0
0
0
-99
0
0
0
0
0.4
0
0
0
0
0
-99
0
0
0
0
0
-99
0
0
0
-99
0
0
0
0.6
0
0
0
0
0
0
0
1.4
-99
0
0
0
3
0
0.2
1.6
0
0
0
0
0.5
-99
0
-99
4
0
0
0
10
3.2
26.4
0
0
-99
0
0
-99
1.6
0
0
0
1.6
0
-99
0.1
-99
0.6
5.5
0
0
0
0
0
-99
-99
0
0
0
13.3
0.8
-99
-99
1.6
1.8
8.2
11.8
0
0
0
0.8
0
0
-99
1.7
10.1
0
38.6
24.3
2.2
0
-99
0
7.6
0
0.9
0
0
0.4
13.7
4.1
11.8
-99
0.4
-99
-99
26.6
1.4
0.9
-99
0.7
0
0
0
0
1.5
3.6
-99
0
34.1
0.2
-99
0
0
0
0
0
0
0
0
0
1.5
2.5
0
0
-99
1.1
0
0
0
-99
-99
0
0
0
-99
0
0
0
0
0
0
-99
0
0
0
0
0
0
0
0
-99
1.1
0
0
0
0
0
0
0
0
0
0
0
-99
12.6
0
0
-99
0
0
0
0
0
0
0
0
0
1.9
0.5
0
-99
0
0
0
0
0
0
0
0
0
0
0
0
0
0
0
0
1.7
0
0
0
0
0
0
0
0
0
0
0
0
0
0
1.9
0
0
0
0
0
0
0
0
0
0
0
0
0
0
0
0
0
0
0
0
0
0
0
0
0
0
0
0
0
0
0
0
0
0
2.7
0.3
0
0
0
0
0
0
0
0
0
0
0
0
0
0
0
0
0
0
0
0
0
0
0
0
0
0
0
0
0
0
0
0
0
0
0
0
0
-99
0
0
0
0
0
0
0
0
0
0
0
0
0
0
0
0
0
0
0
0
0
1.1
0
9
26.6
0
0
0
0
0
0
0
0
0
0
0
0
0
-99
3.2
0
0
0
1.2
0
0
0
0
0
2
0.3
0
0
0
0
0
0
0
0
0
0
0
0
1.6
-99
0
0
-99
0
0
0
0
0.4
0
-99
0
0
0
0
0
0
-99
0.9
0
0
0
0
0
0
0
-99
0
1.5
0
0
0
-99
0
0
0
0
0.3
0
33.4
9.4
-99
0
0
0
0
0
-99
3
0
-99
0
0
0
0
0
0
0
0
0
0
0
0
0
0
0
0
1
0.7
0.1
0
-99
0.4
-99
-99
21.4
-99
1.6
20.9
30.8
0
-99
0
0
0
5.6
4.5
0.3
0
0
0
-99
10.2
0
0
0
9.1
0
0
0
0
0
0
0
0
0
4.9
0
13.6
37.2
3.2
41.2
0
0.7
-99
-99
6.8
0
0
0
0
38.9
3.2
0
0
0.1
0
0
0
0
0
0
0
0
0
9.5
0
-99
-99
0
0
0
-99
0.2
0
0
0
0
0
0
0
0
0
7.1
7.6
0
0
7.9
23.4
0
0
0
0
0
0
0
-99
3.9
0
0
0
10.3
0
0
5.1
13
25.2
0
0
0
0
0
0
0.9
0
0
0
0
0
0
0
0
0
0
0.6
0
0
1.3
13.5
0
0
0
0
0
0
0
0
0
0
0
0
0
0
0.5
0
0.6
0
0
0
0
0
0
0
0
0
0
0
0
0
0
0
0
0
0
0
0
0
0
0
0
0
1.9
0
0
0
0
0
0
0
0
0
0
0
0
0
0
0
0
0
1.1
0
0
0
0
0
0
0
0
0
0
0
0
0
0
0
0
0
0
0
0.1
0
0
0
-99
0.1
0
0
0
0
0
0
0
0
0
0
0
0
0
0
0
0
0
0
0
0
0
0
0
0
0
0
0
0
0
0
0
0
0
0
0
0
0
0
0
0
0
0
0
0
0
0
0
0
0
0
0
0
0
0
0
0
0
-99
4.7
-99
-99
0
0
0
0
5.4
1.5
0
0
0.3
0
0
0
0
1.1
0
-99
0.5
0.5
7.2
-99
0
0
0
0
0
0
0
29.4
22.3
1.5
0
0.8
0
0
0
0
0
0
0
-99
38.9
0
0
0
0.9
0
-99
0
11.8
0.4
0
6.5
0
0.2
4.5
0
0
0
0
0
0
0
0
0
0.9
0
0
0
0
0.3
-99
5.9
22.2
0
-99
-99
0
0
0
0
-99
0.1
19.7
0
0
47
0
0
3.7
-99
0
13.7
-99
0.5
0.5
3.2
0.9
4.7
2.9
1.6
0
0
0
27.8
0.2
0
1
0.3
0
0
0
0
0.6
33.9
0
0
8
0.1
-99
0
0
0
0
0
0
0
0
0.2
0
5.6
-99
0
0
0
0
-99
0
0
0
19.8
45.6
16.1
-99
19.9
6.4
0
0.1
-99
-99
0
5.4
0.1
0
-99
-99
0.3
0.2
0
8.4
9.8
-99
0
0
-99
1.9
-99
0
24.8
0
10.4
14.7
0
0
0
0
3.1
20.6
0
0
3.9
0
25.8
7.1
0
6.6
0
0
0
0
0
0
0
0
0
0
17.9
0
0
0.7
2
0
0
0
0.1
0
0
0.6
0
0
0
0
0
-99
9.8
0
0
0
0
0
-99
0
0
0
0
0
0
0
0
0
-99
0
0
0
0
-99
0
0
0
0
0
0
0
0
0
0
0
0
0
0
0
0
0
0
0
0
0
0
0
0
0
0
-99
0
0
0
0
0
0
0
0
0
0
0.1
0
0
0
0
0
0
0
0
0
0
0
0
0
0
0
0
0
0
0
0
0
0
0
0
0
0
0
0
0
0
0
0
0
0
0
0
0
0
0
0
0
0
0
0
0
0
0
0
0
0
0
0
8.6
2.6
0
0
0
0.5
0.9
5.4
0
0
0
0
0
0
0
0
0
0
0
0
-99
1.2
0
0
0
0
0
0
0.8
0
0
0
0
0
0
0
0
0.3
0
0
5.1
0
0
0
0
-99
-99
0
0
0
0
0
0
0
0
0
0
0
0.1
0
-99
-99
0.5
0
0
0
10.3
-99
0
0
4.3
16
0
0
0
0
0
1
0.8
0
0
0
0
0
0
0
5.9
-99
0
0
0
0.2
-99
0
-99
0
0
0
1.4
6.1
0
0
0
0
0
0.3
0
0
0
0
0
0
-99
0
3.8
0
57.7
0.2
0
0
0
-99
0
0
26.5
0.7
4.4
2.2
0
0
-99
-99
0
0
0
-99
0
0
0
0
0
0
0
3
25.7
0
5.2
0
0
-99
4.8
54.7
1.3
0
-99
58.4
0
0
5
0
8.4
10.7
0.9
0
0
0
0
0
0
18.5
19.2
0.3
0
0
-99
0.7
0.2
0.1
14.1
0.1
0
0
0
0
0
0
4.3
0
21
0
0
0
0
-99
0.5
0.1
-99
0
0
0.3
0
0
0
0
0.4
1.8
6.8
3.7
0
0
-99
0
0
0
0
0
0
0
-99
0
5.1
0
0
0
0
0
5.2
0.3
0
-99
0
0.2
0
0
0
0
0
0
-99
0
0
-99
-99
0
0
0
0
0
0
0
0
0
0
0
0
0
-99
0
0
0
0.8
4.9
15.7
0
0
0
0
0
0
0
-99
5.3
0
5.1
0
0
0
0
0
0
0
0
0
0
0
0
0
0
0
0
0
0
0
0
0
0
0
0
0
0
0
0
0
0
0
0
0
0
0
0
0
0
0
0
0
0
0
0
0
0
0
0
0
0
0.4
9.9
0.1
0
0
0
0
0
0
0
0
0
0
0
0
0
0
0
0
0
0
0
0
0
0
0
0
0
0
0
0
0
0
0
0
0.3
1.8
0
0
0
0
0
0
0
0
0
0
0
0
0
0
0
0
0
0
0
-99
0.5
3.1
0
0
-99
-99
0
0
2.8
-99
0
0
0
0
8.2
0
0
0
0
0.1
0
0
0
0
0
2.9
0
0
0
-99
4.4
0.7
0
0
0
0
0.6
-99
0
0
0
0
1.1
0.1
0
0
0
0
0
0
1.1
0
-99
3.7
0
0
9.1
1.8
0
0
0
0
0
0
0
4.7
5.2
0
0
0
1.1
0
0
0
0
-99
-99
0.1
0.6
11.4
-99
0
0
0
0.3
-99
0
0
0.3
5.5
0
0.3
-99
6.5
41.9
0
0
0
0
0
0
0
1.5
0
-99
0.4
10.4
0
2.8
25.2
0
0
0
-99
-99
0
0
0
0
-99
-99
0
0
2.6
0
0
0
0
0
-99
0
7.5
9.5
0.4
-99
0.7
0.1
3.4
0
0.1
0
6.2
3.5
0
0
0
0
0
0
0
0
-99
-99
-99
0.1
0
0
25.9
0
0
0
2.8
0
0
0.1
0
-99
0
0
0
0
2.7
38.8
0
78.9
1
0
0
0
0
0
0
0
0
27.5
24.6
0
1.1
0
0
0
-99
0
0
0
0
0
0
0
0
0.1
8.8
21
0.3
0.1
24.8
0
0
0
0
-99
0
0
0
0
0
23.1
0
0
0
0
0
0
0
3.3
21.8
0
0
0
0
0
0
3.1
-99
0
0
0
0.4
7.3
0
0
0
0
0
0
0
0
0
0
0
0
0
-99
0
0
0
0
0
0
0
0
0
0
0
0
0
0
0
0
0
0
0
0
0
0
0
0
0
0
0
0
0
0
0
0
0
0
0
0
0
0
0
0
0
0
0
0
0
0
0
0
0
0
0
0
0
0
0
0
0
0
0
0
0
0
0
0
0
0
0
0
0
0
0
0
0
0
0
0
0
0
0
0
0
0
0
0
0
0
0
0
0
0
0
0
0
0
3.5
0
0
1.6
0
0
0
0
0
0
0
0
0
0
0
0
4.5
2.7
0
0
0
0
0
0
0
0
0
0
0
0
0
0
0
0
0
0
0
0
0
0
0
0
0
0
0
0
0
0
0
0
2.6
3.4
0
0
0
0
0
0
0
0
0
0
0
0
0
0
-99
0
0
0
2.7
5
-99
0
-99
-99
0
-99
1.6
0
0
0
0
-99
-99
0
0
13.4
3.4
0.5
0
0
0
0
0
0
0
0
-99
0
0
0
0
0
0
0.6
0
0
0
3.9
-99
0
0
0
0.1
0
0.1
6.8
12
0
-99
14.4
0
0
0
2.3
0.8
0
0
0
0
0
-99
69.8
11.1
0
0
0
0
0
-99
21
0.3
0
0
0
0
10.5
0
0
0
0
0
0
1.4
13.6
-99
13
-99
1.3
32.7
1.4
-99
0
38.2
48
0
6.4
-99
30.2
47.7
0
0
0
0
0
0
0
1.8
0
8.6
1.5
0
0
0
65.5
13
8.9
0.5
0.1
0
0
0
0
0
0
-99
71.4
0
0
0
0
0
23.2
0
0
0
0
0
0
5.7
4.7
13
0
0
0
0
0
16.7
0.7
0
0
0
0
0
0
0
0
0
0
0
0
0
0
0
0
0
0
0
0
0
-99
0
0
0
13
15
-99
0
0
0
0
0.1
0
0
0.6
0
0
-99
0
0
0
0
0
-99
0
-99
-99
0.3
0
0
-99
0
0
0
0
0
0
0
-99
12.1
-99
8.8
0
0
0
0
0
0
0
0
0
0
0
0
2.7
0
0
0.2
-99
-99
0
0
0
0
0
0
0
0
0
0
0
0
0
0
0
0
0
0
0
0
0
-99
0
0
0
0
0
0
0
-99
0.1
0
0
0
0
0
0
0
0
0
0
0
0
0
0
0
0
0
0
0
0
0
0
-99
0
0
0
0
0
0
0
0
0
0
0
0
0
0
0
0
0
0
0
0
0
0
0
0
0
0
0
0
0
0
-99
0.2
0
0
0
0
0
0
0
0
0
0
0
0
0
0.1
0
8.6
0
0
0
0
0.3
0
0
0
0
0
0
0
0
0
0
0
0
0
0
0
0
0
0.1
0
0
0
0
0
0
0
0
8.9
1.2
16.6
0
0
26.7
-99
0
0
0
0
0
0
0
0
0
0
0
0
0
0
0
-99
5.3
13.6
8.2
0
0
0
0
0
1
0
0
0
0
-99
0
0
0
2.1
0
1.1
0.6
0
1.3
0
0
-99
0
-99
17.9
0.4
0
0
0.6
0
0
-99
0
-99
0
0.1
0
7.7
0
8.6
41.6
1.6
0
5.3
18.1
0
0
0
0
0
11.2
4.6
0
-99
29.9
13.1
5.4
10
0
0
0
0
0
0
0
0
79.2
81
0
-99
0.7
1.6
0.5
3.3
0
0.1
43.5
21.7
0
0
0
0
0
0
-99
0
0
4.6
26
6.4
0.5
0
0
0
0.1
0
0.4
0.2
0
0
0
0
0
0
0
0
0
0
-99
63.6
0
0
0
2.3
8.9
0.2
0
0
0.6
0.7
0.3
0
0
0
0
0
0
0
0
0
0
-99
1
0.5
3.1
0
0
0
0
0
0
0
0
0
0
0
2.4
0
0
0
0
-99
-99
6.8
0
0
0
0
12.1
0.1
0
0
0
0
-99
0
0
0
0
0
0
22.5
48.9
0
0
0
0
0
7.4
-99
0
0
0
0
2.3
0
0
0
0
0
0
0
0
0
0
0
0
0
0
0
0
0
0
0
0
0
0
0
0
0
0.1
0
5.2
0
0.2
0
0
0
0.1
0.5
0
0
0
0
0
0
1.1
0.4
0
0
0
0
0
0
0
0
0
0
0
0
-99
0
-99
0
0.1
0
0
0
0
2
-99
0
0
0
0
0
0
0
-99
0.1
0.8
-99
0
2.6
0
0.7
0
0
0
0
0
0
0
0
0
0
0
-99
0
0
0
0
0
0
0
0.1
0
0
0
0
0
0
0
0
0
0
0
0
0
0
4.8
0
0
0
0
0
0
0.5
5.4
0
0
0
0
0
0
0
0
0
0
0
0
0
0
0.4
4.9
0
0
0.2
0
0
0
0
0
0
0
0
0
0
-99
0
0
0
-99
0
0
0
0
0
0
0
0
0
-99
0
0
0
0
-99
0.1
0
0
0
0
0
0
0
0
0
0
0
0
0
0
20.6
0
-99
1.6
1.3
0
0
0
0
-99
0
0
23.6
-99
11.4
3.3
15.1
1.1
5.5
2.4
0
0
0
1.2
0
0
0
-99
-99
4.6
0
1.4
15.8
0
0
0
5.6
0
17.2
37.6
0
-99
0
0
12.9
84.2
19.1
10.6
0
0
0
-99
31.8
0.2
0
-99
0
-99
0
0
0.1
0
0
0.5
-99
0
0.2
0
21.2
32.8
0
0
-99
9.6
0
26.5
-99
0
0
13.4
1
0
2.8
0
13.4
0
0
0
0
1.1
0.3
0.1
0
0
0
-99
17.6
0
0
0
0
0
0
0.7
1.3
1.1
0
0
0.4
0
0
0
0.6
0
0
0
0.1
0.2
0
0
0
0
0.4
0
0
0
0
0
0
0
0.9
0
0
0
0
0
0
0
0
0
0
0
0
0
0
0
0
0
0
0
0
0.1
0
0
0
0
0
0
0
0
0
0
0
0
0
0
0
0
0
0
0
0
0
0
0
0
0
0
0
0
0
0
0
0
0
0
0
0
0
0
0
0
0
0
0
0
0
0
0
0
0
0
0
0
0
0
0
0
0
0
0
0
0
0
0
0
0
0
0
0
0
0
0
0
0
0
0
0
0
0
0
0
0
0
0
0
0
0
0
0
0
0
0
0
0
0
0
0
0
0
0
0
0
-99
0
0
0
0
0
2.8
0.8
0
0
0
0
-99
0
0
0
0
0
0
-99
0
0
0
0
0
1.2
-99
0
0
0
0
0
0
0
0
0
0
0
0
0
0
0
0
0
0
0
0
0
0
0
0
0
0
0
0
-99
0
0
0.9
-99
0
0
0
0
0
0
0
0
-99
-99
0
0
0
0
0
6.5
0
0.2
-99
0
0
0.2
-99
0
13.9
0
0
0
0
-99
-99
0
0
0
0
0.5
0
0
0
25.1
-99
0
0
0
0
0
0
-99
0
0
0
0
8.1
0
0
-99
0
0
0
0
9
-99
0
-99
0
7.1
0
0.3
0
12.1
0
0
11.5
0
1.9
1.8
35.2
0
0
7.6
2.6
1.1
0
0
1.6
0
0
0
0
0
0
48.6
0
0
0
0
0.4
0
0
0
0
0
15.7
0
0
10.2
3.3
0
0
-99
0
-99
0
-99
0
0
0
0
0
41.6
0
0
0
0.5
15.4
0
0
0
0
0
3.7
0
0
19.1
0
-99
0
0
0
0
0
0.1
-99
3
0.9
0
0
0
1.4
4.4
0.2
1.4
2.2
106
0
0
0
0
0
0
0
0
0
0.4
0
0
0
0
0
0
0.4
1
0
-99
6.2
11.4
0
0
0
0
0
0
6.9
3.2
0
1.6
0
0
0
0.2
0
0
0
0.1
0
0
0
0
0
0
0
0
0
0
0
0
0
0
0
0
0
-99
-99
0
0
0
0
0
0
0
0
0
0
0
0
0
0
0
0
0
0
0
0
0
0
-99
0
0
0
0
0
-99
-99
0
0
0
0
0
0
0
0
0
-99
0
0
0
0
0
0
0
0
0
0
0
0
0
0
0
0
0
0
0
0
0
