20050101
0
0
0
0
1.6
-99
0
0
0
0
0
0
0
0
0
0
0
0
0
0
0
0
0
0
0
0
0
0
0
0
0
0
0
0
0
0
0
0.4
0
-99
0
0
0
0
0
5.5
0.1
0
0
0
0
0
0
-99
-99
0
0
0
0
-99
0
0
0
0
0
0
0
0
0
0
0
0
0
0
0
0
0
0
0
0
0
0
0
0
0
0
0
0
0
0
0
0.2
0
0
0
0
0
0
5.6
0
0
0
0
0
0
0
0
0
2.7
0
0
0
0
-99
0
0
-99
0
0
0
0
0
0
0
1.8
0
0
0
0
2.7
0
0
-99
0
0
9
23.2
0
0
0
0.7
0
0
0
0
0
0
0
0
0
0
4.5
0
0
0
0.9
2.1
0
0
12.6
0
0
0
6.5
-99
0
0
-99
0.8
1.4
0.1
0
0
0
0
37.1
15.3
14.2
0.9
74.5
0
0
-99
0
0
0
0
0
0
0
13.8
20.8
2.4
0
72.1
14.7
0
4.6
1.6
0
0
0
0.1
1.4
20.7
0
0
0.7
0
0
1.3
0
1.6
0
0.6
2.1
1.8
0.2
1
3.7
23.7
9.8
0
0
0
-99
0
125.4
36.6
0
0
0
0
0
0
2.5
0
0
0
0
0
0
0
0
0
0
0
0
0
0
0
0
0
0
0
0
0
6.5
12.1
0
0
0.5
0.6
2
0
0
0
0
0
0
0
7.4
0.1
0
0
0
0
0
-99
0.8
0
0
0
0
-99
0.1
0
0
0
0
0
0
-99
0
0
0
0
0
0
-99
0
0
0
0
0
0
0
0
0
0
0
0
0
0
0
0
0
0
0
0
0
0
0
0
0
0
0
0
0
0
0
0
0
0
0
0
0.3
0
0
0
0
0
0
0
0
0
0
0
0
0
0
0
0
0
0
0
0
0
0
0
0
0.2
0.3
0
0
0
0
0
0
0
0
0
0
0
0
0
0
0
0
0
0
0.4
0
0
0.2
0
0
0
0
0
0
0
0
0
0
0
0
0
0
0
0
4.1
-99
0
0
0
0
0
0.3
0
0
0
0
0
0
0
0
0
0
0
0
0
0
-99
0
0
0
0
0
0
0
0
0
0
-99
0
0
0
0
0
0
0
0
0
0
0
0
0
0
0
0
0
0
0
0
0.4
0
0
0
0
2.4
0
0
0
0
-99
0
0
0
0
0
0
0.6
0
0
0
0
0.3
0
0
0
0
0
0
0
0
0
0
-99
0
0
0
0
-99
0.1
-99
1
-99
0
0
0
0
0
-99
0
8.2
0
0
0
6
28
19.5
0
0
0
0
0
0
0
0
0
0
0.7
0
0
0
0
-99
9.8
0
0
0
0
0
0
-99
0
0
0
0
12.1
-99
0
0.1
8.3
2.5
0.6
0
0
0
3.9
0
0
0
0
12
0
21.3
19.1
53.6
0
0
-99
4.4
0
0
0
0
0
0.9
4.8
0
0
0
0
0.2
10.6
-99
0.8
0
37.7
0
71.5
0
0
0.9
0
0
0
0
2.4
-99
0
0
0
0
0
0.6
0.6
0
0
23.2
21.3
0
-99
1.9
0.6
0
0
0
-99
0.4
0
0
0
0.1
0
0
0
0
0
-99
0
0
0
0
0
0
0
0
0
0
0.4
0
0
0
0
0
0
0
0
0
0
0
0
3.6
0
0
0.4
0
0
0
0
-99
0
0
0
0
0.2
3.4
0
0
0.2
0
0
0
0
0
0
0
0
0
0
0
0
0
0
0
-99
0
0
0
0
0
0
0
0
0
0
0
0
0
0
4.3
3
0
0
0
0
0
0
0
0
0
0
0
0
0
0
0
0
0
0
0
0
0
0
0
0
0
0
0
0
0
0
0
0
0
0.9
0.4
-99
0
0
0
0
0
0
0
0
0
0
0
0
0
0
0
0
0
0
0
0
0
0
0
2.3
0
0
0
0
0
0
0
0
0
0
0
0
0
0
0
0
0
0
0
0
0
0
0
0
0
0
0
0
0
0
0
0
0
0
4.8
0.1
3.4
27.1
0
0
0
0
0
0
0
0
0
0
0
0
0
0.1
3.3
0
0
0
1.3
0
0
0
0
0.5
1.1
0.7
0
0
0
0
0
0
0
0
0
0
-99
-99
1.9
0
0
0
-99
0
0
0
-99
0.4
0
0
0
0
0
0
0
0
0
0
0
0
0
0
0
0
0
0.8
0
11.9
0
0
0
0
2.1
0
0
0
0
0
21
6
-99
-99
0
0
0
0
9
8.7
0.2
0
0
0
0
0
0
0
0
0
0
0
0
0
0
0
0
0
1.2
1
2.7
0
0
0
0
0.4
13.3
-99
6.2
26.5
0.7
0
0
0
0
0
0
0.2
0
0
0
0
0
0
0.5
0
0
10
0
0
0
0
0
0
0
0
0
-99
0.3
8.3
56.2
13.9
0.6
0
-99
0.3
0
0.3
0
0
1.5
0
0
0
0
0
3.3
0
0
0
0
0
0
0
0
0
9.9
5.3
0.3
0.6
0
0
0
2.8
0.7
0
0
0
0
0
0
0
0
0
-99
5.4
0
0
0
15.3
0
0
0
0
0
0
0.1
0.2
20.6
0
0
0
26.6
0.2
0.2
2.2
19.4
7.6
0.2
0
0
-99
0
0
-99
0
0
0
-99
0
0
0
0
0
0
0
0
0
-99
13.9
0
0
0
0
0
0
0
0
0
0
0
0
0
0
-99
0
-99
-99
0
0
0
0
0
0
0
0
0
0
0
0
0
0
0
0
0
0
0
0
0
0
0
0
2.8
0
0
0
0
0
0
0
0
-99
0
0
0
-99
0
0
0
0.5
0.8
0
0
0
0
0
0
0
0
0
0
0
0
0
0
0
0
0
0
0
0
0
0
0
0
0.1
0
0
0
0
0
0
0
0
0
0
0
0
0
-99
0
0
0
0
0
0
0
0
0
0
0
0
0
0
0
0
0.8
0
-99
0.1
0
0
0
0
0
0.3
0
0
0
0
0
0
0
0
0
-99
0
0
0
0
0
1.8
0
0
0
6.3
3.9
0
0
0
0
0.3
1.1
0
0
-99
0
0
0
0
1
0
0
0
0.3
4.1
0
0
0
0
0
0
0
0
23.4
19.8
0.1
0
0.1
-99
0
0
0
0
0
0
-99
1.9
0
0
0
-99
0
0
0
11.7
1
0
5
1.6
0
-99
0
0
0
0
0
0
0
0
0
0
0
0
0
0
0.3
1.6
0
0.6
0
0.3
0
0
0
0
0
0
0
5.4
0
0
2.3
0
0
0
0.8
0
24
0.8
-99
28.7
36.2
29.3
1.6
-99
10.3
0.1
0
1.4
25.8
0
0
35.3
1.8
0
0
0.6
0
0.1
58
0
0
-99
0
10
0
0
0
0
0
0
0
0
-99
-99
-99
0
0
0
0
0
0
0
0
0
0
9
55.9
-99
1.1
0.1
0
-99
0
0
0
3.5
0
0
0
0
0
0
-99
0
1.7
0
0
0
0
-99
8
0
0
0
1.8
22
0
0
0
0
0
-99
0
0
1.1
0
1.8
5.5
0
27.4
0.6
0
0
0
0
0
0
0
0
0
31
0
0
-99
2.1
0
0
0
0
0
0
0
0
0
0
0
5.1
-99
10.3
0
0
0
0
0
-99
0
0
0
0
0
0
0
0
0
0
0
0
0
0
-99
0
0
0
0
0
0
0
0
0
0
0
0
0
0
0
0
0
0
0
0
0
0
0
0
0
0
0
0
0
0
0
0
0
0
0
0
0
4.1
0
0
0
0
0
0
0
0
0
0
0
0
0
0
0
0
0
0
0
0
0
0
0
0
0
0
0
0
0
0
0
0
0
0
0
0
0
0
0
0
0
0
0
0
0
0
0
0
0
0
0
0
5.9
2.9
0
0
0
0
1.1
3.7
0
0
0
-99
1.6
0
0
0
0
0
0
0
0
2.7
0
0
0
0
0
0
5.9
0
0
0
0
0
0
0
0
0.5
0
0
3.8
0
0
0
0
0
0
0
0
0
0
0
0
0
0
0
0
0
2.5
0
-99
0
6.9
0
0
0
30.6
0
0
0
3
4.4
0
0
0
0
0
0
1.5
0
0
0
0
0
0
0
1.9
0.3
0
0
0
-99
0
0
0
0
0
0
-99
5.5
0
0
0
0
0
-99
-99
0
0
0
0
0
0
0
3.5
0
38.8
3.5
0
0
0
0
0
0
83.1
-99
25
12.2
0
0
0.1
0
0
0
-99
-99
0
0
0
0
0
0
0
0
0
0
5.9
1.1
0
0
0
0
0.1
0
1.3
25
0.9
0
2.3
0
0.5
96.8
0.1
0
0
0
-99
0
0
37.7
0
16.9
0
3.9
1.7
-99
0
0
0
0.8
0
0
0
0
0
0
20.7
0
20.4
0
0.3
1.6
0
-99
0.4
9.1
-99
0
0
0
0
0
-99
20.3
0.7
4.8
3.2
0.9
0
0
0
0
0
0
0
0
0
0
0
-99
5.2
0
0
0
0
0
4.8
10
0
0
0
1.8
0
0
0
0
0
0
0.4
0
0
-99
1.8
1.6
0
0
0
0
0
0
0
0
0
0
0
0
0
0
0
0
-99
6.6
3.9
0
0
0
0
0
0
0
-99
0.2
0
1.6
0
0
0
0
0
0
0
0
0
0
0
0
0
0
0
0
0
0
0
0
0
-99
0
0
0
0
0
-99
-99
0
0
0
0
0
0
0
0
0
0
0
0
0
0
0
0
0
0
0
0
0
-99
4.9
0.1
0
0
0
0
0
0
0
0
0
0
0
0
0
0
-99
0
0
0
0
0
0
0
0
-99
0
0
0
0
0
0
0
0
0
3.2
0
0
0
0
0
0
0
0
0
0
0
0
0
0
0
0
0
0
0
-99
1.2
2.8
0
0
-99
-99
-99
0
-99
0.4
0
0
0
0
4.6
0
0
0
0
0.3
0
0
0
0
0
0
0
0
0
0
0
0
0
0
0
0
0
0
0
0
-99
0
0.1
2.7
0
0
0
-99
0
0
-99
0
-99
0.4
0
0
1.2
3.5
-99
0
0
0
0
0
0
7.8
0
0
0
0
0.4
0
0
0
0
0
0
1.4
5
4.1
0
0
0
0
0
0
0
0
-99
2.3
0
0
0
0
3.8
0
0
0
0
0
0
0
3.3
0
0
0
7
0
0
29.6
1.2
0
0
-99
4.9
0
0
0
0
0
0
0
-99
28.7
0
0
0
0
0
0
0
33
6
0
2.4
1.3
0
0.1
0
0
0
40
13.2
0
0
0
0
0
0
0
0
0
0
-99
-99
0
0
1
4.5
0
0
4.6
0
2.4
5.3
0.5
0.2
0
0
0
0
0
14
11.2
7.8
4.9
0
0
0
0
0
0
0
0
0
0
0
0
0
0
0
-99
0
0
0
0
0
0
0
0
0
0.8
14
3
0.9
25.8
0
0
0
0
0
0
0
0
0
0
11.4
0.6
0
0
0
0
0
0
0
5.5
0
0
0
0
0
0
12.9
0.1
0
0
0
0
1.6
0
0
0
0
0
0
0
0
0
0
0
0
0
0
0
0
0
0
0
0
0
0
0
0
0
0
0
0
0
0
0
0
0
0
0
0
-99
0
0
0
0
0
0
0
0
0
0
0
0
0.1
0
0
0
0
0
0
0
0
0
1.4
0
0
0
0
0
0
0
0
0
0
0
0
0
0
0
0
0
0
0
0
0
0
0
0
0
0
0
0
0
0
0
0
0
0
0
0
0
0
0
0
0
0
0
0
0
0
0
0
2.3
0
0
1.3
0
0
0
0
0
0
0
0
0
0
0
0
0.5
5.5
0
0
0
0
0
0
0
0
0
0
0
0
0
0
0
0
0
0
0
0
0
0
0
0
0
0
0
0
0
0
0
0
0
3.5
0
0
0
0
0
0
0
0
0
0
0
0
0
0
-99
0
0
0
19.9
0
1.7
0
1.4
0.3
0
0
-99
0.5
0
0
0
8.6
0.6
0
0
5.4
21.9
1.5
0
0
0
0
0
0
0
0
0
0
0
0
0
0
0
0.5
0
0
0
4.9
2.5
0
0
0
-99
0
0
-99
-99
0
0
8.5
0
0
0
0
0
0
0
0
0
0
4
3.1
21.9
0
0
0
0
0
-99
7.3
1.1
0
0
0
0
10.7
0
0
0.6
0
0
0
3.5
16
5
0.4
0
0
5.3
0.1
0.1
0
1
44.4
0
0.8
0
3.6
80.5
0
0
0
0
0
0
9.2
0.9
0
0
5.8
0
1.8
0
0.5
3.9
60.9
-99
2.7
0
0
0
0
0.9
0
0
0.3
0.9
0
0
0
0
29
0
-99
0
0
0
0
0
5.2
23
0
0
0
0
0
-99
4
0
0
0
0
0
0
0
0
0
0
-99
0
0
0
0
0
0
0
0
0
0
0
0
0
0
13.2
0
0
0
0
0
0
0
0
0
5
-99
0
0
0
0
0
0
0
0
0
0
0.1
-99
0
0
0
0
0
0
0
0
0
0
0
13.5
1.8
2.1
0
0
0
0
0
0
0
0
0
0
0
0
-99
0
0
-99
0.4
0
0
0
0
0
0
0
0
0
0
0
0
0
0
0
0
0
0
0
0
0
0
0
-99
0
0
0
0
0
0
0
0
0
0
0
0
0
0
0
0
0
0
0
0
0
0
0
0
0
0
0
0
0
0
0
0
0
0
0
0
0
0
0
0
0
0
0
0
0
0
0
0
0
0
0
0
0
0
0
0
0
0
0
0
0
0
0
0
0
0.3
0
0
0
0
0
0
0
0
0
-99
1.2
0
4.5
0
0
0
-99
-99
0
0
0
0
0
-99
0
0
0
0
0
0
0
0
0
0
0
1.3
0.1
0
0
0
0
0
0
0
-99
0
-99
0
0
49
4
0
0
0
0
0
0
0
0
0
0
0
0
0
0
0
-99
4.1
0
0
0
0
0
0
0
1
0
0
0
0
1.7
0
0
0
-99
0
0
2
0
9.4
0
0
0
0
3
4.8
1.7
0
0
-99
3.8
0
0
0
0
0
0
0
5.3
0
17.8
1.6
0
0
0.9
28.3
0
0
0
0
8.8
23.3
0
0
0.4
13.4
9
5
6
0
0
0
0
0
0
0
0
1.8
59.6
0
0
11.2
144.7
3.2
0
0
-99
36.2
60.1
0.2
0
0.1
0
0
0
0
0
0
-99
62.2
0
4.3
0
0
-99
4.6
0
0
0.2
0
0
0
0
0
0.1
0
0
0
0
0
6.5
0
0
0
2.8
30.5
0
0
0
0
0
0
0
0
0
0
0
0
0
0
-99
0
0
16.2
5.8
6.1
0
0
0
0
0
0
0
-99
0
0
0
1.5
0
0
0
0
0
0
2.9
0
0
0
0
16.9
0.4
0
0
0
0
-99
0
0
0
0
0
0
14.4
28.5
-99
0
0
0
0
12.1
1
0
0
0
0
2
0
0
0
0
0
0
0
0
0
0
0
0
0
0
-99
0
0
0
0
0
0
0
0
-99
-99
0
0
8.8
0
0.1
0
0
0
0
0
0
0
0
0
0
0
0.8
1.7
0
0
0
0
0
0
0
0
0
0
0
0
0
0
0
-99
-99
0
0
0
0
2.9
1
0
0
0
0
0
0
0
0
0.2
0.3
0
0
4.3
0
1.2
0
0
0
0
0
0
0
0
0
0
0.1
0
0
0
0
0
0
0
0
0
0
0
-99
0
0
0
0
0
0
0
0
0
0
0
9.5
0
0
0
0
0
0
0
2
0
0
0
0
0
0
0
0
0
0
0
0
0
0
0
-99
0
0
0
0
0
0
0
0
0
0
0
0
0
0.6
1.6
0
0
-99
0
0
0
0
-99
0
0
0
0
0
0
0
0
0
-99
0.1
0
0
0
0
0
0
0
0
0
0
0
0
0
0
0
0
3.4
-99
0.3
0
0
0
0
0
0
0
0
0
0
0
35.1
23.7
0.2
2.5
0
0
0
0
0
0
0
-99
-99
16.4
0.4
0
16.8
2.7
1.2
0
0
0.1
37.5
1.1
0
11.1
0.6
0
0
0
29.2
4.5
1
0
0
0.4
-99
2.4
0
0.9
5.7
0
0
0
6.6
0
0
1.7
0.4
0
-99
0
0
13.3
0
1
0
20
0
6.7
-99
0
0
2.3
13.4
0
-99
0
-99
0
0
0
0
0
0
0
0
0
0
0
5.6
0
0
0
0
1
0
17.3
19.5
-99
0
0
0
0
0
0
1
18.3
-99
-99
4.8
0.2
0
0
0
0
26.5
0.1
0
0
0
0
0
0
1.3
0
0
0
0
0
0
0
0
0
0
0
15.7
8.6
0
0
0
0
0
0
0
0
0
0
0
0
0
-99
0
0
0
0.2
0
0
0
0
0
0
0
3
0
0
0
0
0
0
0
0
0
0
0
0
0
0
-99
0
0
0
0
0
0
0
0
0
0
0
0
0
0
0
0
0
0
0
0
0
0
2
0
0
0
0
0
0
0
0
0
0
0
0
0
0
0
0
0
0
0
0
0
0
0
0
0
0
0
0
0
0
0
0
0
0
0
0
0
0
0
0
0
0
0
0
0
-99
0
0
0
0
0
2.6
0
0
0
0
0
0
0
0
0
0
0
0
0
0
0
0
0
0
-99
1.1
0
0
0
0
0.1
0
0
0
0
0
0
0
0
0
0
0
0
0
0
0.3
0
0
0
0
0
0
0
0
0
0
0
0.2
0.1
-99
0
0
0
0
0
0
0
0
-99
0
0
0
0
0
4.4
0
-99
0
0
0
0
0
0
8.3
0
0
0
0
0
8.3
0
0
0
0
0.1
0
0
0.5
33.3
0
0
0
0
0
0
0
0
0
0
0
0
4.2
0
0
0
0
0
0
-99
7.7
0
0
0
0
23.4
1.7
4.4
0
5
0.1
0
2.2
1.2
0
0
26.8
0
0
10.6
0
0
-99
0
1.5
-99
2.4
0
0
0
-99
9.9
0
28.9
0
0
0
0
0
0
0
0
0
0
0
34.1
13.9
0.2
0
0
0
0
0
0.7
0
0
0
0
0
-99
0
-99
0
-99
2.8
4
0.1
0
0
0
0
0
0
2.1
0
0
0
31.6
0
0
0
0
-99
0
36.6
0
0
0
0
14.2
0
51.1
5.2
8
0
0
0
0
0
0
0
0
0
0.2
0
0.9
0
-99
0
0
0
0
0
0
0
15.4
0
0
1
0
0
0
3.7
6.9
0
17.1
0
0
0
0
0
0
0
0.2
0
0
0
0
0
0
0
0
0
0
0
0
0
0
0
0
0
0
-99
0
0
0
0
0
0
0
0
0
0
0
0
0
0
0
0
0
0
0
0
0
0
-99
0
0
0
-99
-99
0
0.1
0
0
0
0
0
0
0
0
0
2
0
0
0
0
0
0
0
0
0
0
0
0
0
0
0
0
0
0
0
0
0
