20050101
0
0
0
0
0.5
-99
0
0
0
0
0
0
0
0
0
0
0
0
0
0
0
0
0
0
0
0
0
0
0
0
0
0
0
0
0
0
0
0.1
0
0
0
0
0
0
0
3.8
-99
0
-99
0
0
0
0.2
0.2
0
0
0
0
0
0.8
0
0
0
0
0
0
0
0
0
0
0
0
0
0
0
0
0
0
0
0
0
0
0
0
0
0
0
0
0
0
-99
-99
0
0
0
0
0
1
8.1
0
0
0
0
0
0
0
0
0
1.6
0
0
0
0
0
0
0
0
0
0
-99
0
0
0
0
11.5
0
0
0
0
1.3
0
0
0.3
0
0
9.8
46
0
0
0
-99
-99
0
0
0
0
0
0
-99
0
0.6
1.5
0
0
0
0.5
10
0
7.2
7.1
0
0
0
5.2
1
0
0
0
0
0.4
0
0
0
0
-99
6.6
2.6
10.8
-99
28.7
0
0
-99
-99
0
0
0
0
-99
28.1
2.3
0.2
0
0.6
3.8
5.1
0
0
0
0
0
0
-99
0.9
15.2
0
0
0.8
0
0
9.7
24.6
0
0
16.1
-99
-99
-99
0
-99
94.8
2.4
0
0
0.4
0
34.5
12.8
21.8
0
0
0
0
0
0
0
0
0
0
0
0
0
0
0
0
0
0
0
0
0
0
0
0
0
0
-99
0
3.8
13.8
0
0
-99
0.1
0.2
0
0
0
0
0
0
0
2.8
-99
0
0
0
0
0
-99
1.1
0
0
0
0
0.5
-99
0
0
0
0
0
0
-99
0
0
0
0
0
0
-99
0
0
0
0
0
0
0
0
-99
0
0
0
0
0
0
0
0
0
0
0
0
0
1.6
0
0
0
0
0
0
0
0
0
0
0
0
0
1.4
0
0
0
0
0
0
0
0
0
0
0
0
0
0
0
0
0
0
0
0
0
0
0
0
0.1
0.2
0
0
0
0
0
0
0
0
0
0
0
0
0
-99
0
0
0
0
-99
0
0
0
0
0
0
0
0
0
0
0
0
0
0
0
0
0
0
0
7.4
0.4
0
0
0
0
-99
0.1
0
0
0
0
0
0
0
0
0
0
0
0
0
0
-99
0
0
0
0
0
0
0
0
0
0
1.1
0
0
0
0
0
0
0
0
0
0
0
0
0
0
0
0
0
0
0
0
0.2
0
0
0
0
0.7
0
0
0
-99
0
0
0
0
0
0
0
-99
0
0
0
0
-99
0
0
0.7
0
0
0
0
0
0
0
0.2
-99
0
0
0
0.2
-99
0
-99
-99
0
0
0
2
0
0
0
3.2
0
0
0
1.8
15.8
50.2
0
0
0
0
0
0
1.4
0
0
0
0.8
0
0
0
0
0
1.3
1.9
0
0
0
0
-99
-99
0
0
0
36
39.3
-99
18.7
0.5
13.2
1.6
3
0
0
0
1
0
0
0
7.3
54.7
0
5.5
18.8
0.8
0
0
0
9.3
0
0.5
0
0
-99
-99
10.5
3.8
0
0.5
0
0.6
12.3
14.6
5.6
0
22.5
0
0
0
0
38.5
19.6
0
0
82.2
0
0
0
0
0
0
0
0
0
0
0
6
30.8
0
0
0
0.1
0
0
0
-99
0
0
0
0
0.1
0
0
0
0
0
-99
0
0
0
0
0
0
0
0
0
0
2.8
0
0
0
0
0
0
0
0
0
0
0
0
0.9
0
0
0
0
-99
0
0
0
0
0
0
0
6.7
0.3
0
0
0
0
0
0
0
0
0
0
0
0
0
0
0
0
0
0
-99
0
0
0
0
0
0
0
0
0
0
0
0
0
0
3.6
0.5
0
0
0
0
0
0
0
0
0
0
0
0
0
0
0
0
0
0
0
0
0
0
0
0
0
0
0
0
0
0
0
0
0
1.4
0.4
0
0
0
0
0
0
0
0
0
0
0
0
0
0
0
0
0
0
0
0
0
0
0
0
0
0
0
0
0
0
0
0
0
0
0
0
0
-99
-99
0
0
0
0
0
0
0
0
0
0
0
0
-99
0
0
0
0
0
0
0
3.2
-99
4.4
27
0
0
0
0
0
0
0
0
0
0
0
0
0
0.8
2.4
0
0
0
1.1
0
0
0
0
-99
2.3
0.8
0
0
0
0
0
0
0
0
0
0
0
0
0.1
0
0
0
0
0
0
0
0
0.5
0
0
0
0
0
0
0
0
-99
0
0
0
0
-99
0
0
0
-99
0
3.8
0
0
0
-99
0
-99
-99
0
0
0
32.9
20.6
0
0
0
0
0
0
-99
6.9
0.7
0
0
0
0
0
0
0
0
0
0
0
-99
0
0
0
0
0
0.8
0.1
0.3
0
0
0.6
0.9
0
4
0
-99
8.6
26.5
0
3
0
0
0
2.2
12.6
15.8
0
55.5
0
0
0
0
0
0
98.7
0
0
0
0
0
0
0
0
0
-99
0
5
29.9
1.4
36.7
0
-99
0.3
0
1.4
0
0
0
0
0
-99
0
0
1.9
-99
0
0
0
0
0
0
0
0
17.6
-99
0
0
0
0
0
0
0.6
0
0
0
0
0
0
0
0
0
0.2
3.4
0
0
0.6
2.2
0
0
0
0
0
0
0
0
14.9
0
0
0
14.5
0
0
0.8
24.1
30.4
0
0
0
0
0
0
-99
0
0
0
0
0
0
0
0
0
0
0
0
0.1
3.6
14.5
0
0
0
0
0
0
0
0
0
0
0
0
0
0
0
0
-99
0
0
0
0
0
0
0
0
0
0
0
0
0
0
0
0
0
0
0
0
0
0
0
0
0
2.5
0
0
0
0
0
0
0
0
0
0
0
0
0
0
0
0
-99
2.9
0
0
0
0
0
0
0
0
0
0
0
0
0
0
0
0
0
0
0
0
0
0
0
0
0
0
0
0
0
0
0
0
0
0
0
0
0
0
-99
0
0
0
0
0
0
0
0
0
0
0
0
0
0
0
0
0
0
0
-99
0
0
0
0
0
3.5
0
0
0
0
0
0
0
0
0
0
0
0
0
0
0
0.1
0
0
2.5
-99
1.9
0
0
0
0
-99
1
0
0
1.1
0
0
0
0
5.4
0
0
-99
0.4
7.2
0
0
0
0
0
0
0
0
23.8
13.4
0.3
0
-99
-99
0
0
0
0
0
0
-99
14.2
-99
0
0
1.6
0
0
0
10.1
0.9
0
-99
0
0
3.9
0
0
0
0
0
0
0
0
0
0.8
0
0
0
0
0
-99
0.6
0.1
0
0
-99
0
0
0
0
0
0
35.6
0
-99
2
0.9
0
0
0
0
13
2.8
0.5
5.6
2.9
10.2
57.7
-99
14.7
0
0
11.4
16.5
1.7
0
8
0.3
0
0
6.7
0
-99
46
0
0
0
0
3.3
0
0
0
0
0
0
0
0
11.3
4.4
4.8
0
0
0
0
0
0
0
0
20
10.4
26.1
72.2
0
-99
-99
0
2.6
0
0
0
3.9
0
0
0
0
0.3
0.4
0
2.1
1.4
0
0
0
0.5
0
3.1
0
2.9
0
2.3
28.5
0
0
0
0
0
1.3
2.8
0
6.1
0
4.5
12.2
0
4.4
0
0
0
0
0
0
0
0
0
0
15.5
0
0
0.9
1.3
0
0
0
0
0
0
0
0
0
0
0
-99
3.1
8.6
0
0
0
0
0
-99
0
0
0
0
0
0
0
0
0
0
0
0
0
0
-99
0
0
0
0
0
0
0
0
0
0
0
0
0
0
0
0
0
0
0
0
0
0
0
0
0
0
-99
0
0
0
0
0
0
0
0
0
-99
10
0
0
0
0
0
0
0
0
0
0
0
0
0
0
0
0
0
0
0
0
0
0
0
0
0
0
0
0
0
0
0
0
0
0
0
0
0
0
0
0
0
0
0
0
0
0
0
0
0
0
0
0
4.4
7.3
0
0
0
0.1
1
3.9
0
0
0
0
0
0
0
0
0
0
0
0
0
1.4
0
0
0
0
0
0
5.4
0
0
0
0
0
0
0
0
0.9
0
0
2.3
0
0
0
0
0
0
0
0
0
0
0
0
0
0
0
0
0
1.7
0
0
0
6
0
0
0
15.1
0
0
0
2.7
11.2
0
0
0
0
0
0
0.7
0
0
0
0
0
0
0
0.3
-99
0
0
0
-99
-99
0
0
0
0
0
0.3
8.6
0
0
0
0
0
0.1
0
0
0
0
0
0
0.5
0
2.5
0
36.3
0.9
0
0
0
-99
0
0
20.8
-99
1.4
4.5
0
0
-99
0
0
0
-99
14.8
0
0
0
0
0
0
0
0
6.9
0
2.6
0
0
0
21.2
0.2
0.6
0
0
58.6
0
0
19.7
0
17.9
21.4
0.2
0
0
0
0
0
0
64.7
-99
24.2
0
0
6.5
7.7
0
0
3
7.3
0
0
0
0
0
22.3
2
0
35.6
0
0
0
0
0
1.1
0.6
-99
0
0
-99
0
0
0
0
39.2
24.6
3.2
1.6
0
0
0
0
0
0
0
0
0
0
0
0
2.3
0
0
0
0
0
1.5
0
0
0
0
0.1
0
0
0
0
0
0
0.2
0
0
-99
0.2
0
0
0
0
0
-99
0
0
0
0
0
0
0
0
0
0
0
0.3
2.9
5.1
0
0
0
0
0
0
0
0
0.3
0
2
0
0
0
0
0
0
0
0
0
0
0
0
0
0
0
0
0
0
0
0
0
-99
0
0
0
0
0
0
0
0
0
0
0
0
0
0
0
0
0
0
0
0
0
0
0
0
0
0
0
0
0.1
6.4
0.6
0
0
0
0
0
0
0
0
0
0
0
0
0
0
0
0
0
0
0
0
0
0
0
0
0
0
0
0
0
0
0
0
-99
2.1
0
0
0
0
0
0
0
0
0
0
0
0
0
0
0
0
-99
0
0
0.2
-99
1.8
0
0
0
0
0
0
1.9
0.1
0
0
0
0
3
0
0
0
0
0.4
0
0
0
0
0
-99
0
0
0
0
0.8
-99
0
0
0
0
2.2
0.1
0
0
-99
0
0
2.4
0
0
0
-99
0
0
3.1
0
-99
0.1
0
0
0.2
3.5
0
0
0
0
0
0
0
1.2
-99
0
0
0
-99
0
0
0
0
0
0
3.4
1.3
6.4
0
0
0
0
0.2
0
0
0
0.1
3.3
0
0
0
0
-99
0
0
0
0
0
0
0
0.9
0
0
0
24.7
0
4.4
31.5
16.5
0
0
0
0
0
0
0
0
-99
3.3
0
0
23.2
0
0
0
0
0
-99
0
1.2
51.1
0.3
25
14.6
0
0.8
0
0
-99
3.8
12.3
0
0
0
0
0
0
0
0
0
-99
17.4
0.2
0
0
0
-99
0
0
11.2
0
12.6
0.1
0
-99
-99
0
0
0
-99
57.9
-99
43
2.8
0
0
0
0
0
0
0
0
1.5
2.2
0
0.1
0
0
0
0
0
0
0
0
0
0
0
0
0
7.4
24.8
0
0.1
24.5
0
0
0
0
0
0
0
0
0
0
7.2
0
0
0
0
0
0
0
0
13.2
0
0
0
0
0
0
0.7
0
0
0
0
-99
9.1
0
0
0
0
0
0
0
0
0
0
0
0
0
0
0
0
0
0
0
0
0
0
0
0
0
0
0
0
0
0
0
0
0
0
0
0
0
0
0
0
0
0
0
0
0
0
0
0
0
0
0
0
0
0
0
0
0
0
0
0.7
0
0
0
0
0
0
0
0
0
0
0
0
0
0
0
0
0
0
0
0
0
0
0
0
0
0
0
0
0
0
0
0
0
0
0
0
0
0
0
0
0
0
0
0
0
0
0
0
2.6
0
0
0.7
0
0
0
0
0
0
0
0
0
0
0
0
0.7
0.1
0
0
0
0
0
0
0
0
0
0
0
0
0
0
0
0
0
0
0
0
0
0
0
0
0
0
0
0
0
0
0
0
-99
0
0
0
0
-99
0
0
0
0
0
0
0
0
0
0
0
0
0
0
6.3
0.4
0.3
0
0
0.3
0
-99
1.7
0.8
0
0
0
1
0.8
0
0
10
2.6
0.2
0
0
0
0
0
0
0
0
0
0
0
0
0
0
0
1.4
0
0
0
0
0.9
0
0
0
0
0
0.7
3.1
22.5
0
2.1
41.7
0
0
0
0.3
29.6
-99
0
0
0
0
-99
9.6
14.6
0
0
0
0
0
0
8.3
0.2
0
0
0
0
16.5
-99
0
0.5
0
-99
0
0
5.1
-99
3.1
0.2
-99
6.1
0.4
0.5
0
1.6
92
0
8.3
0
1.5
108.6
0
0
0
0
0
0
1.9
0.6
0
0.6
1.3
0
0
0
0.4
1.2
20.9
-99
0.2
0
0
0
0
0.4
0
0
0
1
0
0
0
0
56.3
0
0.5
0
0
0
0
0
8.4
9.2
0.2
0
-99
0
0
8.5
1.6
0
0
0
0
0
0
0
0
0
0
0
0
0
0
0
0
0
0.6
0
0
0
0
0
0
0
14.2
5.5
-99
0
0
0
0
0
0
0
8.3
0.1
0
0
0
0
0
0
0
0
0
0
-99
0.4
0
0
0
0
0
0
0
0
0
0
0
20
0.2
1.7
0
0
0
0
0
0
0
0
0
0
0
0
1.7
0
0
0.9
0.1
0.1
0
0
0
0
0
0
0
0
0
0
0
0
0
0
0
0
0
0
0
0
0
0
0
0
0
0
0
0
0
0
-99
0
0
0
0
0
0
0
0
0
0
0
0
0
0
0
0
0
0
0
0
0
0
-99
0
0
0
0
0
0
0
0
0
0
0
0
0
0
0
0
0
0
0
0
0
0
-99
0
0
0
0
0
0
0
0
-99
0
0
1
0
0
0
0
0
0
0
0
0
-99
2
0
6
0
0
0
0
0.8
0
0
0
0
0
-99
0
0
0
0.1
0
0
0
0
0
0
0
-99
0.2
0
0
0
0
0
0
0
12.5
0.3
1
0
0
40.7
3.1
0
0
0
0
0
0
0
0
0
0
0
0
0
0
0
0.3
1.4
0
1.2
0
0
0
0
0
1.8
0
0
0
0
-99
0
0
0
0.2
0
-99
2.3
0
0.3
0
0
3
1
7
7.1
1.7
0
0
0
0.1
0.6
-99
0
0
0
0
0
12.3
0.8
27.3
7.7
0
0
4.4
24.9
0
0
0
0
0
15.5
1.2
0
0
1.9
8.2
2.9
0
0
0
0
0
0
0
0
0
3.8
139.1
0
0
4.6
26.6
14.2
10.5
1.6
-99
40
103.6
0.6
0.1
-99
0
0
0
0.9
0
0
0.1
38.9
0
1
0
0
0
1.6
0
0.7
0
0
0
0
0
0
0
0
0
0
0
71.9
16.2
0
0
0
1
49.4
0
0
0
2
18.5
0
0
0
0
0
0
0
0
-99
0
0
0
0.3
5.5
4.7
0
0
0
0
0
0
0
0
0
0
0
4
0
0
0
0
0
-99
9.1
0
0
0
0
14.7
1.4
0
0
0
0
2.1
0
-99
0
0
0
0
7.5
55.2
-99
0
0
0
0
13.7
1.2
0
0
0
0
2.4
0
0
0
0
0
-99
0
0
0
0
0
0
0
0
0.1
0
0
0
0
0
0
0
0
0
0
0
0
6.3
0
-99
0
0
0
-99
0.2
0
0
0
0
0
0
1.4
1
0
0
0
0
0
0
0
0
0
0
0
0
0
0
0
0
-99
0
0
0
0
2.9
-99
0
0
0
0
0
0
0
0
-99
0.8
0
0
4.1
0
0.3
0
0
0
0
0
0
0
0
0
0
0
0.4
0
0
0
0
0
0
0
0
0
0
-99
0
0
0
0
0
0
0
0
0
0
0
6.6
0
0
0
0
0
0
0.4
0.7
0
0
0
0
0
0
0
0
0
0
0
-99
0
0
0
0.2
0
0
0.1
0
0
0
0
0
0
0
0
0
0
0
0
0
0
-99
0
0
0
0
0
0
0
0
0
3.2
0
0
0
0
-99
0
0
0
0
0
0
0
0
0
0
0
0
0
0
0
0
0
0.7
0.1
0.2
0
0
0
0
0
0
0.9
24.5
-99
0
0
5.9
13
0
0.4
0
0
0
3.8
2.2
0
0
0
0
3.9
0
-99
30.1
-99
0.7
0
9.4
0.8
4.5
41.7
0
-99
0
0
0
8.2
33.3
3
-99
0
0
0
32.5
2.3
0
0
0.4
0
0
0
2.8
0
0
-99
2.8
0
0.3
0
3.2
16.2
0.1
0
0
20
0
17.5
0.6
0
0
6.4
12.8
0
0
0
9.8
0
0
0
0
0.5
-99
-99
0
0
0
0
8.4
0
0
0
0
0.1
0
3.4
37.4
4.7
0
3.2
0
0
0
0
1.5
1.9
0
0
18.6
0.9
-99
0
0
0
11.6
0
0
0
0
0
0
0
3.6
0
0
0
0
0
0
-99
0
0
0
0
4.8
3
0
0
0
0
0.1
0
0
0.1
2.9
0
0
0
0
-99
0
0
0
0.2
-99
0
0
0
0
0
0
0
0
0
0
0
0
0
0
0
0
0
0
0
0
0
0
0
0
0
0
0
0
0
0
0
0
0
0
0
0
0
0
0
0
0
0
0
0
1.1
0
0
0
0
0
0
0
0
0
0
0
0
0
0
0
0
0
0
0
0
0
0
0
0
0
0
0
0
0
0
0
0
0
0
0
0
0
0
0
0
0
0
0
0
0
0.4
0
0
0
0
0
0.6
0.5
0
0
0
0
0
0
0
0
0
0
0
0
0
0
0
0
0
-99
0.3
0
0
0
0
0
0
0
0
0
0
0
0
0
0
0
0
0
0
0
-99
0
0
0
0
0
0
0
0
0
0
0
4.9
0.1
0
0
0
0
0
0
0
0
0
0.1
0
0
0
0
0
3.7
0
-99
0
0
0
0
-99
0
12.8
0
0
0
0
0
8.8
0
0
0
0
2.5
0
0
0
25
0.2
0
0
0
0
0
0
0.4
0
-99
0
0
10.4
0
0
0
0
0
0
0
1.8
0
0
0
0
30.4
0.6
1.9
8.4
3.9
0.1
0
4
0
0
0
27.4
1
0
4.4
0
1.2
-99
0
2.1
0.8
0
0
0
0
-99
31.1
0
0
0
0
0
1.4
0
0
0
-99
0
0
3.1
0.4
1.4
0
0
0
1.1
-99
0
0.9
0
0
0
0
0
2.1
0
0
0
0
72.5
0.3
0
0
0
0
-99
0
0
17
0
0
0
0
0
0
0
0
-99
0
40.3
0
0
0
0.6
6.8
15.2
3.3
0
54.9
0
0
0
0
-99
0
0
0
0
0.1
0
0.1
0
0
0
0
0.6
-99
0
0.7
12.1
3.1
0
0
0
0
0
0
6.2
11.2
0
3.2
0.2
0
0
-99
0
0
0
0.6
0
0
0
0
0
0
0
0
0
0
0
0
0
0
0
0
0
0
0
0
0
0
0
0
0
0
0
0
0
0
0
0
0
0
0
0
0
0
0
0
0
2.1
0
0
0
0
0
0
0.8
0
0
0
0
0
0
-99
0
0
1.7
0
0
0
0
0
0
0
0
0
0
0
0
0
0
0
0
0
0
0
0
0
