20050101
0
0
0
0
-99
0
0
0
0
0
0
0
0
0
0
0
0
0
0
0
0
0
0
0
0
0
0
0
0
0
0
0
0
0
0
-99
-99
0.4
-99
-99
0
0
0
0
-99
11.4
0.4
0
0
0
0
0
0
0
-99
0
0
0
0
0
0
0
-99
0
0
0
0
0
0
0
0
0
0
0
0
0
0
0
0
0
0
0
0
0
0
0
0
0
0
0
-99
0
0
0
-99
0
0
1
2.8
0
0
0
0
0
0
0
0
0
0
0
0
0
0
1.2
-99
0
0
0
0
0
0
0
0
0
4
0
0
0
0
2.3
0
0
0.2
0
0
7.8
12.8
0
0
0
0
0
0
0
0
0
0
0
0
0
0
0
0
0
0
-99
1.7
0
0
-99
-99
0
0
-99
0.1
0
0
-99
-99
0
-99
0
0
0
0
-99
7.6
0.3
-99
17.5
0
0
0.5
3.4
0
0
0
0
0
0
3.3
0
8.9
0
25.8
53
-99
0
3.4
0
0
0
0
9
57.2
0
0
0.1
0
0
0
8.1
2.8
0
1.3
0
0
-99
0
19.6
0.6
1
0
0
0
0
0
35
37.4
0
0
0
0
0
0
-99
0
0
0
0
0
0
0
0
0
0
0
0
0
0
0
0
0
0
0
0
0
5.2
4.6
0
0
0.7
6.1
7.1
0
0
0
0
0
0
0
5.9
0
0
0
0
0
0
1.1
5.2
0
0
0
0
-99
0.5
0
0
0
0
0
0
0
0
0
0
0
0
0
0
0.2
0
0
0
0
0
0
0
0
0
0
0
0
0
0
0
0.3
0
0
0
0
0
0
0
0
0
0
0
0
0
0
0
0
0
0
0
-99
0
0
0
0
0
0
0.7
0
0
0
0
0
0
0
0
0
0
0
0
0
0
0
0
0
0
0
0
0
0
0
0
0
0
0
0
0
0
0
0
0
0
0
0
-99
0.8
-99
0
0
0
0
0
0
0
0
0
0
-99
0
-99
0
0
0
0
-99
3.7
0
0
0
0
0
0
0
0
0
0
0
0
0
0
0
0
0
0
0
0
0
0.3
0
0
0
0
0
0
0
0
0
0
0.1
0
0
0
0
0
0
0
0
0
0
0
0
0
0
0
0
0
0
0
0
-99
0
0
0
0
0.2
0
0
0
0
0
2.4
0
0
0
0
0
-99
0
0
0
0
0
0
-99
0
0
0
0
0
0
0
0
0
0
0
0
0
-99
-99
-99
-99
0
0
0
0
0
0
0
17.2
27.9
0.1
0
0
-99
15.8
22.2
0
0
0
0
0
0
0
0
0
0
3.6
0
0
0
0
-99
8
16.5
0
0
0
0
0
17.8
0.9
0
0
0
0
0
-99
23.8
15.1
17.3
7.8
0
0
0
4.1
32
0
0
0
1.9
0
0
0
81
0.3
-99
-99
4.1
0
0
0
0
0
0
44.5
-99
0
0
0
2.2
19.6
-99
0
1.7
12
0
10.2
0
0
0
0
0
0
19.2
2.1
0.8
0
0
0
0
0
2.2
-99
0
0
2.2
104
0
10.6
25.9
4.8
0
0
0
0
6.9
0
0
0
-99
0
0
0
0
0
-99
0
0
0
0
0
0
0
0
0
0
-99
0
0
0
0
0
0
0
0
0
0
0
0
0
0
0
0
0
0
0
0.1
-99
-99
0
0
0
-99
0
0
-99
0
0
0
0
0
0
0
0
0
0
0
0
0
0
0
0
0
0
0
0
0
0
0
0
0
0
0
0
0
0
0
6.8
3.7
0
0
0
0
0
0
0
0
0
0
0
-99
0
0
0
0
0
0
0
0
0
0
0
0
0
0
0
0
0
-99
0
0
0
1.9
-99
0
0
0
0
0
0
0
0
0
0
0
0
0
0
0
0
0
0
0
0
0
0
0
0
0.3
0
0
0
0
0
0
0
0
0
0
0
0
0.2
2
0
0
0
0
0
0
0
0
0
0
0
0
0
0
0
0
0
0
0
0
4.1
0
11.3
21.6
0
0
0
0
0
-99
0
0
0
0
0
0
0
-99
-99
0
0
0
0.2
0
0
0
0
0
0
1.4
0
0
0
0
0
0
0
0
0
0
0
0
0.1
0
0
-99
0
0
0
0
0
0
0
0
0
0
0
0
0
0
0
0
0
0
0
0
0
0
0
7.6
0
9.2
0
0
0
-99
0
0
0
0
1
0
13.1
2.8
0
0
0
0
0
0
15.8
1.6
0.1
0
0
0
0
0
0
0
0
0
0
0
0
0
0
0
0
0
1.9
6.7
9.2
0
2.6
0.1
0
22.9
28.6
0.1
15.5
4.1
0.1
0
0
0
0
0
0
0
0.6
0
0
0
0
0.1
0
0
0
0.4
0
0
0
0
0
0
0
0
0
1
51.1
0
4
1.1
15
0
0
0.4
-99
6.6
0
0
16.9
0
0
0
0.7
0
2.2
0
0
0
0
0
0
0
0
0
-99
1
-99
2.1
0.7
0
0
0
37.1
0
0
0
0
0
0
0
0
0
-99
2.6
0
0
0
15.7
0
0
0
0
0
0
0
0.9
22.6
0.4
8.1
2.6
17.7
-99
-99
15.7
17.9
4.9
0.6
0
0
2.5
0
0
0
0
0
0
0
0
0
0
0
0
0
0
0
0
2.6
5.9
0
0
0
0
0
0
0
0
0
0
0
0
0
0
-99
0
0
-99
0
0
0
0
0
0
0
0
0
0
0
0
0
0
0
0
0
0
0
0
0
0
0
0
0.4
0
0
0
0
0
0
0
0
0
0
0
0
0
0
0
0
0.5
-99
0
0
0
0
0
0
0
0
0
0
0
0
0
0.4
0
0
0
0
0
-99
-99
0
-99
0
-99
0
0
0
0
0
0
0
0
0
0
0
0
0
0
0
0
0
0
0
0
0
0
0
0
0
0
0
0
0
0
0
0
0
-99
0
0
0
0
0
0
0
0
0
0
0
0
0
0
0
-99
0
0
0
0
0
2.2
0
0
0
11.3
0.9
0
0
0
0
1.6
0.2
0
0
-99
0
0
0
0
0.1
0
0
0
0
0.2
0
0
0
0
0
0
0
0
27
13.9
0.4
0
0
0
0
0
0
0
0
0
0
17.1
-99
0
0
0.8
-99
6.7
0
27.7
1
0
0
0
-99
0.6
0
0
0
0
0
-99
0
0
0
0
0
0
0
0
0
0.1
5.1
0
0
18.8
0
0
0
0
0
0
0
1.2
0
-99
0.6
0
0
0
0
0
0.4
15.7
0
2.7
0
24
18.2
26.6
14
0
0
0
69
0
0.6
7.2
0
0
-99
0
0
-99
89.4
0
-99
0.8
0
6
0
0
0
0
0
0
0
0
15.3
11.5
2.2
0
0
0
0
0
1.7
0
0
0
0
3.9
0.1
47.3
13
0
0
-99
0
0
0
29
0
0
0
0
0.6
-99
0
0
0.8
0
0
0
0
0
8.3
0
0
0
-99
19.1
0
0
0
0
0
0
0
0
0
0
-99
7.9
0.5
0.1
4.7
0
-99
0
0
0
0
0
0
0
25.6
0
0
0
0
0
0
0
0
0
0
0
0
-99
0
0.1
16
0
3.4
0
0
0
0
0
-99
0
0
0
0
0
0
0
0
0
-99
0
0
0
0
-99
0
0
0
0
0
0
0
0
0
0
0
0
0
0
0
0
0
0
0
0
0
0
0
0
0
0
0
-99
0
0
0
0
0
0
0
0
0
0.2
0
0
0
0
0
0
0
0
0
0
0
0
0
0
0
0
0
-99
0
0
0
0
0
0
0
0
0
0
0
0
0
0
0
0
0
0
0
0
0
-99
0
0
0
0
0
0
0
0
3.9
0.7
0
0
2.9
0.7
0
0
0
-99
0.1
2.8
0
0
0
0
0.7
0
0
0
0
0
0
0
0
1.1
0
0
0
0
0
0
0.8
0
0
0
0
0
0
0
0
-99
0
0
10.3
0
0
0
0
0
0
0
0
0
0
0
0
0
0
0
0
0
1.4
0
0
0
0.7
0
0
0.1
28.1
0
0
0
4.6
1.2
0
0
0
0
0
0
0.9
0
0
0
0
0
0
0
18.1
10
0.3
-99
0
0.4
0
0
-99
0
0
0
0
1.4
0
0
0
0
0
-99
-99
0
0
0
0
0
0
0
1.7
0
29.8
68.5
0
0
0
0
-99
0
26
1.3
0.1
132.5
0
0
0.9
0
0
0
0
0
0
0
0
0
0
0
0
0
0
0
17
0.1
0
0
0
-99
0
0
1.7
26
14.6
0
0.1
0
0
32
6.7
14
0
0
0
0
0
0
0
11.9
0
6.6
11.3
0
0
0
0
14.6
0
0
0
0
-99
-99
54.3
-99
1.4
0
1.4
26.4
0
0
0
45.9
0
0
0
0
0
0
0
0
33.8
15.4
9.1
25.9
1.2
0
-99
0
0
0
0
0
0
0
0
-99
22.5
0
0
0
-99
0
0
0
0
0
0
0
0
0
0
0
0
0
-99
0
0
0
0
0
0
0
0
0
0
0
0
0
0
0
0
0
0
-99
0
0
1.7
17
2.9
0
0
0
0
0
0
0
0
-99
1.9
9.9
0
0
0
0
0
0
0
0
0
0
0
0
0
0
0
0
0
0
0
0
0
0.1
0
0
-99
0.1
0
-99
-99
0
0
0
0
0
0
0
0
0
0
0
0
0
0
0
0
0
0
0
0
0
-99
1.5
0
0
0
0
0
0
0
0
0
0
0
0
0
0
0
0
1.7
0
0
0
0
0
0
0
0
0
0
0
0
0
0
0
0
-99
1.5
0
0.7
0
0
0
0
0
0
0
0
0
0
0
0
0
0
0
0
0
0
5.7
3
0
0
0
0
0
0
0
0.3
0
0
0
0
8.4
0.1
0
0.3
0
0
0
0
0
0
0
0.7
0
0
0
0
0
0
0
0
0
0
0
0
0
0
0
0.1
0.1
2.7
0
0
0
0
0
0
0
0
0.7
0.4
0
0
0.3
15
2.8
-99
0
0
0
0
0
24
0.6
0
0
0
0
0
0
0
0
0
0
3.7
10.2
0.1
0
0
0
0
0
-99
0
0
-99
0.2
6.4
0
0
0
-99
0
0
0
0
0
0
0
1.4
0
0
0
0
0
0
0
4.7
0
0
2.9
-99
16.1
0
0
0
0
0
0
0
21.3
-99
0
0
0
0
0
9.5
-99
21.9
0
0
0
0
0
0
0
0
60.9
3.1
0
0
0
0
0
0
0
0
0
0
-99
64.8
0
0
4.2
15.4
0
0
3.9
-99
0.1
19.7
18
0
-99
0
0
0
0.1
60.3
30.5
13.4
7.7
0
0
0
0.1
-99
0
0
0
0
0.1
0.2
-99
0
0
0
1.5
0
0
0
0
0
0
0
0
0
12.6
10.8
12.6
0
15.6
0
0
0
0
0
0
0
0
0
0
3.6
0
0
0
0
0
0
0
0
-99
0
0
0
0
0
0.1
5.7
0.1
0
0
0
0
1.1
0
0
0
0
0
0
0
0
0
0
0
0
0
0
0
0
0
0
0
0
0
0
0
0
0
0
0
0
0
0
0
0
0
0
0
0
0
0
0
0
0
0
0
0
0
0
0
0
0
1.2
0
0
0
0
0
0
0
0
0
-99
0
0
0
0
0
0
0
0
0
0
0
0
0
0
0
0
0
0
0
0
0
0
0
0
0
0
0
0
0
0
0
0
0
0
0
0
0
0
0
0
0
0
0
0
0
0
0
0
-99
0
0
1.6
0
0
0
0
0
0
0
0
0
0
0
0
0.2
7.5
0
0
0
0
0
0
0
0
0
0
0
0
0
0
0
0
0
0
0
0
0
0
0
0
0
0
0
0
0
0
0
0
0
1
0
0
0
0.3
0
0
0
0
0
0
0
0
0
0
0
0
0
0
3.7
1.3
0
0
-99
0
0
0
0.1
-99
0
0
0
-99
0.7
0
0
19.1
19.1
1.1
0
0
0
0
0
0
0
0
0
0
0
0
0
0
0
0
-99
0
0
0
0
0
0
0
0
0
-99
0
0
0
0
0.2
0
0
0
0
0.4
0.1
0
0
0
0
8
0.4
14.2
0
0
0
1.2
0
0
-99
12.2
4.6
0
0
0
0
0
0
0.2
0
0
0
0
0
0
21.6
-99
24
0
3.2
0
0
0
16.1
-99
47.3
0
0
36.4
0
0
0
0.3
0
0
6.4
0.1
0
0
0
0
0
0
0
32.5
76.4
-99
12.7
4.5
0
0
0
0
0
0
0
2.1
0
0
0
0
1.3
0.8
0.2
0.5
0
0
0
0
0
34.1
0
0.8
0.8
0.2
0
0.5
41.9
0
0
0
0
0
0
0
0
0
0
0.1
-99
0
5.1
0
0
0
0.8
0
0
0
2.2
0
0
0
4.7
-99
0
0
0
0
0
0
0
0
5.2
0.3
0
0
0
0
0
0
0
0
0
0
0.2
0.9
0
0
0
0
0
0
0
0
0
0
0.9
15.6
3.6
1.6
0
0
0
0
0
0
0
0
0
1.5
3.4
0
0
0
0
-99
1.7
0.1
0
0
0
0
0
0
0
0
0
0
0
0
0
0
0
0
0
0
0
0
0
0
0
0
0
0
0
0
0
0
0
0
0
0
0
0
0
0
0
0
0
0
0
0
0
0
0
0
0
0
0
0
0
0
0
0
0
0
0
0
0
0
0
0
0
0
0
0
0
0
0
0
0
0
0
0
0
0
0
0
0
0
0
0
0
0
0
0
0
0
0
0
0
0
0
0
0
0
0
-99
0
4.2
0.8
-99
0
-99
0
0
0
0
0
0
0
0
0
0
0
0
0
0
0
0
0
0
0.3
0
3
0
0
0
0
0
0
0
3.8
0
0
0
51.7
4.5
0
0
0
0
0
0
0
0
0
0
0
0
0
0
0
0
2
0
0
0
0
0
0
0
0
0
0
0
0
0.6
0
0
0
0
0
0
1.7
0.2
0
0
0
25.3
3.9
11
0
-99
0
0
0
0.8
0
0
0
0
0
0
0
4.3
-99
0
0
0
0
0.6
43.3
0
0
0
0
12.6
17.6
0
0
1.7
1
6.6
8.7
0
0
13.5
0
0
0
0
0
0
0
65.9
0
0
29.6
8.6
1.8
0.4
0
2
51
49.1
0
6.1
0.6
27.5
0
0
5.8
-99
0
8
21.5
0
6.4
-99
0
0.4
14.7
-99
0
1.7
0
0
0
0
0.1
2.2
0
0
0
0
0
10.2
0
0
-99
27.1
32.2
0
0
0
0.5
0
0
0
0
0
0
0
0
0
0.4
6.2
0
0
-99
20.5
0.5
0
0
0
0
0
0
0
0
0
0
0
0
0
0
0
0
0
0
6.8
0
0
0
0
2.7
1
0
0
0
0
1.4
0
0
0
0
0
0
14
0.4
-99
0
0
0
0
9.2
-99
0
0
0
0
1.2
0
0
0
0
0
0
0
0
0
0
0
0
0
0
0
0
0
0
0
0
0
0
0
0
0
0
2.2
8
0
0.2
0
0
0
0
0
0
0
0
0
0
0
1.2
2.1
0
0
0
0
0
0
0
0
0
0
0
0
0
0
0
-99
-99
0
0
0
0
2.9
1.4
0
0
0
0
0
0
0
0
-99
-99
0
0
5.8
0
0.2
0
0
0
0
0
0.6
2.3
0
0
0
0
0
0
0
0
0
0
0
0
0
0
0
-99
0
0
0
0
0
0
0
0
0
0
0
5
0
0
0
0
-99
0
0
0
0
0
0
0
0
0
0
0
0
0
0
0
0
0
0
0.8
0
0
0
0
0
0
0
0
0
0
0
0
0
11.6
2.1
0
0
0
0
0
0
0
0.4
0
0
0
0
0
0
0
0
0
3.2
0
0
0
0
0
0
0
0
0
0
0
0
0
0.8
0
5.3
0
21
0.2
0.4
0
0
0
0
-99
0
0
0
0
0
-99
2.9
16.4
0
0
0
0
0
0
0
0.2
0
-99
3.5
27.5
1.5
0.3
-99
1.6
0
0
0
0
26.3
15.4
0
0
9.1
0
0
0
41.2
16.8
5.5
0.2
0
8
1.3
5.7
0
1.5
13
0
0
0
12.1
0
0
133.7
0.6
-99
5.2
0
0
2.1
0
13.9
0
8.1
0
90.3
0.2
0
0
9.9
21.6
0
22.7
0
0
0
0
0
0
0
0
0
0
0
0
0
0
0
0
0
0
0
0
0
25.2
0
0
0
1.3
0
0
0
0
-99
0
0
0
0
0
0
4.2
0.1
13.2
0.1
0
0
0
0
0
0
0.3
0
0
0
0
0
0
0
0
0
0
0
0
19.5
0
0
0
0
0
0
0
0
0
0
0
0
0
2.4
0.2
0
0
1.3
-99
0
0
0
0
0
0
7.5
0
0
0
0
0
0
0
0
0
0
0
0
0
0
-99
0
0
0
0
0
0
0
0
0
0
0
0
0
0
0
0
0
0
0
0
0
0
0.3
0.2
0
0
0
0
0
0
0
0
0
0
0
0
0
0
0
0
0
0
0
0
0
0
0
0
0
0
0
0
0
0
0
0
0
0
0
0
0
0
0
0
0
0
0
0
0
0
0
0
0
-99
2.9
-99
0
0
0
0
0
0
0
0
0
0
-99
0
0
0
0
0
0
0
5.8
0
0
0
0
0
0
0
0
1
0
0
0
0
0
0
0
0
0
0
0.7
0
0
0
0
0
0
0
0
0
0
0
0
-99
0
0
0
0
0
0
0
0
-99
-99
-99
0
0
0
0
6.1
0
0
0
0
0
0
0
-99
7.2
0
0
0
0
0
0
0
0
0
0
0
0
0
3
30
0
0
0
0
0
0
0
0
0
0
0
0
7.6
0
0
0
0
0
0
6
0.5
1.2
0
0
0
3.2
0.1
0
0.6
-99
11.8
0
0
0
0
0
0
25.5
4.1
17.2
0
0.8
0
0
0.4
0
0.7
0
0
0
0
0.6
0
3.9
0
0
0
0
0
0
0
3.4
0
0.1
0.2
0
0.1
0
0
0
0.1
0
2.1
0.3
0
0
0
0
0
0
0
0
0
0
13.6
12.8
0
0
0
0
0
0
0
2.8
0
0
0
6
4.3
0
0
0
0
0
10.7
0
0
0
0
0
0
0
0
2.6
0
0
0
0
0
0
0
0
0
1
0
1.8
-99
2.7
11.8
0
0
0
0
0
0
0
0
0
0
0.6
0.2
0
3.8
0.3
0
11.8
0
0
0
0
0
0
0
0
0
0
0
0
0
0
0.9
0
0
0
0
0
0
0
0
0
0
0
0.1
0
0
0
0
0
0
0
1.3
0
0
0
0
0
0
0
0
0
0
0
0
0
0
0.1
0
0
0
10.4
2.2
0.7
0.9
0
0
0
0
0
0
0
0
0
0
0
0
0
0
0
0
0
0
0
0
0
0
0
0
0
0
0
0
0
0
0
