20050101
0
0
0
0
-99
0
0
0
0
0
0
0
0
0
0
0
0
0
0
0
0.3
-99
0
0
0
0.2
0.9
0
0
0
0
0
0
0
0
-99
2.1
0.1
0.2
0
-99
0
0
0.6
0.9
3
0
0.7
0
0
0
0
0
0
0
-99
0
0
0
0
0
0
0
0
0
0
0
0
0
-99
0
0
0
0
0.6
0
0
0
0
4
0
0
0
0
0
0
0
-99
0
0
0
0
0
0
0
0
0
11.3
0.4
0
0
0
0
0
0
0
0
0
5
0
0
0
0
0
0
0
0
0
0
2.4
0
0
0
0.5
9
0
0
0
0
-99
0
0
0
0
-99
17.7
4.7
0
0
0
0
0
0
-99
0
1.1
-99
-99
0
0
0
0
0
0
-99
13.5
2.4
0
0
20.5
-99
0
0
0
0
0
0
0
0.9
-99
0.5
0.9
-99
-99
0
2.3
1.8
0
9.5
0
1.8
-99
7.3
0
-99
-99
0
0
0
1.7
0
0
0.3
-99
0
-99
91.7
0.1
0.4
0.6
0
0
26.8
0.2
-99
-99
0
0.4
0
0
0
29.7
0
-99
19.5
1.2
0
21.5
-99
0
0.1
0
0
0
0
0
0
14.9
32.3
0
0
0
0
0.1
13.2
0
0
0
0
0.1
4.5
0
0
0
0
0
0
0
0
0
0
0
0
0
0
0
-99
0.4
3.6
0
-99
15.5
94.6
7.2
0
0
0
2.3
0.1
11.5
38.9
14
14.1
9.5
8
0.1
0.1
0
7.3
0
0
0
0
0.6
1.7
0
0
0
0
0
1.2
4
5.9
0.1
0
0
0
0
0
0.2
0
0
0
0
0
0
0
0
-99
0
0
0
0
0
0
-99
4.7
0
0
0
0
0
0
0
0
0
0
0
0
0
0
0
0
0
0
0
0
0
0
0
0
0
0
0
0
0
0
0
0
0
0
0
0
0
0
0
0
0
0
0
0
-99
0
1.4
0.6
0
0
0
0.2
0.3
0
0
0
0
0
0
0
0
0
0
0
0.2
1.4
9.1
1.6
0
0
0
0
0
0
0
0
0
1.4
0
0
0
0
0
1.5
0
0
0
0
0
0
0
0
0
0
0
0
0
0
0
0
0
0.3
0
-99
3.4
8.3
0.2
0
0
0
0
0
0
0
1.1
0
0
0
0
0
0
0
0
0
0
0
0
0
0
0
0
0
0
0
0
0
0
0
0
0
-99
-99
0
0
0
-99
-99
0
1
17.6
0
0
0
0
0
0
0
0
12.7
0
0
0
-99
0
0
1.3
0
0
0
0
0
0
0
0
0
0
2.7
2.5
13
0.6
0
0
0
0
0
0
7.7
6.6
38.6
0
0
6.4
23.4
1.9
0
0
0
0
0
0
0
-99
0
0
0
0
0
0.3
0
0
0
17.9
0.3
0
0
0
0
0
0.5
35.9
7.7
0
0
21.8
0.3
-99
32
-99
-99
-99
2.1
37.7
0
0
0
0
0
0.4
0
0.1
0.9
0
29.8
0
-99
-99
0
2
0.1
0.2
8.6
1.2
0
7.8
0
0
0
4.1
0
25.5
0
5.3
6.7
0
0
-99
17.6
0
0
0
0
0
0
11.5
9.3
-99
0
0
0
0
2.7
1.3
0
0
1.7
22.2
0
2.2
66.4
5.8
19.8
0.2
0
0
25.8
1.7
0
1.4
0
0
0
0
0
0
2
0
0
0
0
0
1.9
4.5
0
0
-99
4.5
0.1
7.5
0.3
0
-99
0
0
0
-99
0
0
0
0
0
0
0
0
0
0
0
0.9
0
0.2
-99
0
-99
0
0
-99
0
0
0
0
0
0
0
0
0
0
0
0
0
0
0
0
0
0
0
0
0
0
0
0
0
0
0
0
0.9
9.1
0.5
7.5
0.2
2.8
0
0
0
0
0
0
0
0
0
4.3
1
0
0
0
0
0
0
0
0
0
0
0
0
0
0
0
0
0
0
0
0.1
2.3
2
-99
0
0
0
0
0
0
0
0
0
0
0
0
0
0
0
0
0
0
0
0
0
0
0
0
0
0
0
0
0
0
0
0
0
0
0
0
0
6
0
0
0
0
0
0
0
0
0
-99
-99
0
0
0
0
-99
0.9
0
0
0
4.2
1.1
0.2
23.3
2.3
0
0
0
0
0
0
0
0
0
0.3
6.6
5.4
0.3
-99
0
0
0
0
-99
0
0
0
0
2
0
0
0
0
0
0
0
0
0
0
0
-99
0
0.1
0
0
6.4
2.8
0
0
0
0
0
0
0
-99
0.3
0
0
0
0
0
0.3
0
0
0
0
0
0
0
0
0
-99
7.6
0
0
0
0
0
0
0
0
0
0.3
12.6
-99
0.7
0
0
0
0
0
17
-99
0
0
0
22.6
0
0
0
0
0
0
0
0
5.8
1.2
0
0
0
2.3
11.8
0.9
4.1
4
0
0
0.3
11.3
0.1
0
29.9
18.7
0
1.3
0
0.6
-99
-99
0
0
-99
0
0
0
1.4
2.9
-99
0
0
8
1.1
3.3
0
0
0
0.8
-99
0
0.4
1.5
18.7
29.7
0
0
2.4
0
0
0
0.5
3.5
0
0.1
13.5
0
0
3.9
0
0
0
0
0
0
0
0
0
0
-99
3.2
0
-99
0.1
1.7
18.7
33.2
-99
0.1
12.5
4.4
0
0
0.1
0
0
0
0
0
1.1
0
0
0
3.4
0
0
0
0
0
0
0
0
-99
17
10.6
9.3
11
3.6
0.1
0.6
4
0.5
0.1
8.6
2.6
0.6
8.4
2.4
0
0
0
0
0
0
0
0
0
0
0
0
0
0
0
8.4
1.8
0
0
0
0
0
0
0
0
0
0
0
0
0
0
-99
0
0
1.2
0.3
0
0
0
0
0
0
0
0
0
0
0
0
0
-99
1.2
6
0
0
0
0
0
0
0.9
0.2
0
0
0
0
0
0
0
0
0
0
0
0
0
0.1
0
-99
0.3
0
0
0
0
0
0
0
0
0
0
0
0
0
0.6
-99
0.6
2.7
-99
0
-99
0.8
-99
2.7
1.4
1.2
-99
0
0
0
0
0.6
0.2
-99
0
0
0
0
0
0
0
0
0
0
0
0
0
0
0
0
0
0
-99
0.7
0
0
0
0
0
7
2.3
0
0
0
0
0
0
0
0
0
0
0
-99
0
0
0
4.2
0
0
0
0
0
-99
0
-99
5.6
0
0
0
0
0
0
4.8
-99
0
0
-99
0
0
0
0
0
0
7.6
4.8
0.2
-99
7.7
0
0
0
0
0
0.2
8
7.2
0
-99
0
0
0
0
0
0
0
0
0
0
0.1
0
0
0
1.7
10.4
2.6
0
0.6
0
0
0
-99
3.3
26.5
-99
0
0
0
-99
0.5
-99
0
4.7
0.9
0
0
0
0
0
0
2
0
0
0.1
0
0
0
-99
12.1
-99
-99
3.2
0
8.1
0
0
-99
0
0
-99
0.4
0
0
0
0
3.7
23.9
15.7
4.5
0
0
2.1
27.2
0
0
0
0
-99
0
8.9
0
9.6
27.1
0
20.8
1.2
-99
0
0
0
0
0
0
0
0
0
0.2
0
-99
0
0
6.7
0.4
2.2
13.5
0
0
0
0
0
0.6
17.2
22.9
0.8
0.2
-99
0
0
-99
14.4
0
0
0
0.6
11.4
-99
0.4
0
6.8
0
0
0
0
0
0.9
0
5
5.8
0.1
7.7
0
0
0
0
0
0
0
6.2
3.1
0
4.2
0.6
0
0
2.3
10.1
33.7
1.9
0
0
0
0
0
0.8
5.1
0
0.5
0.8
0
0
0
0
0
0
0
0
0
0
0
-99
0
0.5
0
0
0
0
0
-99
0
0
0
0
0
0
0
0
0
0
0
0
0
0
0
0.5
2.6
0.2
0
0
0
0
0
0
0
0.1
0
0
0
0
0
0
0
0
0
0
0
0
0
0
0
0
0
0
0
0
0
0
0
0
0
0
0
0
0
0
0
0
0
0
-99
0
0
0
0
0
0
0
0
0
0
0
0
0
0
0
0
0
0
0
0
0
0
0
0
0
0
0
0
0
0
0
0
0
0
1.4
3.7
0.5
0
0
0
0.1
12.8
0
0
0
0
0
0
0
0
0.3
2.2
0.5
0
0
0
-99
3
0.5
2
-99
0
0
2.7
-99
0.3
1.1
0
0
0
0
0
1.1
7.5
0
0
0
0
0
0
0
-99
5.6
0
0
0
0
0
0.8
-99
-99
-99
0
0
1.2
0.1
0
-99
0
0
0
0
0.6
-99
0
0
0
0
0
0
0
2.5
0
0
-99
5.1
0
0
0
0
0
0
0
0
0
0
0
0
0
0
0.5
22.6
53.1
9.2
0.1
-99
11.4
4.3
-99
0
0
0
0
0
-99
0
0
0
0
1.3
14.5
0
0
0
-99
0
2.5
0
-99
4
0
4.7
0
0
0
-99
0.4
-99
-99
0
0
5.5
15.9
0
0
0
0
0
0
0
7.6
0
0
0
0
0
0
0
-99
10.6
2.2
4.3
0.4
0
-99
0
0.9
0
0
-99
4.3
0
-99
11.7
0.3
0.4
0
0
-99
0
-99
0
0
0.9
-99
0
-99
-99
2.5
11.3
0
0.8
0
0
0.3
0
0
0
0
-99
0.1
18.4
0
0.9
-99
2.5
5.5
0
0
0
4.8
0
0.2
36.6
0
0
0
0
0
-99
1.2
10.9
0.8
-99
0.7
2.8
2.2
0
6.8
4.6
0
0
0
-99
31.2
9.8
0
0
0
-99
0
0
0
0
0
0
0
0
0
-99
0
0
1.8
1.6
0
0.8
3.7
4
0
0
0
0
0
0
0
0
0
0
0
0
0
-99
0
0
0
2.2
10.2
0
0
0
0
0
0
-99
0
0
3.3
28.9
7.5
-99
0
-99
0
-99
0
0
0
0
0
0
0
0
0
0
2.7
0
0
0
0
0
-99
0
0
0.8
0.6
-99
0
-99
0
0
0
1.4
-99
0
0
0
0
0
0
0
0
0
-99
0
0
0
0
0
0
0
0
0
0
0
0
0
0
0
0
0
0
0
0
0
0
0
0.1
0.1
0.2
0
0
0
0
0
0
0
0
0
0
0
0
0
0
0
-99
0.1
0
0.2
3.2
1
-99
0
1.5
0.3
0
0
0
0
0
0
0
0
0
0
0
0
6.1
-99
0
0.2
-99
0
-99
-99
-99
-99
0
0
0
0
1.9
0
0
-99
3.1
0
0
0
-99
0
0
0
0
0
0
0.2
-99
-99
-99
0
0
0
0
0
0
0
0
-99
0.6
1.3
0
6.9
0
0
0
0
0
7.5
4.6
0.1
0
0
1.6
0
0
0
0
0
0
0
0
15.9
0
0
0
0
0
0
0
0
0
0
0
1.9
6.2
0
0
0
-99
0
-99
0
0
-99
15.6
0
1.7
0
4.2
0.4
1.1
0.9
0
0
0
0
-99
3.8
0.1
0
-99
0
0
0
0
0
0
0
-99
0
0.4
-99
-99
0
22.3
0
0
0
8.8
28.4
0
0.9
0
-99
0
-99
4.5
2.4
14.7
0
-99
54.8
0
4.5
0
0.1
10.9
12.5
0
0
0
0
7
27.2
0
0
0
0
0
0
1.2
0
0
2.2
0.1
0
0
0
7.3
12.2
1.5
2.8
34.5
13.1
0
0
0
0
20.5
30.1
8.7
1
14.3
13.5
0
-99
2
1.2
0
0
15.2
0.2
10.2
-99
1.3
1.8
16.4
10.3
0.3
0.4
0
0
0
0
0
0
0
0
0
-99
-99
1.7
1.3
0
0.1
0.7
0
0
0
0
0
-99
0.1
0
0
0
0
0
0
0
0.3
1
0.3
-99
0
0
-99
-99
-99
0
0.2
0
0
0
4.4
10.3
-99
0
0
0
0
0
-99
3.7
0
0
0
0
0
0
0
0
0
0
0
0
0
0
0
0
0
0
0
0
0
0
0
0
0
0
0
0
0
0
0
0
0
0
0
0
0
0
0
0
0
0
0
0
0
0
0
0
0
0
0
0.1
0
0
0
0
0
0
0
0
-99
0.3
0
0
0
0
0
0
0
0
0
0
0
0
0
0
0
0
0
0
0
0
0
0
0
0
-99
0
0
0
0
0
0
0
0
0
0
0
5.1
2.3
0
-99
0.7
0
0
0.5
0
0
0
0
0
-99
0
0
0
3.8
4.9
7.4
0.4
0
0
0
0
0
0
0
0
0
0
0
0
-99
0
0
0
0
1.8
1.6
-99
0
0
0
0
0
0
0
0
0
0
0
1.8
0
0
-99
2.6
0
0
0
-99
0
0
0
0
0
0
0
0
0
0.3
2.3
0
0
0
0
0
0
0
0
0.1
0
0
0
0
0
0
-99
-99
58.1
17.1
0
0
0
0
0
0
0
0
0
29.3
3.9
0
0
0
0
0.1
0.6
0
0
0
0
0
0
0
0
0
8.3
1.4
0.3
-99
0.3
0
0
0
0
-99
0
0
0
0
0
0
-99
6.9
5.1
1.9
0
-99
0
0
0
0
19.1
33.4
0.4
0.5
1.6
-99
0
0
0.1
0
0
2.9
0.7
1.7
0
-99
12.3
1
0.1
0
0
0
-99
-99
-99
0
0
22.6
0.1
0.2
10.3
22.9
0.1
0
26.2
1.6
0
0
0
2.3
0
0
0
0
0
0.1
3.2
16.6
32.6
1.2
1.5
-99
0
0
49
11
0
0
0
0
0
0
0
0.4
7.6
2.3
2.1
2.9
0
0
0.1
19.4
17.9
13.3
0
-99
1.3
24.9
9.6
1.7
0
0
0
0
0
0
0
3.7
12.4
0
0
0
0
0
-99
0
0
0
0
6.2
13.6
16.7
1.3
3.4
-99
0
0
0
0
0
0
0
7
4.4
0.1
0
2.6
0
0
0
0
0
0.6
-99
0.1
0.2
2.8
0.5
22.6
2.2
0
0
0
0
0
0
0
2.3
8.7
6.4
0
0
0
0
0
0
-99
0.2
0
3.5
15.3
0
-99
-99
0
-99
2.3
0.1
0
0
0
0
0
0
0
0
0
0
0
0
0
0
0
0
0
0
0
0
0
0
0
-99
0
0
0
0
0
0
0
0
-99
0
0
0
0
0
0
0
-99
0
0
0
0.1
0.2
0.2
0
0
0
0
0
0
0
0
0
-99
0
0
0
0
0
0
0
0
0
0
-99
0
0
0
0
0
0
0
0
0
0
0
0
-99
-99
0
0
0
2
0.9
0.6
0.4
-99
0
0
0
0
0
0
0
0
0
0.9
-99
0
0
1.6
-99
4.3
4.9
0.8
0
0
0
0
0
1.1
0
0
0
0.7
0
0
0
0
0
0
0.4
9.4
0
9.9
0
0
0
0
0
0
0.6
3.5
2.2
0
0
12
0
0
0
0
0
0
0
0.3
0
0
0
0
-99
0
0
0
0
7
0
0
0
0
0
0
0
0
0
1.8
4.7
8.1
0
0
0
0
3.4
0
0
-99
16.9
0
0
0
0.1
0
-99
0
0
0
0
0
-99
0
0
0
-99
0
0
0.6
0
9.2
15
1.7
2.2
1
0
17.9
0
0
-99
24.8
3.2
-99
0
2.4
-99
71.5
0.1
-99
0
1.9
7.7
0.1
0.4
-99
0
0
0
-99
19.9
0
-99
0.5
0
0
0
0
0
25.2
1.8
5.4
0
0
2
0
0
0
-99
0
0
-99
1.5
4.4
0
0
0
22.6
0.6
0
0
0
0
0
0
0
0
0
0
0
0.1
3.9
15.2
0
0
6.8
0.2
0.7
0
0
4.2
9.8
0
0
0
-99
0
0
0
0.4
0
0.5
0
0
0
2.7
0.9
0
0
0
0
0
0
0
0.7
3
0
0
0
-99
0
0
0
0
0
-99
2.3
0
-99
-99
0
6.5
0
0
0
0
0
0
0
0.3
0
0
0
0
4.5
0
0
0
0
0
0
5.7
0
0
0
0
0.6
1.4
0
0
0
-99
0
0
0
0
0
0
0
0
0
0
0.3
0
0
0
0
0
0
0
0
0
0
0
5.8
-99
0
0.2
0
0
0
1.4
1.1
0
0
0
0
0
-99
-99
0
0
0
0
0
0
0
0
0
0
0
0
0
0
0
0
0
0
0
0
0
-99
1.8
1.8
0
0
0
0
0
0
0
0
0
-99
0
0
7
0
0.8
0
0
0
0
0
2
-99
0
0
0
0
0
2
-99
0
0
0
0
0
0
0
0
0
0
0
0
0
0
0
0
0
0
0
0
0.1
0
0
0
0.4
1.2
0
0
0
0
0
0
0
0
0
0
0
0
0
0
2.4
0
0
0
9.1
0
0
0
0
0
0
0
0
0
0
0
0
0
7.8
0.1
0
-99
0
0
0
0
0
0
0
0
-99
0
0
0
0
-99
1.6
0.9
0.8
0
0
0
0
0
0
0
1.1
3.5
0
0
0
33.4
15.5
0
4
19.8
-99
6.9
0
0
0
6.5
-99
-99
-99
0
0
18.9
0
14.5
11.7
0.1
0
0
0
0
0
0
0.1
0
-99
1.1
3.3
0
0
1
18.1
0
0
0
0
0
14.2
6.5
50.8
0
0
0
0
10.1
49.7
35.4
20.8
39.9
0
15
0
0
41.3
31.1
0
0
8
15.1
0
-99
0
0.2
0
7.6
0
0
2.5
0
0
0
0
0
5.8
1.7
0
0
1.2
9
0
0
0
0
0
0
0
0
0
0
0
0
0
0
0
0.1
0
0
0
0
0.6
-99
-99
0.1
0
0
2.9
0.7
0
0
0
0
0
0
0
0
0
0
0.2
1.5
-99
1.4
0
0
0
0
0
0
0
0
0
0
0
0
0
0
0
0
0
0
0
0
17.3
0
0
0
0
0
0
0
0
0
0
0
0
0
0.2
0
0
8.3
3.5
0
0
-99
0.1
0
0
-99
0.7
0
0
0
-99
0
0
0
0
0
0
0
0
0
0
5.9
0
0
0
0
0
0
0
0
0
0
0
0
0
0
0
0
0
0
0
0
0
0
0
0.1
0
0
0
0
0
0
0
0
0
0
0
0
0
0
0
0
0
0
0
0
0
0
0
0
0
0
0
0
0
0
0
0
0
0
0
0
0
0
0
0
0
0
0
0
0
0
0
2.9
5.7
3.3
1.8
0
0.3
0.1
0
0.1
-99
0
0
0
0.2
-99
0
0
0
0
0
0
0
-99
-99
6.1
-99
0
0
0
0
0
-99
-99
0
0
0
-99
0
0
0
0
0
0
0
0
0
0
0
0
0
0
0
0
0
0
4
0
0.1
2
0
0
0
0
0
0
-99
13.2
0.5
0
0
6.8
2.4
5.4
12.6
2.9
4.4
4.9
0
0
0
4.1
0
0
2.6
0
0
-99
0
0
0
0
0
0
0
0
11.4
1.1
0
-99
0
0
0
0
0
-99
0
0
0
0.5
9
0
0
0
0
0
0
-99
-99
0
0
-99
0
-99
0
0
0
0
0
0
-99
0
0
0
17.9
-99
14.7
1.7
1.2
1.3
0
0
0.8
0
0
51.3
2.1
0.5
13.6
0
-99
8.7
4.2
0
0
-99
2.5
10
0
9.8
-99
-99
0
0
14.5
0
-99
0
1.3
13.1
7.4
0
0
0
0
0
13.5
0
0
0
0
0
0.6
3.4
18.9
15.1
3
10.5
0
4
45
0.9
0
0
0
30.1
1.6
0
0
0
0
0
0
0
0
-99
0
0
0.6
0
0
3.5
0
0
0
0
5.2
1.7
0.8
0
23.9
4.3
0.1
22.7
17.1
38.2
26.4
0
0
0
0
0
0
0
0
0
0.4
15.1
0
0
4.9
0
0
0.2
0
0
0
0
0.2
0
0
1.8
0.2
0
0
0
0
0
4.1
0
0
0
0
0
0
0
0
0
0
0
-99
0
0
0
0
0
0
-99
0.3
0
0
0.1
0
0
0
3.1
0
0
0
0
0
0
0
1.5
0
1
0
-99
0
0.1
0
0
0
0
0
0
0
0
0
-99
0.3
0
0
0
0
0
0
0
0
0
-99
0
0
0
0
0
0
0
0
0
0
0
