20050101
0
0
0
0
0
0
0
0
0
0
0
0
0
0
0
0
0
0
0
0
0
0
0
0
0
0
0
0
0
0
0
0
0
0
0
0
0.9
1
-99
0.3
0
0
0
0
3.2
21.1
0.3
0.2
0.4
0
0
0
0
0
0
0
0
0
0
0
0
0
0
0
0
0
0
0
0
0
0
0
0
0
0
0
0
0
0
0
0
0
0
0
0
0
0
0
0
0
0
0
0.3
0
0
0
0
-99
5.6
0
0
0
0
0
0
0
0
0
-99
0
0
0
0
0
0
0
0
0
0
0
0
0
0
0
13.3
0
0
0
0
5.3
0
0
0
0
0.2
11.1
22.9
0
0
0
1.8
0
0
0
0
0
0.5
0
-99
0
0
0.1
0
0
0
0.6
0.6
0
0
1.2
3.5
0
0
-99
0
0
0
0.9
-99
-99
-99
0
0
0
0
-99
12.6
0
3.5
0.5
0.2
-99
6
11.2
0
0
0
0
0
0
2.4
0
5.7
0
0.5
8.1
-99
-99
4.6
0
0
0
17.3
64.5
0.1
0
0
0.1
0
0
0
-99
16.3
0.6
62.7
0
0
0
4.7
2.1
-99
0
0
0
-99
0
0
52.4
31.1
0
0
0
0
0
3.5
0
0
0
0
0
0
0
0
0
0
0
0
0
0
0
0
0
0
0
0
0
0
4.6
2.8
-99
0
13.8
24.1
8.2
0
0
0
0
0
0
0.1
8.6
0
1.2
0.1
0
0
0
3.1
0.8
0
0
0
0
-99
-99
0
0
0
0
0
-99
-99
0
0
0
0
0
0
0
0
0
0
0
0
0
0
0
0
0
0
0
0
0
0
0
6.7
0
0
0
0
0
0
0
0
0
0
0
0
0
0
0
0
0
0
0
0
0
0
0
0
0
0
0.1
0
0
0
0
0
0
0
0
0
0
0
0
0
0
0
0
0
0
0
0
0.6
0
0
0
0.5
0
0
0
0
0
0
-99
0
0
0
0
0
0.7
0.1
0
0
0
0
0
0
0
0
0
0
-99
0.1
0
0
0
0
0
2.1
0.3
0
0
0
0
0
0
0
0
0
0
0
0
0
0
-99
0
0
0
-99
0
0.2
1
0
0
0
0
0
0
0
0
0
0
-99
0
0
0
0
0
0
0
0
0
0
0
0
0
0
0
0
0
0
0
0
0.2
0
0
0
0
-99
0
0
0
0
2.4
8.6
0
0
0
0
0
0.2
0
0
0.9
0
0
0
1.7
0
0
-99
0
0
0
0
0
0
-99
0
0
0
0.1
0.2
3.6
1.4
0
0
0
0
0
0
0
-99
30.6
0.1
0
0
6.8
16.5
4.8
0
0
0
0
0
0
0
0
0
0
3.1
0
-99
0.8
0
0
17
0.2
0
-99
0
0
0
-99
0.6
0
0
0
0.5
0
0
70.9
13.8
0.7
7.2
-99
0.6
0
0
0
0
0
0
-99
0
0
0.8
7.1
0.6
-99
0.1
-99
-99
0
0
-99
0
-99
1.4
0
0
0
-99
0
17.5
0
0
21.9
0.2
0
0
0
0
0
0
0
0
0
16.4
1.3
0
0
0
0
0
0.2
-99
0
0
3.5
16.7
0
56.9
51
27
4.6
0
0
0
14.7
0
0
0.7
0
0
0
0
0
0
-99
0
0
0
0
0
0
0
0
0
-99
-99
0
0
0
0
0
0
0
0
0
0
0
0
0
0
0
0
0
-99
0
0
0.3
9.4
0
0
0
-99
-99
0
-99
-99
0
0
0
0
0
0
0
0
-99
0
0
0
0
0
0
-99
0
0
0
0
0
0
0
0
0
0
0
-99
6.6
0.1
12.8
2.2
0
0
0
0
0
0
0
0
0
0
0
0
0
0
0
0
0
0
0
0
0
0
0
0
0
0
0
0
0
0
0
0
0
3.9
-99
0
0
0
0
0
0
0
0
0
0
0
0
0
0
0
0
0
0
0
0
0
0
0
0
0
0
0
0
0
0
0
0
0
0
0
0
0
3.7
0.2
0
0
0
0
0
0
0
0
0
0
0
0
0
0
0
0.6
0
0
0
-99
1.4
0
29.8
20.1
0
0
0
0
-99
0
0
0
0
0
0.6
0
-99
0
0
0
0
0
0
0
0
0
0
-99
0
0
0
0
0
0
0
0
0
0
0
0
0
0
0.1
0
0
0
0
0.4
0
0
0
0
0
0.4
0.3
0
0
0
0
0
0
0.9
0
0
0
0
0
0
0
6.2
0
4
0
0
0
0
0
0
0
0
-99
-99
25
0.1
0.5
0
0
0
0
0
0.5
4.5
-99
0
0
0
0
0
0
0
0
0
0
0
0
0
0
0
0
-99
1.5
1.4
0.5
-99
0
0
0
0
41.8
0
19.5
4.1
36
0
0
0
0
0
0
0
-99
0.5
0
0
0
1.5
1.7
0
0
14.6
-99
0.4
0
0
12.6
0
0
0
0
-99
23.7
-99
16.3
0
10.4
0
0
0
-99
7
0
0
0.5
0
17.1
0
0
0
0
0
0
0
0
0
0
0
0
12.2
22.7
0.5
0
4.7
1.1
0.3
0
0.6
0.8
0
0
0
0
0
0
0
0
0
-99
15.8
0
0
1.6
0.5
0
0
0
0
0
0
0
4.8
8.9
2.8
15.7
5.5
3.6
0.1
4
4.8
1.4
3.4
2
0
-99
4.5
-99
0
0
0
0
0
0
0
0
0
0
0
0
0
0
0
2.8
0.7
0
0
0
0
0
0
0
0
0
0
0
0
0
0
0.8
0
0
0.7
0
0
0
0
0
0
0
0
0
0
0
0
0
0
0
0
0
0
0
0
0
0
0
0
0.3
0
0
0
0
0
0
0
0
0
0
0
0
0
0
0
0
0.3
0
0
0
0
0
0
0
0
0
0
0
0
0
2.2
0.5
0
0
0
0
0
1.4
0
-99
0.1
0
0
0
0
0
0
0
0
0
0
0
0
0
0
0
0
0
0
0
0
0
0
0
0
0
0
0
0
0
0
0
0
0
0
0.4
0.6
0
0
0
0
0
0
0
0
0
0
0
0
0
0
0
-99
0
0
0
0
0
0.2
0
0
0
-99
0
0
0
0
0
1.8
0.1
0
0
-99
0
0
0
0
0
0
0
0.9
0
0.4
9.4
-99
0
0
0
0
-99
-99
25.1
1.5
0
0
0
0
0
0
0
0
0
0
-99
15.6
0
0
0
-99
-99
9
0
10.5
2.6
0
0
-99
8.3
37.8
0.1
0
0
0
0
-99
0
0
0
0
0
0
0
0
-99
0
10.1
-99
-99
8.5
0
0
0
0
0
0
0
0
0
5.9
1.5
0
0
0
0
0
20.7
0.5
0
1.1
-99
-99
0.6
0
1.9
16.6
0
6.7
10.8
0
0
1.2
0
0.1
33.5
0.9
0
69.5
5.9
0
1.4
9.1
-99
0
0
0
0
0
0
0
0
0
1.4
6
0.8
0
0
0
0
0
8.6
0
0
0
2.2
18
0
50.9
3.1
0
0
0
0
0
0
27.8
0
0
0
0.5
1.6
0
0
0
0.3
0
0
0
0
-99
3.8
0
1.9
0
0.7
31.2
0
0
0
0
0
0
0
0
2.2
0
-99
1
-99
0
4.9
0
8.7
1.5
0
0
0
0
0
0
6.3
0.9
-99
0.1
0
0
0
0
0
0
0
0
0
-99
0
-99
20.4
0
2.1
0
0
0
0
0
-99
0
0
0
0
0
0
0
0
0
0
0
0
0
0
-99
-99
0
0
0
0
0
0
0
0
0
-99
0
0
0
0
0
0
0
0
0
0
0
0
0
0
0
0
0
0
0
0
0
0
0
0
0
0
0
0
0
0
0
0
0
-99
0
0
0
0
0
0
0
0
0
0
0
0
0
0
0
0
0
0
0
0
0
0
0
0
0
0
0
0
0
0
0
0
0
0
0
0
0
0
0
0
0
4
0
0
0
3.1
-99
0
0
0
0.2
0.3
4.7
0
0
0
0.4
2.8
0
0
0
0
0
0
0
0
0.3
0
0
0
0
0
0
2.4
0
0
0
0
0
0
0
0
4.2
0
0
1.5
0
0
0
0
0
0
0.4
0
0
0
0
-99
0
0
0
0
0.4
0.8
0
0
6.3
0.8
0
0
-99
20.2
0
0
-99
4.3
-99
0
0
0
0
0
0
0
0
0
0
0
0
0
0
12.4
51.2
0.3
-99
0
0.7
0
0.7
3.4
0
0
0
0
0.1
0
0
0
0
0
-99
0
0
0
0
0
-99
0
0
2.2
0
0.9
0
0
0
0
0
0
-99
8.8
18.7
-99
2.5
0
0
0
0
0
0
0
-99
0
0
0
0
0
0
0
0
0
0
23.3
0.5
0
0
0
0.1
0
0
1.2
31.6
0.6
0
0.5
0
0
0
8
0.7
0
0
0
0
0
0
0
9
0
0.3
11.3
3.4
0
0
0
11
0
0
0
0
0
-99
36.2
-99
-99
0
-99
44.7
0
0.1
0
27
-99
0
1
0
0
0
0
0
29.2
38
34.3
19.5
5.7
0
2.7
0
0
0
0
0
0
0
0
1.1
20.4
0
0
0
0
0
0
0
0
0
0
0
0
0
-99
0
0
0
-99
0
0
-99
0
0
0
0
0
0
0
0
0
0
0
0
0
0
0
0
0
0
3.2
14
-99
-99
0
0
0
0
0
0
-99
3.3
17.5
10.9
0
0
0
0
0
0
0
0
0
0
0
0
0
0
0
0
0
0
0
0
0
-99
0
0
0.3
0
0
0
0
0
0
0
0
0.6
0
0
0
0
0
0
0
0
0
0
0
0
0
0
0
0
-99
0.3
0
0
0
0
0
0
0
0
0
0
0
0
0
0
0
0
0.3
0
0
0
0
0
0
0
0
0
0
0
0
0
0
0
0
0.3
0.8
1.2
2.5
0.4
-99
0
0
0
0
0
0
0
0
0
0
0
0
0
0
0
0
8.6
1.2
0
0
0
0
0
0
-99
0
0
0
0
0
8.6
0
0
0
-99
-99
0
0
0
0
0
0.9
0
0
0
-99
0
0
0
0
0
0
0
0
0
0
0
-99
3.3
5.2
0
-99
0
0
-99
0
0
-99
1.4
0.2
0
0
0.2
0.2
0
0
0
0
0
0
0
6.2
0.4
0
0
0
0
0
0
0
0
0
0
1.5
10.5
0
0
0
-99
0
0
0
0
0
1.2
-99
0
0
0
0
6.3
4.5
0
0
0
0
0
-99
1.2
0
0
0
0
0
0
0
2.1
0
0
0
0
0.1
0
0
0
0
0
0
-99
1.3
0
0
0
0
0
0
14.6
-99
4.6
0
-99
0
0
-99
0
0
0
35.4
0.3
0
0
0
0
0
0
0
0
0
0
0.7
7.7
0
0
69.6
3.3
0
0
0
0.5
0.6
7.2
0.6
-99
0.5
0
0
0
0
80.9
17.3
0.1
10.3
0
0.2
0
4.6
22.5
0
0
0
1.1
0
0
3.8
0
0
-99
34.7
2.3
0
0
0
0
0
0
0
0
0.7
2.5
0.4
0
9.2
-99
0
0
0
0
0
0
0
0
0
-99
0
0
0
0
0
0
0
0
0
0
0
0
0
0
-99
-99
0
0.2
0
0
0
0.9
-99
0
0
0
0
0
0
0
0
0
0
0
0
0
0
0
0
0
0
0
0
0
0
0
0
0
0
0
0
0
0
0
0
0
0
0
0
0
0
0
0
0
0
0
0
0
0
0
0
0.5
0
0
0
0
0
0
0
0
0
0
0
0
0
0
0
0
0
0
0
0
0
0
0
0
0
0
0
0
0
0
0
0
0
0
0
0
0
0
0
0
0
0
0
0
-99
0.4
0
0
0
0
0
0
0
0
0
0
0
0
2
0
0
1.1
0
0
-99
0
0
0
0
0
0
0
0
0
0.5
3.9
-99
0
-99
0
0
0
0
0
0
0
0
0
0
0
0
0
0
0
0
0
0
0
0
0
0
0
0
0
0
0
0
0
0
1
0
0
0
0.2
0
0
0
0
0
0
0
-99
0
0
0
0
0
0
5.3
5
0
0
0
0
0
0
-99
0
0
0
0
-99
-99
0
0
14.8
2.5
4.3
0
0
0
0
0
15.9
0.9
0
-99
3.5
1
0
0
0
0
-99
-99
0
0
0
0
0
0
0
0
0
0.8
1.6
0.1
0
0
3.8
0.6
0
0
0
-99
1.6
0
0
0
0
-99
2.9
18.9
2.2
0
0
0
0
0
0
48.2
9.9
0
-99
-99
0
0
0
1.5
0
0
0
0
0
0
0
11.8
2
0
0
0
0
-99
12.7
0
1.7
0
1.4
7.4
0
0
1
0
0
0
1.3
25.8
0
0
30.8
-99
0
0
0
3.2
14.5
1.6
21.1
13.2
0
0
0
0
0
0
0
5.6
0
0
0
0
0
0.3
0.5
2
0
0
-99
0
-99
29.6
0.3
10.5
4.5
0.1
-99
-99
26.2
-99
0
0
0
0
0
0
0
0
0
0.6
0
-99
-99
0
0
0
0
0
0
0
7.2
0.3
0
0.6
0.2
0
0
0
0
0
0
0
0
0
11.9
0.1
0
0.1
0
0
0
0
0
0
0
0.1
0.1
2.7
0.3
-99
4.5
0
0
0
0
0
0
0
2.5
11.2
3.8
0
0
0
-99
0
0
0
0
0
0
20.8
2.7
0
0
0
0
2.3
1.3
0
0
0
0
0
0
0
0
0
0
0
0
0
0
0
0
0
0
0
0
0
0
0
0
0
0
0
0
0
0
0
0
0
0
0
0
0
0
0
0
0
0
0
-99
-99
0
0
0
0
0
0
0
0
0
0
0
0
0
0
0
0
0
0
0
0
0
0
0
0
0
0
0
0
0
0
0
0
0
0
0
0
0
0
0
0
-99
0.5
0
0
0
0
0
0
0
0
0
0
0
0
0
-99
0
-99
0.1
0
0.9
10.8
0
0
0
0
0
0
0
0
0
0
0.1
0
0
0
0
0
0
0
3.7
0
9.8
0
0
0
0
0
0
-99
-99
0.4
0
0
39.5
0.7
0
0
0
0
0
0
0
0
0
0
0
0
0
0
0
0
2.2
0
0
0
0
0
0
0
1.6
0
-99
0
0
-99
0
0
0
0
0
0
0
0
3.4
0
0
-99
0.3
1.1
0
0.5
0
0
-99
0.4
0
0
0
0
0
0
-99
-99
0
-99
0.7
0
0.3
0.6
34
0
0
0
0
3
8.2
0
1.4
22.2
1.6
39.5
1.4
0
-99
-99
0
0
0
0
0
0
0
-99
0
0
7.5
4.1
4.8
0
0
3.4
66.6
4.9
0
0.8
0.2
13.2
0
0
0
18.3
0
0
3.7
-99
8.9
0
0
-99
17.9
0
0
0.2
0
0
0
0
0
0
0
0
0
0
-99
42.9
0
0
0.4
29.4
0.8
0
0
0
5.9
0
0
0
0
0
0
0
-99
0
-99
8.5
0
0
11.3
3
1.3
0
0
0
0
0
0
0
-99
0
0
0
-99
0
0
0
0
0
0
-99
0
0
0
0
4.3
1.3
0
0
0
0.3
0.1
0
0
0
0
0
0
7
7.9
0
0
0
0
0
12.7
0
0
0
0
0
1.9
0
0
0
0
0
0
0
0
0
0
0
0
0
0
-99
-99
0
0
0
0
0
0
0
0
0
0
3.9
5.6
0
0.3
0
0
0
0
1.5
0
0
0
0
0
0
1.8
0.1
0
0
0
0
0
0
0
0
0
0
0
0
0
0
-99
0
0
0.1
0
0
0
3.2
2.2
0
0
0
0
0
0
0
-99
-99
-99
-99
0
5.3
0
2.1
0
0
0
0
0
2
1.2
0
0
0
0
0
0
0
0
0
0
0
0
0
0
0
0
0
0
0
0
0
0
0
0
0
0
0
-99
0
0
0
0
0
0
0
-99
0
0
0
0
0
0
0
0
0
-99
0
0
0
0
0
3.1
0
0
0
0
0
0
0
0
0
0
0
0
0
13.7
1.6
0
0
0
0
0
0
0
0.1
0
0
0
0
0
0
0
0
0
3.3
0
0
0
0
0
0
0
0
-99
0.3
0
0
0
2.8
0
2.5
-99
21.3
0
1.2
0
0
0
0
0.9
0
0
0
0
0
0
7.8
3.2
0
0
0
0
0
0
0
17.1
-99
-99
12.4
12.5
0.1
0
-99
0
0.5
0
0
0
-99
25.2
0
0
0
0
0
0
129.5
22.7
21.2
2.6
8.2
8.6
1.8
32.4
0
3
1.7
0
0
-99
25.6
0
-99
5.3
0.5
0
0
0
0
5.3
0
5.2
0
8.6
0
26.9
1.8
0
0
0
73.3
0
12.7
0
0
0
0
0
0
0
0
0
0
0
0
0
-99
0
0
0
0
0
0
0
9.6
0
0
-99
0.1
0
0
0
0
-99
0
0
-99
0
0
0.8
9.3
0
4.6
0
0
0
0
0
0
0
-99
0
0
0
0
0
0
0
0
0
0
0
0
6.1
0
0
0
0
0
0
0
0
0
0
0
0
0
0
0
0
0
3.8
0
0
0
0
0
0
0
4.8
0
0
0
0
0
0
0
0
0
0
0
0
0
0
0.6
0
0
-99
0
0
0
0
0
0
0
0
0
0
0
0
0
0
0
0
0
0
0
0.1
-99
0
0
0
0
0
0
0
0
0
0
0
0
0
0
0
0
0
0
0.2
0
0
0
0
0
0
0
0
0
0
0.2
0.1
0
0
0
0
0
0
0
0
0
0
0
0
-99
0.3
0
0
0
6.8
3
6.1
-99
0
0
0
0
0
0
0
0
0
0
-99
0
0
0
0
0
0
0
5.6
0
0
0
0
0
0
0
0
0
0
0
0
0.1
0
0
0
0
0
0
0
0
0
0
0
0
0
0
0
0.3
0
0
-99
0
0
5.2
0
0
0
0
0
0
-99
4.4
1.5
0
0
5.5
0.1
4.4
0.7
3.6
0
0
0
0
0
30.1
26.9
0
0
0
0
0.4
0.5
0
0
0
0
0
-99
0
10.2
15.1
0
0
0
0
0
0
0
0
0
0
0
0
17.4
0
0
0
0
0
0
-99
0
0
0
0
0
6.4
0
0
0.6
0
10
0
0
0
-99
0
0
-99
23.8
0
0
47.4
0
0
12.2
0
0
0
0
0
1
-99
0
27.7
0.1
0
0
0
0.8
1.3
0
0
0
0
0
0
0
0
0
0
40.6
13.4
0.7
0
0
0
0
0
0.9
0.1
0
0
0
0
15.4
1.6
1.2
-99
0
0
0
0
0
5.2
0.2
0
1.6
1.9
1.6
0
0
0
0
0
0
0
0
0.6
0
0
0
0.5
0
17
0.2
0
0
0
1.3
0
0
0
0.2
5.7
0
6.7
1
10.7
16
0.1
0
0
0
0
0
0
0
0
0
8.6
0.1
0
0.7
0
0
4.5
0
0
0
0
0
0
0
-99
-99
0
0
0
0
0
-99
0
0
0
0
0
0
0
0
0
0
0
0
0
0
0
0
0
0
0
0.3
0
0
0
0
0
0
-99
0.1
0
0
0
0
0
0
0.4
0
0
0
11.6
2.1
-99
-99
0
0
0
0
0
0
0
0
0
0
0
0
0
0
0
0
0
0
0
0
0
0
0
0
0
0
0
0
0
0
0
