20050101
0
0
0
0
0
0
0
0
0
0
0
0
0
0
0
0
0
0
0
0
0
0
0
0
0
0
0
0
0
0
0
0
0
0
0
-99
1.1
0.2
0.1
-99
0
0
0
-99
1.8
3
0
-99
-99
0
0
0
0
0
0
0
0
0
0
0
0
0
0
0
0
0
0
0
0
0
0
0
0
0
-99
0
0
0
0
2.4
0
0
0
0
0
0
0
0.1
0
0
0
0
0
0
0
0
0
3.4
5.1
0
0
0
0
0
0
0
0
0
-99
0
0
0
0
0
-99
-99
0
0
0
0
0
0
0
0.1
1.5
0
0
0
0
0.6
0
0
0
0
-99
38.9
13.3
0
0
0
0
0
0
0
0
0
0
0
0
0
0
0
0
0
0
0.5
4.1
0
0
45.1
0
0
0
0
0
0
0
0
-99
0
-99
0
0
0
0
0.9
23.7
4.4
1.2
0
0.3
-99
2.9
14.3
0.3
-99
0
0
0
0
-99
0
-99
6.2
0
0.7
20.3
8.5
16
0
0
0
47.9
8.3
-99
0
0
-99
0
9.1
23.2
3.7
0
-99
0.5
0
0
0.3
0
35.1
0.2
-99
0
0
0
0.2
0.1
0
18.8
0
-99
-99
0
6.9
11.6
0
0
0
0
2.1
18
0
0
0
0
0
0
0
0
0
-99
0
0
0
0
0
-99
0.1
19.8
-99
-99
5.2
38.7
9.6
0
0
0
4.5
4
13.1
30.8
11.8
3.5
6.2
8.2
2.1
0
0
2.8
-99
0
0
0
0
1.1
0.5
0
0
0
0
0
-99
3.3
1.6
0
0
0
0
0
1
0
0
0
0
0
0
0
0
5.6
0
0
0
0
0
0
0
-99
0
0
0
0
0
0
0
0
0
0
0
0
0
0
0
0
0
0
0
0
0
0
0
0
0
0
0
0
0
0
0
0
0
0
0
0
0
0
0
0
0
0
0
0
0
0
-99
0.3
0
0
0
-99
0
0
0
0
0
0
0
0
0
0
0
0
-99
0.2
1.7
-99
0
0
0
0
0
0
0
0
-99
-99
0
0
0
0
0
2.7
0
0
0
0
0
0
0
0
0
3.1
0.4
0
0
0
0
0
0
0
0
-99
-99
6.6
0.1
0
0
0
0
0
0
0
4.7
0
0
0
0
0
0
0
0
0
0
0
0
0
0
0
0
0
0
0
0
0
0
0
0
0
4.8
0.5
0
0
0
0
0
0
-99
21.9
0
0
0
0
0
0
0
0
3.4
0
0
0
-99
0
0
0
0
0
0
0
0
-99
-99
0
0
0
1.7
3.2
7.6
1
0
0
0
0
0
0
0
0
16.6
0.1
0
1.9
6.1
-99
0
0
0
0
0
0
0
0
0
0
0
0
0
0
0
0
0
0.6
2.7
0
0
0
0
0
0
12.9
18.2
0
0
11.7
4.1
0
-99
42.5
0
0
6.8
140.3
0
0
0
0
0
0
0
-99
-99
10.2
0
1.3
1.8
1.5
0.2
5.7
0.3
-99
-99
0.1
1.1
4.3
0
0
-99
12.9
0
11.3
4.4
-99
0
0
0.7
0
0
0
0
0
0
0
0
0
0.5
0
0
0
0
0
1.2
0
0
0
1.5
1.6
0
14.3
13.2
-99
6.8
0
0
0
11.2
3.1
0
7.2
0
0
0
0
0
0
0
0
0
0
0
0
0
-99
0
0
0
0
0.1
8.6
1
0
0
0
0
0
0
0
0
0
0
0
0
0
0
0
0
0
-99
-99
0
-99
0
-99
0
0
-99
0
0
0
0
0
0
0
0
0
-99
0
0
0
0
0
0
0
0
0
0
0
-99
0.8
0
0.6
0.2
0
0
1.3
8.4
-99
13.8
1.1
5.2
0
0
0
0
0
0
0
0
0.8
2.1
-99
0
0
0
0
0
0
0
0
0
0
0
0
0
0
0
0
0
0
0
0
0
1.6
0
0
0
0
0
0
0
0
0
0
0
0
0
0
0
0
0
0
0
0
0
0
0
0
0
0
0
0
0
0
0
0
0
0
0
0
0
0
0.7
0
0
0
0
0
0.4
0
0
0
-99
0
0
0
0
0
0
0.8
0
0
0
1.3
2.4
-99
40
1.9
-99
0
0
0
0
0
0
0
0
0.4
5.8
6.8
-99
-99
0
0
0
0
-99
0
0
0
0
0
0
0
0
0
0
0
0
0
0
0
0
0
0
0
0.5
0
0.5
8.5
0
0
0
0
0
0
0
0
-99
0
0
0
0
0
0.8
0
0
0
0
0
0
0
0
0.1
0
0.7
0
0
0
0
0
0
0
0
0
0.1
3
0.7
-99
0
0
0
0
0
14.5
6.6
0
0
0
0
0
0
0
0
0
0
0
0
2.3
2.1
0
0
0
-99
0.3
0.6
0.9
2.2
-99
0
-99
-99
0.8
0
11.3
-99
0.1
0
1.1
0.1
0.6
0
0
0
0
0
0
0
4.7
6.8
-99
0
0
-99
49.8
3.9
0.1
0
0
-99
0
0
4.4
0
57.5
5.6
19.3
0
3.6
0
0
0
-99
0.6
0
0
12
0
0
0
-99
0
0
0
0
0
0
0
0
0
0
39.2
0.1
0
0
0
8.1
22.2
0
0
13.2
0
0
0
-99
0
0
0
0
0
0.1
-99
0
0
0
0
0
0
0
0
0
0
0
-99
0.8
3.1
0.1
0.3
0.3
0
0
-99
0
0
0.2
0
-99
1.2
4
-99
0
0
0
0
0
0
0
0
0
0
0
-99
0
0
-99
12
0
0
0
0
0
0
0
0
0
0
0
0
-99
0
0
-99
-99
1.8
0.1
0
0
0
0
0
0
0
0
0
0
0
0
0
0
2.1
2.1
0
0
0
0
0
0
0
0
0.4
0
0
0
0
0
0
0
0
0
0
0
0
0
0
-99
0.9
0
0
0
0
0
0
0
0
0
0
0
0
0
1.6
0.3
0
0
0
0
0
0.2
-99
1.3
0.2
0.1
-99
0
0
0
0
0.9
1.5
0
0
0
0
0
0
0
0
0
0
0
0
0
0
0
0
0
0
0
0
0
0
0
0
0
0
2
1.7
0
0
0
0
0
0
0
0
0
0
0
0
0
0
0
-99
0
0
0
0
0
0
0
0
1.5
0
0
0
0
0
0
2.1
0.2
0
0
0
0
0
0
0
0
0
36.2
1.2
0.1
1.6
4.1
0
0
0
0
0
0.1
20.5
6
0
0.4
0
0
0
0
0
0
0
0
0
0
6.8
1.4
0
0
0
1.8
0.3
0
0
0
0
0
0
0
23.5
-99
0
0
0
0
0
0
0
-99
0
0
0
0
0
0
0
7.1
0
0
0.2
0
0
0
0
0
0
0
0
0
4.2
0
0
0
-99
0
0
-99
0
0
1.2
0
0
0
0.7
61.1
0
0
0.5
4.2
0
0
1.3
0
-99
0
9.2
0
31
114.6
0
14.5
58.4
0
0
-99
1.4
0
0
0
0
0
0
0
4.7
0
0
0
0
0
0.4
1.1
0
0
0
0
0
-99
27.4
0
0
-99
1.7
0
0
0
6.8
0
0
0
9.3
6.4
2.6
0
0.9
0.4
0
0
0
0
0
0
0
1.8
1.9
-99
3.7
0
0
0
0
0
0
0
7
12.6
0.1
0
0
0
0
-99
1.8
18.1
8.4
0
0
0
0
0
0
0.1
0
0.1
3
0
0
0
0
0
0
0
0
0
0
0
-99
3.6
1
-99
0
0
0
0
3.2
0
0
0
0
0
0
0
0
0
0
0
0
0
0
0
0
3.8
3.2
0
0
0
0
0
0
0
0
0
0
0
0
0
0
0
0
0
-99
0
0
0
0
0
0
0
0
0
0
0
0
0
0
0
0
0
0
0
0
0
0
0
0
0.8
0
0
0
0
0
0
0
0
0
0
0
0
0
0
0
0
0
0
0
0
0
0
0
0
0
0
0
0
0
0
0
0
0
0
0
0
0
0
0
0
0.1
8.2
0
0
0
-99
0
0
0
0.4
0
1.5
0.4
0
0
0
0.1
6.8
-99
4
-99
0
0
2.6
0
0
-99
0
0
0
0
-99
0.8
5
0
0
0
0
0
0
0
-99
14.8
0
-99
0
0
0
0
0
-99
0
0
0
-99
0.2
0
0
0
0
0
0
-99
0.1
0
0
0
0
0
0
-99
33.5
0
0
0.1
1.9
0
0
0
0
0
0
0
-99
0
0
0
0
0
0
0
-99
13.1
5.6
0.2
0.5
9.9
8.6
0
0
0
0
0
0
8.2
0
0
0
0
0.3
2
-99
0
0
0
0
0
0.3
-99
26.6
0
1.7
0
0
0
0
0
0.1
0
0
0
-99
0.1
0
0
0
0
0
0
0
0
-99
0
0
0
0
0
0
0
3.1
0
13.3
11.2
-99
3.7
0
54.2
0
0.2
0.1
11.8
4.4
0
-99
-99
0.2
0
2.7
0
0
-99
0
0
0
0
0
0.8
-99
-99
21.7
0
0
0
0
-99
0
0
0
0
0
0
53.6
0
0.2
0.1
4.4
13.2
0
0
0
-99
0
0
44.2
0
0
0
0
0.1
2.9
0
0.4
0.3
0
-99
0
0.8
0
4.3
6.4
0
1.8
2.3
2.6
6.2
22.3
0
0
0
1.7
0.2
0
0
0
0
0
0
0
0
0
0
0
0.3
0
0
0
0.4
3.1
0
0
0
0
0
0
0
0
0
0
0
0
0
0
0
0
0
-99
8.7
0
0
0
0
0
0
0
0
0
-99
14.8
17.7
0
0
0
0
0
0
0
0
0
0
0
0
0
0
0
1.6
0
0
0
0
0
0
0
0
0
0.2
0
0
0
0
0
0
-99
0
-99
0
0
0
0
0
0
0
0
0
0
0
0
0
0
0
0
0
0
0
0
0
0
0
0
0
0
0
0
0
0
0
0
0
0
0
0
0
0
0
0
0
0
0
0
0
0
0
0
0
0
0.5
1.9
0
-99
1.4
1
0
0
0
0
0
0
0
0
0
0
0
0
0
0
0
-99
4.5
0
0
-99
0.1
0
0
0
-99
0
0
0
0
0
3.8
0
0
0
0.3
0
0
-99
1.7
0
0
0
0
0
0
0.2
-99
0
-99
0
0
0
0
0
0
0
0
0
-99
0.4
0
2.7
0
0
0
0
0
8.6
17.8
0
0
0
0
0
0
0
0
0
0
0
0
3
0.6
0
0
0
0
0
0
0
0
0
0
6.4
8
0
0
0
-99
0
0
0
0
0
4.9
0.1
0.8
-99
0
0
-99
0.2
0.6
0
0
0
0
5.6
0
0
0
0
0
0
0
0
0
0
0
0
-99
-99
0
0
0
0
0
0
-99
15.9
23
0
0
0
0
0.7
2.8
0
3.5
0
0
0
0
0.6
0
2
-99
109.1
0
0
0
0.4
0.6
0
0
0
0
0
0
0
0
0
0
-99
2.9
0
0
0
-99
30.7
0.2
0.5
67.5
39.7
0
0
0
0
49.2
17.2
3.1
7.8
1
35.4
0.1
0.1
4.3
0
0
0
0
0
-99
0.1
-99
-99
27.9
73.1
0.7
0.8
0.2
0
0
0
0
0
0
2.3
2.2
0
0
-99
0
0
1.8
3.4
0
0
0
0
0
-99
0.2
0
0
0
0
0
0
0
-99
1.4
0.6
0.1
0
0
0
0
0
0
0
0
0
0
0
0.1
0
0
0
0
0
0
0
-99
0
0
0
0
0
0
0
0
0
0
0
0
0
0
0
0
0
0
0
0
0
0
0
0
0
0
0
0
0
0
0
0
0
0
0
0
0
0
0
0
0
0
0
0
0
0
0
0
0
0
0
0
0
0
0
0
0
0
0
0
0
0
0
0
0
0
0
0
0
0
0
0
0
0
0
0
0
0
0
0
0
0
0
0
0
0
0
0
0
0
0
0
0
0
0
0
0
0
3.2
2.2
0
0
-99
0
0
-99
0
0
0
0
0
0
0
0
-99
13.3
1.6
5.9
0.1
0
0
0
0
0
0
0
0
0
0
0
0
0
0
0
0
0
-99
0.7
0.1
0
0
0
0
0
0
0
0
0
0
0
1.8
0
0
0
-99
0
0
0
0
0
0
0
0
0
0
0
0
0
0.1
9.1
0.1
0
0
0
0
0
0
0
0.1
0
0
0
0
0
0
0
11
-99
15.2
0
0
0
0
0
0
0
0
0
20.6
9.5
0
0
0
0
0
-99
0
0
0
0
0
0
0
0
0
0
1.4
-99
-99
0
0
0
0
0
0
0
0
0
0
0
0
-99
2.3
0
19.6
0
-99
0
0
0
0
0
34.8
-99
0
6.7
0.8
0
0
-99
0
0
0
0
0
0
0
0
0
12.1
0
-99
0
0.9
0
0
0
0
13.1
1.9
-99
15.8
25.9
0
0
0
1.6
0.7
0
0
0.2
0.6
0
0
0
0
0
0
2
3.4
6.6
18.9
0
0
0
0
0
0.2
0
0
0
0
0
0
-99
6.3
2.6
-99
9.4
0
0
0.2
16.9
39
10.3
19.1
12.8
0.1
26.2
7.9
4.3
0
0
0
0
0
0
0
1.7
26.4
0
0
0
0
0
-99
0
0
0
0
1.9
3.1
4.5
6
0
0
0
0
0
0
0
0
0
1.1
20.7
0
0
0.4
-99
0
0
0
0
0
0
-99
3.1
1
0
20.9
4.6
0
0
0
0
0
0
-99
9.4
17.4
13.1
0
0
0
1
0
0
0
0
0
8.5
12.5
0
0
0
0
-99
1.5
-99
0.3
0
0
0
0
0
0
0
0
0
0
0
0
0
0
0
0
0
0
0
0
0
0
0
0
0
0
0
0
0
0
0
0
0
0
0
0
0
0
-99
1.7
0
-99
0
0
0
0
0
0
0
0
0
0
0
0
0
0
0
0
0
0
0
0
0
0
0
0
0
0
0
0
0
0
0
0
0
0
0
0
0
0
0
0
0
0
3.7
0.1
0
0
0
0
0
0
0
0
0
0
0
0
0.5
0.3
0
0
-99
0
20.3
3.7
0.5
0
0
0
0
0
0
0
0
0
0.9
0
0
0
0
0
0
-99
0.1
1
2
0
0
0
0
0
0
0
-99
0
0
0
21.9
0.6
0
0
0
0
0
0
0
0
0
0
0
-99
0
0
0
0
1.5
0
0
0
0
0
0
0
0
0
-99
0
0
0
-99
0
0
0.4
0
0
0
0
0
0
0
-99
0
0
0
1.6
-99
0
0
0
0
0
0
0
0
0
0
0
37.6
0.2
13.2
-99
1.3
0.1
2.8
0
0
0
0
3.4
6.3
0
14
0
31.6
-99
0
0
9.5
1.6
0
0
0
0
0
0
1.8
0.1
0
0
4.9
0
0
0
-99
-99
7.5
43.2
0
0
0
1.5
0
0
0
0
0
0
0
0.6
0.1
0.4
0
0
0.1
-99
35.2
-99
0
0
0
0
0.2
0.1
0
0
0
0.1
13.8
8.5
0
0
0
0
0
-99
0
0
21.9
0
0
0
0
0
0
-99
0.9
0
-99
-99
0
0
1.9
6.8
0
0
0
0
0
0
0
0
0.4
-99
0
0
0
0
0
0
0
0
-99
7.2
0
0
-99
0
1.7
0.5
0
0
0
0.3
0
0
0.2
0
0
0
0
3.8
0
0
0
0
0
0
1.5
0
0
0
0
0
0.7
0
0
0
0.1
0
0
0
0
3.7
0
0
0
0
0
0
0
0
0
0
0
0
0
0
0
0
0
7.7
0
0
0.6
0
-99
0
-99
0.8
0
0
0
0
0
-99
0.1
0
0
0
0
0
0
0
0
0
0
0
0
0
0
0
0
0
0
0
0
0
0
3.9
0.5
0
0
0
0
0
0
0
0
0
0.4
0
0
9.4
0
0.5
-99
0
0
0
0
0.2
0.1
0
0
0
0
0
0
0
0
0
0
0
0
0
0
0
0
0
0
0
0
0
0
0
0
0
0
0
-99
0
0
0
0
0
0
0
0
0
0
0
0
0
0.4
0
0
0
0.1
0
-99
0
-99
0
4.2
0
0
0
0
0
0
0
0
0
0
0
0
0
7.6
0.2
0
7.8
0
0
0
0
0
0
0
0
0
0
0
0
0
0
0.5
4.6
0
0
0
0
0
0
0
0
-99
6.2
0
0
0
0
0.4
11.4
5.3
28.8
-99
3.2
1
0
0
0
0
-99
0
0
0
-99
2.6
1.7
5.5
2.9
0
0
0
0
0
0
0
0
0
0
1.1
-99
0
0
0
-99
0
0
0
-99
77.3
4.5
19.7
0
0
0
2.1
8
0.3
-99
0
0
0
0
-99
0
59.8
21
-99
0
0.8
37.6
0
0
0
-99
-99
-99
0
0
29.4
0
0
0
0
0
7.5
4
0
0
0.6
22.2
0.3
0
0
0
0
0
0
0
0
0
0
0
0
0
0.5
0
0
0
0
0
0
0
0
-99
0
0
12.1
2
0
0
0
0
0
0
0
0
0
0
0
0
3.5
-99
0
0
0
0
0
0
0
0
0
0
0
0
0
0
0
0
0
0
0
0
5.2
0
0
0
0
0
0
0
0
0
0
0
0
0
0
0
-99
6.2
4.9
0
0
0
0
0
0
7.5
6.7
0.7
0
0
0
0
0
0
0
0
0
0
0
0
4.6
7.4
0
0
0
0
0
0
0
0
0
0
0
0
0
-99
0
0
0
0
0
0
0
0
0
0
0
0
0
0
0
0
0
0
0
0
0
0
0
0
0
0
0
0
0
0
0
0
0
0
0
0
0
0
0
0
0
0
0
0
0
0
0
0
0
0
0
0
0
-99
0
0
0
0.1
8.2
5
1.9
0
0
0
0
0
0
0
0
-99
-99
-99
0
0
0
0
0
0
0
0
0
1.5
0.7
0
0
0
-99
0
0
0
0
0
0
-99
0
0
0
0
0
3
-99
-99
0
0
0.2
0
0
0
0
0
0
0
0
0
0
0
0
0
0
0
0
0
0
10.6
0.2
0
0
3
0.4
0.1
13.1
8.3
0
0
0
0
0
11
0.4
0
-99
0
0
0
0
0
0
0
0
0
0
0
14.8
2.9
0
0
0
0
0
0
0
0
0
0
0
0
9.4
0
0
0
0
0
0
-99
-99
0
0
0
0
0
0
0
0
0
0
0
0
-99
-99
0
0
0
22.3
4.2
0.1
0
4.4
0
4.6
0
0.7
0
1.5
0
11.4
0.1
0
36.2
0
0
0
0
0
8.7
0
3.4
0.2
0.8
-99
0
0
0
2.1
0
0
0
2.9
-99
0
0
0
0
41.6
27.1
0
0
0
0
0
5.4
0.7
11.6
3.3
12.9
0
0
-99
-99
9.6
0
0.1
3.7
8.5
0
0
0
0
0
0
0.4
26
0.7
0
0
21.9
2.6
3.6
2.2
0
0
0
0
0.9
0.1
3.7
0
9.3
14.9
0
30.8
18.7
38.8
15.2
-99
0
0
0
0
0
0
0
0
4
25.6
0
0
2.7
0
0
0
0
0
0
0
0
0
0
0
0
0
0
0
0
0
1.1
0.9
0
0
0
0
0
0
0
0
-99
0
0.3
0.7
0
0
0
0
0
0
0
0
0
0
0
0
0
3
0
0
0
0
0
0
0
3.1
0
-99
0
1.8
0.1
2.3
0.2
0
0
0
0
0
0
0
0
0
0
0
0
0
0
0
0
0
0
0
0
0
0
0
0
0
0
0
0
0
0
0
