20050101
0
0
0
0
0
0
0
0
0
0
0
0
0
0
0
0
0
0
0
0
0
0
0
0
0
0
0
0.1
0
0
0
0
0
-99
0
0
0.4
1.1
-99
0
0
0
0
0
-99
1.4
0.2
1.1
1.4
0
0
0
0.4
0
2
0
0
0
0
0.1
0
-99
0
0
0
0
0
0
0
0
0
0
0
0
0
0
0
0
0
0
0
-99
0
0
0
0
0
0
0
0
0
0
0
0
0
0
0
5.9
4.7
0
0
0
0
0
0
0
0
0
0.7
0
0
0
-99
0
0
0
0
0
0
0
0
0
0
0
7.9
-99
2.4
-99
0.1
-99
0
0
0
0
0
1.1
20.9
0
0
0
13.2
0
0
2.2
0
0
2.4
0
4.4
-99
19
4.1
0
0
0
3.7
0.4
5.5
0.4
11.2
0
0.4
3
6.5
1
-99
2.4
-99
-99
7.3
0.6
0
0
4
1
0
0.6
0.7
0
42.3
0
0
0
0.2
0
0
1.4
-99
3.5
0.4
0.4
1.1
0
2.7
0
0
0
0
0
0
4.7
2
5.5
22
-99
0
-99
10.8
0
0
0
15.9
3.5
-99
-99
0.1
1.4
0
0
0
20.6
5.4
0
6.6
10.3
-99
13.6
9.3
3.1
0
0
0
0
0
12
-99
0
0.3
0
0
0
0
0
0
0
0
0
0
0
0
0
0
-99
0.1
0.1
3.3
0
2.5
6
0
0.1
3.1
0
0
0
0.3
-99
13
39.1
0
0
7.7
0
0
0
0
0
-99
-99
0
0
0
0
0
0
0
0
0
0
0
0
0
0.4
0
0
0
0
0
0
1.6
0
0
0
0
0
0
0
0
0
0
0
0
0
0
0
0
0
0
0
0
0
0
0
0
0
0
0
0
0
0
0
0
0
0
0
0
-99
0
0
0
0
0
0
0
0
0
0
0
0
0
0
0
0
0
0
0
0
0
0
0
0
0
0
0
0.1
0
0
0
0
0
0
0
0
0
0
-99
0.2
0
0
0
0
0.4
-99
0
0
0
0
0
0
0
0
0
0
0
0
0
0
0
0
0
0
2.9
0
0
0
0
0
0
0
0
0
0
0
0
0
0
0
0
0
0
0
0
0
-99
0
0
0
0
0
0
0
0
0
0
0
0
0
0
0
0
0
0
0
0
0
0
0
0
0
-99
0
0
0
0
0
2.8
0
0
0
0
3.3
0
0
0
0
-99
-99
0
0
0
-99
0
-99
-99
0
0
0
0
0
0
0.1
0
0.8
0
0
0
0
0
-99
0
0.5
0
28.1
1.9
0
0
5.5
0
0
0
0.1
-99
0.1
0
0
-99
0
0
-99
13.2
19.9
13.3
0
0
0.3
0.9
0
6.6
20.8
0
0
17.9
-99
-99
1.1
1.2
0.1
5.2
3.3
0.1
0
-99
0
0
0
0
0
-99
44.2
9.1
-99
15.5
-99
0.7
85.2
2.9
3.1
0
0
0
-99
0
0
0
1.1
20.6
0
4
0
0
0
0
6.4
9
-99
1.3
0
0
4.4
27.6
3.3
6.4
-99
5.5
0
3.4
-99
3.4
17
0
0.8
0
0
2.4
0
1.9
3
1.2
2.3
10.1
0
0
-99
0
-99
0
0
0
0
0
0
0
10.1
0
0
-99
0
0
9.5
0
-99
0
0
0
0
28.2
0.1
0
-99
0
0
0
0
0
0
0
0
0
0
0
0
0.1
4
0
0
0
0
-99
0
0
0
0
0
0.4
0
6.7
0
3.1
-99
0
0
0
0
0
0
0
0
0
3.5
1.5
0
0.6
0
0
0
0
0
0
0
0
0
0
0
0
0
0
0
0
0
0
0
0
0
0
0
0
0
0
0
0
0
0
0
0.6
0
0
0
0
0
0
0
0
0
0
0
0
0
0
0
0
0
0
0
0
0
0
0
0
0
0
0
0
0
0
0
0
0
0
0.7
0.3
0
0
0
0
-99
-99
0
0
0
0
0
0
0
0
0
0
0
0
0
0
0
0
0
0
0
0
0
0
0
0
0
0
0
0
0
0
0
0.1
0.9
0
0
0
0
0
0
0
0
0
0
0
0
0
0
0
0
0
0
0
0
-99
0
7.4
18.4
0
0
0
0
0
0
0
0
0
0
0
0
0
-99
2.4
0
0
0
0.2
0
0
0
0
0
8.6
-99
0.3
-99
0
0
0
0
-99
0
0
0
0
0
10.2
0.2
0
0
0.2
0
0
-99
0
0
0
0
0
0
0
0
0
0
0.2
0
0
0
0
-99
0
0
0
0
0
0.8
0
0
0
3.2
-99
0.1
0
0
0.1
0
9.2
1.6
2
0
0
0.3
-99
0
-99
3.2
-99
-99
0
0
0
0
0
0
0
0
0
-99
5.5
-99
0
0
0
0
0.4
0
0
0
-99
0.5
-99
0
9.1
1.5
2
11.6
-99
1.4
1.9
1.6
0.5
11.2
6.4
5.8
14.4
0.8
0
0.5
-99
1.9
0
0
0
12.6
0
0
0
0
0
0
0
0
0
2.9
0.1
0.7
38.7
1.4
0
-99
53.6
0.1
0
7.3
0.7
0
0
0
11.7
0.2
0
0
0
0
0
0
0
0
0
0
0
0
11.7
0
0
0
0
0
0
0.7
0
0
0
0
0
0
0
0
5.6
0
13.4
5.3
0
0
-99
21.5
0
0
0
0
0
0
0
1.8
0.4
0
0
0
-99
0
0
0.2
0.4
7.3
0
0
0
0
0
0
0.2
0
0
0
0
0
0
0
0
0
0
0.5
-99
0
4
5.6
0
0
0
0
0
0
0
0
0
0.1
-99
0
0
0
0
-99
2.5
0
0
0
0
-99
0
0
0
0
0
0
0
0
0
0
0
0
0
0
0
0
0
0
0
0
0.9
0.1
0
0
0
0
0
0
0
0
0
0
0
0
0
0
0
0
0.3
0
0
0
0
0
0
0
0
0
0
0
0
0
0
0
0
0
0
0
0
0
0
0.2
0.3
0.1
0
0
0
0
0
0
0
0
0
0
0
0
0
0
0
0
0
0
0
0
0
0
0
0
0
0
0
0
0
0
0
0
0
0.2
0
0
0
-99
0
-99
0
0
0
0
0
0
0
0
0
0
0
0
0
0
0
0
0
-99
2
0
0
0
0
0
0
2.4
0.5
0
0
2.6
0
0
0
0
0.7
0
0.6
2
6.2
0
0.2
0
0
0
-99
-99
0
0
9.4
5.6
5.8
0
0.2
1.4
0
0
-99
0
0
0
0
7.1
-99
0
0
0
0
0.1
0.2
7.1
2.5
-99
0.2
0
0
0
0
0
-99
0
0
0
0
0
-99
-99
0
-99
0
-99
10
5.3
0
0.8
0
0.5
-99
0
0
0.3
-99
1.2
0.3
14.4
0.2
0
14.6
-99
1.4
0.9
-99
-99
23.8
2.1
0.6
4.6
9.7
2.3
0.4
14.9
1.4
-99
7.9
9.4
5
0
0
0
0
0
0
0
0
10
10.6
-99
0
4.7
0
0
0
0
0
0
-99
6.2
0
0
17.1
0
15.3
4.2
0.4
0
0
0
0
0
0.2
-99
10.6
33
6.6
0
13.4
0
0
0.3
4
0.1
0
7.6
1.6
0
0
3
34
0
0
0
5.4
0
0
0
0
1.1
2.3
0.7
5.5
0
5.3
1.9
0
0
0
22.8
0
4.5
-99
0
0
0
7.5
2.1
0
-99
0
0
0
0
0
0
0
0
0.8
1.4
8.2
0
0
0.3
0.8
0
0
0
0.1
0
0
0
0
2.1
0
0
0
-99
7.7
0
0
0
0
0
-99
0
0
-99
0
0
0
0
0
0
0
0
0
0
0.1
0.3
0
0
0
0
0
0
0
0
0
0
-99
0
0
0
0
0
0
0
0
0
0
0
0
0
0
0
3.3
0
0
0
0
0
0
0
0
0
0
-99
0
0
0
0
0
0
0
0
0
0
0
0
0
0
0
0
0
0
0
0
0
0
0
0
0
0
0
0
0
0
-99
0
0
0
0
0
0
0
0
0
0
0
0
0
0
0
0
0
0
0
0
0
0
-99
0
0
0
-99
0.3
0.1
0
0
0
-99
0
0
0
0
0
0
0
0
0.2
1.1
0
0
0
0
0
0
0.6
0
0
0
0
0
0
0
0
0
0
0
0
0
0
0
0
0.5
1.6
-99
0
0
0
0
0
0
0
0
0
-99
1.3
0
0
-99
3.4
0
0
1.2
4
-99
0
0
5.4
7.3
0
0
0
0
-99
0
1.1
0
0
0
0
0
0
0
7.4
0
0
0
0
-99
2.6
0
0
0
0
0
16.2
0
0
0
-99
0
0
8
0
0
0
0
0
0
0
0
0.7
0
39.6
1.7
0
0
0
0.2
0.6
0.9
3.5
0
4.2
0.1
0
0
0
0
0
0
-99
0.5
0
0
0.6
0
0
-99
7.2
19.4
0
0
0
0
13.8
3.1
0
1.5
0
0
0
9.4
0
1.1
7.9
0
1.6
8.3
9.8
0
0
0
0
11.8
1
0
9.9
0
0
0
0
0
0
0
3.9
-99
0
0
0
0
-99
2
5.6
0
4.4
0
0
0
0
0
0
0
1
0
0
5.1
0
0
0.1
0
-99
0
6.9
1.4
0
0
0
0
0
0
0
0
0.2
0.4
0
0
1.2
0
0
0
0
4.1
2.7
0.1
0
0
0
1.3
0
0
0
0
0
0
0.9
0
0
0.2
0
0
0
0
0.4
-99
0
0
-99
0
0
0
0
0
0
0
0
0
14.9
0
5.6
0
0
0
0
0
0
0
1.7
0
0
3.4
0
0
0
0
0
0
0
0
0
0
0
0
0
0
0
0
0
0
0
0
0
0
0
0
0
0
0
0
0
0
0
0
0
0
0
0
0
0
0
0
0
0.2
0
0
0
0
0
0
0
0
0.2
2.7
0.1
0
0
0
0.4
0
0
0
0
0
0
0
0
0
0
0
0
0
0
0
0
0
0
0.1
0
0
0
0
-99
0
0
0
0
-99
0.2
0
0
0
0
0
0
0
0
0
0
0
0
0
0
0
0
0
0
1.1
2.5
0.2
0
0.9
0
-99
0
0
0.1
3.6
0
0
0
0
0
8.5
0
0
0
0
0
0.1
0
-99
0
0
0
0
0
0
0
4.3
0.1
0
0
0
0
0
0
0
0.1
-99
0
-99
3.7
0
0
0.1
-99
-99
-99
3.3
0.7
1.1
5.4
0
0
4
1.1
0
0
-99
0
0
0
-99
-99
8.4
0
1.8
-99
3.1
1
-99
0
0
0.7
0.2
-99
-99
12.7
0.2
0
0
0
-99
0
0
-99
3.9
23.4
1.5
2.9
1.8
7.8
0
0
0
0
0
0
0
0
1.2
0
3.4
11.7
0.1
0
16
13.7
0
2.1
0
0.2
0
0
0
0
0
11.4
0
0
0.2
3
0
0
0
0
0
-99
-99
4
-99
31
7.5
0.1
0
10.8
0
6.4
0.6
0
0.4
0
0
0
0
-99
-99
0
0
7.7
4.1
23.1
0
0
12.4
11.6
0
0
10
2.7
1.1
0
0
0
0
0
0
0
0.3
13.4
9.4
0
23
-99
0
0
0
0.2
0
0
0.1
0
0.1
2.4
0
-99
0
0
0
0
0
0
-99
0
0
0
0
0.9
18.4
22.6
14.6
0
17.1
30.5
0
0
0
3.3
0
0
0
0
0
0
11.2
0
0
0
0
0
0
0
10.4
9.1
0
0
0
0
0
0
4
3
0
0
0
1
0.9
0
0
0
0
0
0
0
0
0
0
0
0
0
0
0.9
0
0
0.2
0
0
0
0
0
0
0
0
0
0
0
0
0
0
0
0
0
0
0
0
0
0
0
0
0
0
0
0
0
0
0
0
0
0
0
0
0
0
0
0
0
0
0
0
0
0
0
0
0
0
0
0
0
0
0
0
0
0
0
0
0
0
0
0
0
0
0
0
0
0
0
0
0
0
0
0
0
0
0
0
0
0
0
0
0
0
0
0
0
0
1.8
-99
0
0.1
0
0
0
0
0
0
0
0
0
0
0
0
2.5
0.4
0
0
0
0
0
0
0
0
0
0
0
0
0
0
0
0
0
0
0
0
0
0
0
0
0
0
0
0
0
0
0
0
0
0
0
0
0
-99
0.7
0
0
0
0
0
0
0
0
0
-99
0
0
0
10.5
0
-99
-99
0
1.8
0
0
7.4
0.1
0
0
0
6.5
8.5
0
0
0.6
0.9
0
0
0
0
0
0
0
0
-99
1
-99
0
0
0
0
0
4.2
0
0.1
6.2
2.7
-99
0
-99
0
0
0
2.7
0.9
0
0
13.5
3.9
-99
0
6.6
27.1
18
-99
0
0
0
0
0.3
26.8
-99
0
0
0
0
0
0.3
0.2
0
0
0
4.5
0
0.4
-99
2.5
1
36.8
14.3
-99
0.2
-99
0.3
0
4.4
1.6
1.1
35.4
0.3
0
2
41.2
0
-99
-99
5.5
3.9
0
0
0
0
0
0
0
0
0
-99
0
0
0
0
6.2
62.5
2.4
-99
0
0
0
4.1
0.2
-99
0
0.3
0
0
0
0
0
0
0
0
2
2.6
0
-99
0.4
0
0
1.4
1.9
0
0
0.1
6.2
12.5
0
0
0
0
0
0
0
0
0
0
0
0.2
0
0
0
0
0
0
0
0
0
0
0
0
0
0
6.2
0
0
0.5
0
0
0
0
0
0
-99
0
0
-99
0
0
0
0
0
2.3
-99
0
0.8
0
0
0
0
0
0
0
0
0
0
0
0
5.2
0
0.4
0
0
0
0
0
0
0
0
0
0
0
0
0
0
0
-99
-99
0
0
0
0
0
0
0
0
0
0
0
0
0
0
0
0
0
0
0
0
0
0
-99
0.2
0
0
0
0
0
0
0
-99
0
0
0
0
0
0
0
0
0
0
0
0
0
0
0
0
0
0
0
0
0
0
0
0
0
0
0
0
0
0
0
0
0
0
0
0
0.3
-99
0
0
0
0
0
0
0
-99
0
0
0
0
0
0
0
0
1.1
0.8
0
0.2
0
0
0
0
0
0
0
0
0
0
0.3
3.3
4.4
0
0
0
0
1.8
0
0
0
0
0
0
-99
0
0
0
0
0
0
0
0
0
-99
1.2
0
0
0
0
0
0
0
0
8.1
1.2
0
0
0
26.8
0
0
0
0
0
0
0
1.3
0
0
0
0
0
0
0
0
5.4
2
1.7
0
0
0
0
0
5.8
0
0
0
0
0
0
0
0
0
13.5
0
-99
4
0
5.3
-99
0
4.4
5.2
-99
1.6
0
0
0.7
13.4
2.2
1.8
1.4
-99
2
0
0.1
10.8
-99
-99
15.8
1.8
0.1
2.5
1.5
0.9
0
0
0
0
0
7.1
1.2
1.4
0.3
0
0.5
1.7
1.1
0
0
0
0
0
0
0
0
19.6
11.7
0
0
-99
0
1.1
0.8
0.6
0.8
16.1
4.2
0
0
0
0
0
0
0.2
0
0
-99
0
0
4.5
0
0
0
-99
0
0
0
0
0
0
0
0
0
0
0
0
0
1.2
35.4
0
0
0
0
0
0
0
0
6
0.7
0
0
0
0
0
0
0
0
13.1
0.5
3.5
3.1
10.2
0.1
4.2
0
0
0
0
0
0
0
0
0
0
0
2.5
0
0
0
0
0
-99
1.7
0
0
0
0
14.1
0.4
0
0
0
0
0
0
0
0
0
0
0
9.6
37.3
0.9
0
0
0
0
6.6
-99
0
0
0
0
1.8
0
0
0
0
0
-99
0
0
0
0
0
0
0
0
0
-99
0.4
0
0
0
0
0
0
-99
0
-99
-99
2.7
0
-99
0
0
0
0.6
0.9
0
0
0
0
0
0
0
0
0
0
0
0
0
0
0
0
0
0
0
0
0
0
0
0
-99
0
0
0
0
2.5
0
0
0
0
0
0
0
-99
0
0
0.1
0
0
0.1
0
0
0
0
0
0
0
0
0
0
0
0
0
0
0
0
0
0
0
0
0
0.8
0
0
0
0
0
0
0
0
0
0
0
0
0
0
9.4
0
0
0
0
0
0.3
6.5
0.1
0
0
-99
0
0
0
0
0
0
-99
0
0.1
0
0
2.2
0.6
0
0.6
-99
0
0
0
0
0
0
0
0
0.1
0
0
0
0
0
2.5
0.4
0
0
0
0
0
0
0
0
0
0
0
0
0
-99
12.3
0
0
0
0
0
0
0
-99
0
0.8
0
0
0
0
7.2
0
0
0
0.6
0
0
0.3
0
0.9
0
16.7
2.9
0.3
16.6
0
18.5
0
0
0
0
0
0
8.2
0
-99
0
0
0
3.1
0.6
0
11.2
1.5
0.2
6.1
0.8
0
6.1
16
0
2.6
0
0
1.1
25.8
1.1
0.7
0
0
-99
0
52.4
-99
0
0
0
0
0
0
0
0
0
0
9
0
0
-99
4.9
3
-99
0
2.9
1.6
0
1.1
16.7
0
0.5
0.9
12.9
17.9
3.4
5.4
6.2
0
0
0
2.4
0.1
0
0
0
0.1
0.2
0
37.6
0
0.8
0
2.4
0
0
0
37.2
0
0
0
0.2
0
0
0
13.3
0
0
0
0
6.5
7.5
0
0
0
3.1
0
0
0
0
0
0
0
17.3
0
0
0
0
0
0
2.3
0
2.4
0
-99
1.8
0
0
0
0
0
2
0
0
4.5
0
0
0
0
0
0
0
0
0
0
-99
0
0
0
0
0
0
0
0
0
0
0
0
0
0
0
0
0
0
0
0
0
0
0
0
0
0
0
0
0
0
0
0
0
0
0
0
0
0
0
0
0
0
0
0
0
0
0
0
0
0
0
0
0
0
0
0
0
0
0
0
0
0
0
0
0
0
0
0
0
0
0
0
0
0
0
0
0
0
0
0
0
0
0
0
0
0
0
0
0
0
0
0
0
0
0
0
1
0.2
0
0
0
0
0
0
0
0
0
0
0
0
0
0
0
0
0
0.8
0
0
0
0
0
0
0
0
0
0
0
0
0
0
0
0
0
0
0
0
0.2
0
0
0
0
0
0
0
0
5.2
0
0
0
0
0
0
0
0
0
0
0
0
0
0
1.5
0
0
0
0
4
0
0.5
0
0
0
0.4
0
-99
0.8
0
0
0
0
8.7
-99
0
0
0
0
0
0
0.4
0
14.9
0.1
0
0
0
0
1.7
0.9
7.4
0
0.2
0
0
7
0
0
1.8
0
0
0
0
8.3
0.8
0
0
-99
24.4
0
0.3
4.1
3
1.3
0
0.9
0
12.5
2
19.7
0.8
0
13.9
21.1
15.1
0
0
15
0
0
0
0
0
3.6
5.8
8.6
0
0
0
0
1.8
0
0
0
0
2
1.8
0
13.8
0
0
0
0
18.9
1.2
0
0
0
0.1
0
0
0
25.4
0
0
0
27.5
14.5
0
0
0
0
0
0
0
0
4.3
0
0
0
0
0
0
0
0
0
6.3
0
0
0
0
2
1.8
0.3
5.3
15.9
10.6
0
0
0
0
1.1
0
0
0
0
8.8
0
0
0
0
0
0
4.9
0
0
4.1
17.2
1.2
0
2.5
0
0
0
0
9.1
0
0
13.4
0
0
0
0
0
0
0
0
0
0
0
0
0
0
0
0
0
0
0
0
0
0
0
0
0
0
0
0
0
0
0
0
0
0
0
0
0
0
0
0
0
0
0
0
0
0
0
0
0
0
0
0
0
0
0
0
0
0
0
0
0
0
0
0
0
0
0
0
0
0
0
0
0
0
0
0
0
0
0
0
0
0
0
0
0
0
0
0
