20050101
0
0
0
0
2.2
-99
0
0
0
0
0
0
0
0
0
0
0
0
0
0
0
0
0
0
0
0
0
0
0
0
0
0
0
0
0
0
0
0.3
0
-99
0
0
0
0
0
12.6
0.1
0
0.1
0
0
0
0.1
-99
-99
0
0
0
0
0.2
0
0
0.5
0
0
0
0
0
0
0
0
0
0
0
0
0
0
0
0
0
0
0
0
0
0
0
0
0
0
0
0
0.1
0
0
0
0
0
0
3.7
0
0
0
0
0
0
0
0
0
5.4
0
0
0
0
0.2
0
0
-99
0
0
0
0
0
0
0
3.7
0
0
0
0
5.2
0
0
1.4
0
0
10
21.7
0
0
0
2.2
4
0
0
0
0
0
0
0
-99
0
10.9
0
0
0
-99
1.1
0
0
2.6
0
0
0
2.1
17.2
2.3
0
-99
0
-99
6.2
-99
8.9
0
0
-99
3.5
15.9
0
1.7
0
0
0.1
0.1
0
0
0
0
0
-99
10.4
22.7
14.8
0
25.6
25.1
0.1
0
0
0
0
0
0
-99
18.6
0
0
-99
0
0
5.3
6.2
0
0
0.9
0
1.8
0
1.5
10.8
24.5
10
0
0
0
0
0
57
54.2
0
0
0
0
0
0
0
0
0
-99
0
0
0
0
0
0
0
0
0
0
0
0
0
0
0
0
0
0
9
14.8
0
0
2.2
0.2
0.7
0
0
0
0
0
0
0
14.6
-99
0
0
0
0
0
-99
11.3
0
0
0
0
-99
1.2
0
0
0
0
0
0
0
0
0
0
0
0
0
0.1
0
0
0
0
0
0
0
0
0
0
0
0
0
0
0
0
0
0
0
0
0
0
-99
0
0
0
0
0
0
0
0
0
0
0
0
0
3
0
0
0
0
0
0
0
0
0
0
0
0
0
0
0
0
0
0
0
0
0
0
0
0
-99
0.1
0.2
0
0
0
0
0
0
0
0
0
0
0
0
0
0
0
0.1
0
2.1
0
0
-99
-99
0
0
0
0
0
0
0
0
0
0
0
0
0
0
0
5.5
0.7
0
0
0
0
0
-99
0
0
0
0
0
0
0
0
0
0
0
0.1
0
0
0.4
0
0
0
-99
0
0
0
0
0
0
-99
0
0
0
0
0
0
0
0
0
0
0
0
0
0
0
0
0
0
0
0
3
0
0
0
0
2.9
0
0
0
-99
0
-99
0
0
0
0
0
4.9
0
0
0
0
0.2
0
0
0.1
0
0
0
0
0
0
0
0
0.1
0
0
0
-99
-99
0
-99
1.5
0
0
0
0
0
0.3
2.3
16.5
0
0
0
4.2
29.9
46.1
0
0
0
0
0
0
0
0
0
0
2
0
0
0
0
-99
5.2
0.2
0
0
0
0
-99
0.6
-99
0
0
0
0.3
8.5
0.3
1.9
15
0.1
0.6
0
0
0
8.8
0
0
0
0
4
0
12.3
19.6
6
0
0
-99
9.2
0
0.1
0
0
0
0.5
59.4
0
0
0
0
18.8
12.8
4.2
0
-99
5.3
0
0
0
3.4
8.4
0
0
0
-99
1.1
9.1
0
0
0
0
0
0.7
0.3
0
0
0.4
45.1
0
-99
2.2
0.2
0
0
0
-99
0.5
0
0
0
-99
0
0
0
0
0
0
0
0
0
0
0
0
0
0
0
0
0.7
0
0
0
0
0
0
0
0
0
0
0
0
1.2
0
0
0.1
0
-99
0
0
0
0
0
0
0
0.2
8.9
0
0
0.1
0
0
0
0
0
0
0
0
0
0
0
0
0
0
0
-99
0
0
0
0
0
0
0
0
0
0
0
0
0
0
4
4.7
0
0
0
0
0
0
0
0
0
0
0
0
0
0
0
-99
0
0
0
0
0
0
0
0
0
0
0
0
0
0.2
0
0
0
3.4
-99
-99
0
0
0
0
0
0
0
0
0
0
0
0
0
0
0
0
0
0
0
0.1
0
0
0
0.1
1.6
0
0
0
0
0
0
0
0
0
0
0
0
0
0
0
0
0
0
0
0
0
0
0
0
0
0
0
0
0
0
0
0
0
10.9
0.2
2.3
37.2
0
0
0
0
0
0
0
0
0
0
0
0
0
-99
0.4
0
0
0
2.3
0
0
0
0
1.2
0.5
5
0
0
0
0
0
0
0
0
0
-99
0.8
0
7.6
0
0
0
0
0
0
0
0
0.8
0
0
0
0
0
0
0
0
0
0
0
0
0
-99
0
0
0
0.4
0
12.5
0
0
0
12
3.5
0
0.7
0
0
0
34.5
15.7
-99
0
0
0
0
0
0.8
6.1
0.1
0
0
0
0
0
0
0
0
0
0
0
0
0
0
0
0
0
1.1
0.7
3.7
0
-99
0
0
0
8.2
3
20.7
32.8
2.7
0
0
0
0
0
0
0.1
28.3
4.2
11.1
0
0
0
0
0
0
22.6
0
0
0
0
0
0
0
0
0
17.1
5.1
0
5.3
39.5
-99
0
0
0.1
-99
2.4
0
0
9.7
0
-99
0
0
0
6.8
0
0
0
0
0
0
0
0
0
128.4
5.6
-99
0.5
0
0
0
0.8
0.3
0
0
0
0
0
0
0
0
0
-99
18.9
0
0
0
0.3
0
0
0
0
0
0
0
0.8
26
0
0
0
31.7
2.9
0.1
0.6
20.9
6.8
0.2
0
0
-99
0
0
0
0
0
0
0
0
0
0
0
0
0
0
0
0
1
11.1
0
0
0
0
0
0
0
0
0
0
0
0
0
0
0
0
0
-99
0
0
0
0
0
0
0
0
0
0
0
0
0
0
0
0
0
0
0
0
0
0
0
0
4.2
0
0
0
0
0
0
0
0
0
0
0
0
0
0
0
0
0.6
2.7
0
0
0
0
0
0
0
0
0
0
0
0
0
0
0
0
0
0
0
-99
0
0
0
0
-99
0
0
0
0
0
0
0
0
0
0
0
0
0
0.6
0
0
0
0
0
0
0
0
0
0
0
0
0
0
0
0
0.5
0
0
0.3
0
0
0
0
0
0
0
0
0
0
0
0
0
0
0
0.1
0
0
0
0
0
3.9
0
0
-99
0
0
0
0
0
0
-99
0.3
0
0
-99
0
0
0
0
0.4
0
0
0
-99
3.5
0
0
0
0
0
0
0
0
12.5
15.2
0
0
0
0.8
0
0
0
0
0
0
-99
31.1
0.5
0
0
-99
0
0
0
21.2
4
0
-99
8.7
0
0.2
0
0
0
0
0
0
0
0
0
0
0
0
0
0
-99
-99
0
0
0
-99
-99
0
0
0
0
0
0
0.3
0
0
2.4
-99
0
0
-99
0
18.1
7.3
44.1
26
3.7
3.5
0.5
0.3
40.7
0
0
0
57.3
0
0
5.5
-99
0
0
-99
0
-99
55.2
0
0
5.3
0
0
-99
0
0
0
0
0
0
0
0.1
0
1
3.3
0
0
0
0
0
0
0
0
4.9
89.9
12.3
0
0.5
-99
0
26.1
0.1
0
0
3.8
0.2
0
0
0
0
0
0.4
0
1.9
0
0
0
0
0
4.9
0
0
0
1.5
22.3
0
0
0
0
0
0
0
0
9.2
0
0.6
16.8
-99
18.3
0.5
0
0
0
0
0
0
0
0
0
40.7
0
0
-99
3.1
1.4
0
0
0
0
0
0
0
-99
0
0
4
4.2
11.9
0
0
0
0
0
0
0
0
0
0
0
0
0
0
0
0
0
0
0
0
-99
0
0
0
0
0
0
0
0
0
0
-99
0
0
0
0
0
0
0
0
0
0
0
0
0
0
0
0
-99
0
0
0
0
0
0
0
0
-99
12.5
0
0
0
0
0
0
0
0
0
0
0
0
0
0
0
0
0
-99
0
0
0
0
0
0
0
0
0
0
0
0
0
0
0
0
0
0
0
0
0
0
0
-99
0
0
0
0
0
0
0
0
0
0
9.3
4.6
0
0
0
-99
2.8
4.7
0
0
0
-99
1.9
0
0
0
0
0
0
0
0
2.7
0
0
0
0
0
0
4
0
0
0
0
0
0
0
0
0.5
0
0
2.7
0
0
0
0
0
0
0
0
0
-99
0
0
0
0
0
0
0
0.4
0
-99
0
8.5
0
0
0
33.9
0.2
-99
0
3.6
5.1
0
0
0
0
0
0
4.7
0
0
0
0
0
0
0
0.4
0.5
0
0
0
-99
-99
0
0
0
0
0
0.5
10.3
0
0
0
0
0
-99
0.1
0
0
0
0
0
-99
-99
2.2
0
22.6
15.8
0
0
-99
0
0
0
57.2
0.3
0.1
32.1
0
0
0.3
0
0
0
0
-99
0
0
0
0
0
0
0
0
3.4
0
2.6
1.8
0
0
5.7
2.2
-99
0
1.2
14.1
8.5
0
12.8
0
25.5
101.6
5.3
0
0
0
0
-99
0
3.7
0
8.8
0
0
0.8
-99
0
0
24.2
-99
0
0
0
0
5.7
0.7
10.1
0
13.9
0
-99
2
0
0
-99
15.6
0
0
0
0
0
0
0
0
0.9
16.7
2.1
0.7
-99
0
0
0
0
0
0
0
0
0
0
-99
5.7
0
0
0
0
0
12.5
31.3
0
0
0
0.7
0
0
0
0
0
0
0.2
0
0
-99
-99
4.5
0
0
0
0
0
0
0
0
0
0
0
0
0
0
0
0
-99
7.5
2.8
0
0
0
0
0
0
0
0.2
-99
-99
2.4
0
0
0
0
0
0
0
0
0
0
0
0
0
0
0
0
0
0
0
0
-99
0.2
0
0
0
0
0
-99
-99
0
0
0
0
0
0
0
0
0
0
0
0
0
0
0
0
0
0
0
0
0
0.3
16
2.4
0
0
0
0
0
0
0
0
0
0
0
0
0
0
0
0.1
0
0
0
0
0
0
0
0
0
0
0
0
0
0
0
0
0
3.8
0
0
0
0
0
0
0
0
0
0
0
0
0
0
0
0
-99
0
0
0
0.3
4.5
0
0
-99
1.2
0
0
0.4
1
0
0
0
0
7.8
0.1
0
0
0
0.1
0
0
0
0
0
0
0
0
0
0
0
0
0
0
0
0
-99
-99
0
0
-99
-99
0
0.6
0
-99
0
0.5
0
0
0
0
-99
0.4
0
0
-99
2.2
0.6
0
0
0
0
0
0
14.3
1
0
0
0
3.5
0
0
0
0
0
0
3.1
9.6
0.5
0
0
0
0
0.1
0
0
0
-99
2.1
0
0.2
0
0
1.2
0
0
0
0
0
0
0
24.7
0.4
0
0
10.1
0
0.3
81.7
1.1
1
0
-99
0.8
0
0
0
0
0
-99
0
0
7.3
0
0
0
0
0
0
0
1.8
13.2
0
18.6
-99
-99
-99
-99
0
0
74.4
14.5
0
0
0
0
0
0
0
0
0
0
1.4
13.8
0
0
0.7
28.8
0
0
0.2
-99
1.3
2.1
-99
-99
-99
0
0
0
0
16.6
5.6
160.4
6.1
0
0
0
0
0
0
0
0
-99
-99
0
0
0
0
0
-99
0
0
0
0
0
0
0
0
0
4.5
3.6
1.1
5.2
18
0
0
0
0
0
0
0
0
0
0
10.3
-99
0
0
0
0
0
0
0
1.1
0
0
0
0
0
0
11.6
0.2
0
0
0
0
0.8
0
0
0
0
0
0
0
0
0
0
0
0
0
-99
0
0
0
0
0
0
0
0
0
0
0
0
0
0
0
0
0
0
0
0
0
0
0
0
0
0
0
0
0
0
0
0
0
0
0
-99
0
0
0
0
0
0
0
0
0
-99
0
0
0
0
0
0
0
0
0
0
0
0
0
0
0
0
0
0
0
0
0
0
0
0
0
0
0
0
0
0
0
0
0
0
0
0
0
0
0
0
0
0
0
0
0
0
0
0
2.4
0
0
2.1
-99
0
0
0
0
0
0
0
0
0
0
0
-99
9.2
0
0
0
0
0
0
0
0
0
0
0
0
0
0
0
0
0
0
0
0
0
0
0
0
0
0
0
0
0
0
0
0
0
0.4
0
0
0
0
0
0
0
0
0
0
0
0
0
0
-99
0
0
0
30.3
7.5
2.4
0
3.9
1
0
-99
-99
0.6
0
0
0
6.3
0.1
0
0
4.8
34.6
2.3
0
0
0
0
0
0
0
0
0
-99
0
0
0
0
0
-99
0.1
0
0
0.9
9.6
-99
0
0
-99
0
-99
-99
1.6
0
0
11.7
0
0
0
0
-99
-99
0
0
0
0
17
11.3
14.1
0
-99
0
0
0
9.1
19.3
1.4
0
0
0
0
13.9
0
0
0
0
0
0
0
0.2
5.1
4.6
5.7
0.7
23.9
-99
-99
0
0
40.4
0
2.1
7
22.5
98.6
0
0
-99
0
0
0
5.8
0.3
0
0
1.7
0
6.4
0
0
3.3
50.5
-99
1.8
0
0
0
0
0
0
0
0
8.5
-99
0
0
0
63.4
0
-99
0
0
0
0
0
5.2
5.7
0.1
0
0
0
0
9.3
17.7
0
0
0
0
0
0
0
0
0
0
-99
0
0
0
0
0
0
0
0
0
0
0
0
0
0
12
0
0.4
0
0
0
0
0
0
0
18.1
0.1
0
0
0
0
0
0
0
0
0
-99
-99
-99
0
0
0
0
0
0
0
0
0
0
-99
23.6
4.4
0.4
0
0
0
0
0
0
0
0
0
0
0
0
-99
0.1
0
-99
0.6
1.6
0
0
0
0
0
0
0
0
0
0
0
0
0
0
0
0
0
0
0
0
0
0
-99
0
0
0
0
0
0
0
-99
0.9
0
0.4
0
0
0
0
0
0
-99
0
-99
0
0
0
0
0
0
0
0
0
0
0.2
0
0
0
0
0
0
0
0
0
0
0
0
0
0
0
0
0
0
0
0
0
0
-99
0
0
0
0
0
0
0
0
0
0
0
0.7
0
0
0
0
0
0
0
0
0
-99
1.4
0
2.8
-99
0
0
0
0.2
0
0
0
0
0
0
0
0
0
1
0
0
0
0
0
0
0
-99
1.1
0
0
0
0
0
0
0
-99
-99
0.2
0
0
27.1
12.4
0
0
0
0
-99
0
0
0
0
0
0
0
0
0
0
0
1.5
0
0
0
-99
0
0
0
0.6
0
1.4
0
0
4.5
0
0
0
0.2
-99
-99
12.9
0
12.7
6.4
0
0
0
5.7
1.2
11.3
0
0
0
14.1
0
0
0
0
0
0
0
13.7
0
0
-99
0
0
1.9
33.9
0
0
0
0
16.5
0.1
-99
1.5
-99
15.6
9.2
0.7
0
0
-99
0
0
0
0
-99
0
-99
58.2
0
-99
4.4
144.3
1.1
-99
0
-99
56.1
33.1
0.4
10.8
12.4
6
0
0
0.2
-99
0
-99
52.2
0
4.4
0
0
-99
2.4
0
0
15.1
0
0
0
0
-99
25.7
-99
0
0
0
0
8.8
0
0
0
4.1
40.2
13.7
0
0
-99
0
0
0.1
0
0
0
0
0
0
0
0.9
0
0
0
20.5
6.1
0
0
0
0
0
0
0
2.5
0
0
0
0.2
0
0
0
0
0
0
6.8
0
0
0
0
14.3
7
0
0
0
0
9.9
0
0
0
0
0
0
11.7
18.4
-99
0
0
0
0
11
3.2
0
0
0
0
1.7
0
0
0
0
0
-99
0
0
0
0
0
0
0
0
-99
0
-99
0
0
0
0
0
0
-99
1.2
0
0
8.5
-99
0
0
0
0
0
0
0
0
0
0
0
0
0.5
1.8
0
0
0
0
0
0
0
0
0
0.8
0
0
0
0
0
0
-99
0
0
0
0
1.2
1.1
-99
0.1
0
0
0
0
0
0
-99
-99
-99
0
4.5
0
1.2
0
0
0
0
0
0
0
0
0
0
-99
0
0
0
0
0
0
0
0
-99
-99
0
-99
0
0
0
0
0
0
0
0
0
0
0
13.7
0
0
0
0
0
0
0
0.2
0
0
0
0
0
0
0
0
0
-99
0
-99
0
0
0
2.1
0.8
0
0.6
0
0
0
0
0
0
0
0
0
0
0.9
1.5
0
0
0
0
0
0
0
-99
0
0
0
0
0.6
0
0
0
0
0
1.6
0
0
0
0
0
0
0
0
0
0
0
0
0
0
0
-99
9.8
1.5
0.5
0
0
0
0
0
0
0
0
0
0
0
1.7
7.8
0.2
0.1
0
0
0
0
0.1
-99
0
0
-99
17.3
0.5
0
5.6
12.4
0
0
0.1
0
27.5
11.8
0
0.7
2.9
0
0
0
8.8
8.7
1
-99
0
0.1
1.5
4.7
0
0.2
10.7
0
0
0
8.2
0
0
0.3
1.4
-99
0.3
0
0
8.6
1.1
0.4
0
12
0
47.3
2.7
0
0
0
26.8
0
0.1
1.2
0
0
0
0
0
0
0
0
0
0
0
0
11.5
0
0
0
0
0
0
-99
26.8
-99
0
0
-99
0
0
0
0
7.4
-99
-99
7.2
0.6
0
0
0.1
-99
9.4
0
0
0
0
0
0
0
0.4
0
0
0
0
0
0
0.2
0
0
0
0
9.3
9.2
0
0
0
0
-99
0
0
0
0
0
0
0
0
-99
-99
0
0
-99
-99
0
0
0
0
0
0
2.4
0
0
0
0
0
0
0
0
0
0
0
0
0
0
0.5
0
0
0
0
0
0
0
0
0
0
0
0
0
0
0
0
0
0
0
0
0
0
5.6
0
0
0
0
0
0
0
0
0
0
0
0
0
0
0
0
0
0
0
0
0
0
0
0
0
0
0
0
0
-99
0
0
0
0
0
0
0
0
0
0
0
0
0
0
0
2.2
0
0
0
0
0.1
0.3
0.9
0.1
0
0
0
0
0
0
0
0
0
0
0
0
0
0
0
-99
0.2
1.9
0
0
0
0
1.5
0
0
0
-99
0
0
0
0
0
0
0
0
0
0
-99
0
0
0
0
0
0
0
0
1.7
0
0
-99
-99
0.6
0
0
0
0
0
0
0
0
-99
0
0
0
0
0
1
0
0.2
0
0
0
0
0
0
5.8
0
0
0
0
0
0.7
0.8
0
0
0
0.7
0
0
-99
34.4
-99
0
0
0
0
0
0
0
0
-99
0
0
14
0
0
0
0
0
0
0
0.2
0.6
0
0
0
11
11.7
-99
0.1
-99
0
0
0.3
-99
0
0
-99
0.3
0
4.2
0
22
0.3
0
-99
0
0
0
0
0
0.2
12.8
0
-99
13.7
0
0
0
0
0
0
0
0
0
0
29.2
33.8
0
0
0.1
0
-99
-99
0.1
-99
0
0
0
0
-99
0
0
0
0
29.3
18
0
0
0
0
0
0
0
21
0
0
0
4.1
6.7
0
0
0
-99
51.7
8.6
0
0
0
0
9.1
4.9
6.4
0
19.1
2.4
0
0
0
0
0
0
0
0
-99
0
1.2
0
-99
-99
0
0
0.2
0
0
0
0
0
1.4
0.8
0
-99
0
2.7
6.9
0
12.1
0
0
0
0
0
0
0
0
0
0
0
0
0
0
0.2
0
0
0
0
0
0
0
0
0
0
-99
1.3
0
0
0
0
0
0
0
-99
0
0
0
0
0
0
0
0
0
0
0
0
0
0
-99
0
0
0
-99
-99
0
0.1
0
0
0
0
0
0
0.1
0.1
0
1
0
0
0
0
0
0
0
0
0
0
0
0
0
0
0
0
0
0
0
0
0
