20050101
0
0
0
0
0
0
0
0
0
0
0
0
0
0
0
0
0
0
0
0
0
0
0
0
-99
0
0
-99
0
0
0
0
0
0
0
-99
2.2
0.2
0
0.1
0
0
0
0
0
1.1
0.2
2.2
-99
0
0
0
0.2
0
0
0
0
0
-99
0
0
0
0
0
0
0
0
0
0
0
0
0
0
0
0
0
0
0
0
0.2
0
0
0
0
0
0
0
0
0
0
0
-99
0
0
0
0
-99
15.3
0.7
0
0
0.2
0
0
0
0
0
0
0
0.1
0
0
-99
0
0
0
0
0
0
0
0
0
0
0.8
14.5
0
0
0
0
0.3
0
0
0.8
0.6
2.6
14.6
9.4
0
0
-99
2.3
0
0
0
0
0
0.1
1.1
18
1.6
0
0
0
0
0.1
22.3
0.1
1.5
0
0
0
0
0.8
-99
0
0
0
0
0
0
0
0
0
0
0
0.4
14.2
0
2.6
2.6
0
0
0
0
0
0
0
3
0.1
0
0
0.7
0
0.2
1.2
0.3
0
0
0
5.6
7.3
0.5
16.4
0
7.5
0
12.7
6.1
0
0
1.4
0.2
0
3.4
23.1
0
0
0
0
0
0
0
3
61
4.4
0
10.5
20.1
1.4
0
0
0
0
0
-99
0.6
0
0.9
0
0
0
0
0
0
0
0
0
-99
0.1
1
0
0
0
0
-99
7.2
0.5
22.5
3.2
0
0
0.1
6.8
2.1
0
11.6
0
0
1.8
0
0
5.3
0
0
0
0
0
0
1.2
0
0
0
0
0
0
1.2
0
0
0
0
0
0
1.7
0
0
0
0
0
0
0.1
0
0
0
0
0
0
0
0
0
0
0
0
0
0
0
0
0
0
0
0
0
0
0
0
0
0
0
0
0
0
0
-99
0
0
-99
0
0.3
-99
0
0
0
0
0
0
0
0
0
0
0
0
0
0
0
-99
0
0
0
0
0
0
0
0
0
0
0.1
0
0
0.3
0.1
0
0
0
0
0
0
0
0
0
0
0
0
0
0
2.1
3.1
1.4
0.1
0
0.1
0
0
0
0
0.4
0
-99
0
0
0
0
0
0.3
-99
0
0
0
0
0
0
0
0
0
0
0
0
0
0
0
0
0
0
0
0.8
0.3
0
0
0
1.2
0
0
0
0
0
0
-99
0
0
0
0
0
0
0
0
0
0
0
0
0
0
0.2
-99
0
0
0
0
0
0
0
0
-99
1
0
0
0
0
8.7
0.7
0
0
0
0
0
0
0
0
0
0
0
0
0
-99
0
0
0
0
0
0
0
0
0
-99
6
42.5
0.3
0
5.4
6.6
-99
0
0
0
0
0
0
0
0
0
0
0.2
-99
18.9
0
0
0
0
2.1
0
20.9
0
-99
7
1.8
0.3
0
1
0
1.2
0
0
0
0
0
0
0
-99
1.2
0
0.3
1.2
-99
1.6
0
-99
38.6
1.5
0
0
0
0
0
0
0
0
7.3
6.5
13.6
0
2.2
18.9
11.3
0
0
3.8
12
0.8
0.5
0
0
3.3
0.5
0
12.3
21.2
0
1.2
0
7.2
5.7
2
5.2
0
0
0
0
31.4
0.2
-99
1.3
36.1
1.1
0
0
0
0
8.6
5.7
0
0
0
0
0
6.2
0.1
0
0
0
3
0
4.2
0
-99
0.1
0
0
1.2
0.6
0
0
0
0
0
1.9
0
0
0
0
0
0
0
0
0
5.8
2.6
0
0
0
0
9.6
-99
0
0
0
0
0
0.6
2.8
0
0
0
0.7
-99
0
0
0
0
0
0
0
6.5
0
0
2
0
0
-99
0
0
0
0
0
0
0
0
0
0
0
0
0
0
0
0
0
0
0
0
0
0
0
0
0
0
0.1
0.6
3.8
0
0.2
0.1
0
0
0
0
0
0
0
0
0.1
0.1
0
0
0
0
0
0
-99
-99
0
0
0
0
0
0
0
0
0
0
0
0
0.6
1
0.1
0
0
0
-99
-99
0
0
0
0
0
0
0
0
0
0
0
0
0
0
0
0
0
0
0
0.4
0
0.1
0
0
0
0
0
0
0
0
0
0
5.3
0
0
0
0
0
0
0
0
0
0
0
0
0
0
0
0
0
0
0
0
0.2
2.1
0
7.6
3.7
0
0
0
0
0.1
0.2
0
0
0
0
0
0
-99
1.4
1.1
0
0
0
0
0
-99
0
0
0.1
0
0
0
0
0
0
0
0
0
0
0
0
0
1.8
1.8
0
0
6.8
0.7
0
0
-99
0
0
0
3.6
0
0
0
0
0
0
0.9
0
4.7
1
0
0
0
0
2.6
0
2.8
2.8
0
0
0
0
0
0
0
0
-99
0
10
0.3
0
0
0
0
0
0
14.6
0
0
0
0
0
0
0
0
0
0
1.3
0
4
5.2
0
0
0
0
7
2.2
13.5
-99
-99
1.4
0
6.5
-99
-99
-99
2.3
0
0
0
-99
0
0.5
0.1
0
-99
-99
0
0
0
0
-99
0
0
0
0
0
0
-99
14.7
9.3
1.8
0
0
0
2.2
0.3
7.1
0
0
1
1.6
0
0
-99
20.2
1.8
0
0
0
0
0.1
0
0
0
0
0
0
0
0
0.1
0.2
0
-99
29
0
9.7
0
0
13.8
-99
0.1
0
0
0
0
0
0
0
0
0
-99
1
0
0
0
4.4
6
0
0
0
0
0
0
0
3.3
0.7
0
0.7
0
12
0
0.2
17.1
6.1
15
0
0
0
0
0
0
7.1
0
0
0
0
0
0
0
0
0
0
0
0
0
0
-99
0
0
0
0
0
0
0
0
0
0.3
0
0
0
0
0.3
0.2
-99
0
0
0
0
0
0
0
0
0
0
0
0
0
0
0
0
0
0
0
0
-99
0
0
0
0
1.1
0
0
0
0
0
0
0
0
0
0
0
0
0
0.2
0
0.1
0.3
-99
0
0
0
0
0
0
0
0
0
0
0
0
0
0
0
0.1
0.2
-99
0
0.5
-99
-99
1.7
1.1
0
0
0
0
0
0
-99
0
0
0
0
0
0
-99
-99
0
0
0
0
0
0
0
0
0
0
0
0
0.1
0
0
0
0.5
0
1.5
-99
0
0
0
0
-99
0
0
0
0
0
0
2.8
0
0
0
0
0
0
0
0
0
0
0
1.1
3.2
0.5
0
0
0
0
0
7.5
0
0
0.4
2.8
0
0
0
0.1
0
0
30.6
0
0
3.3
9.3
0
0
0
0
0
0
2.2
9.5
-99
1.7
0
0
0
0
0
0
0
0
0
0.4
0
0
0
0
0.7
0
9.2
0
3
0
0
0
0
0
0
0
0
0
0
0
0
0
0
2
0
0
0
0
0
-99
0.1
5.8
0
0.6
4.6
0
0
0
-99
9
8.7
8.8
0.1
14.6
4.8
0.8
0
0.8
0.2
0
0.1
0
0.6
0
1.5
0.3
0
0.1
0
0
0
0
0
-99
0
17.3
0
0
0
0
0
0
20.2
0
4.8
0
0
2.5
0
0.3
0.3
0
0
0
0
0
0
0
-99
6.3
0
0
0
0.6
0
0
27.6
46.4
17.5
2.6
0
15.1
10.1
0.2
0
0
10.6
0.2
0
-99
21
0
0
0
0
0
0
0
17.1
1
0
0
0
7.3
5.4
0
0
6.5
1.6
17.1
0.1
0
0
1.4
0
0
7.2
0.4
0
0
0
32
-99
10.1
13.8
-99
0
0
0
0
0
0
0
0
4.9
1
0
7.6
0
0
0
0
0
-99
0
0
0
0
1.7
0
0.2
0
1.8
0
0
0
0
0
3.1
0
0
0
0
0
0
0
0
0
0
0
0
0
1.3
0
0
0
0
0
0
0
0
0
0
0
0
0
0
0
0
0
0
0
0
0
0
0.1
0
0
0
0
0
0
0
0
0
0
0
0
0
0
0
0.1
0
0
0
0
0
0
0
-99
0
0
0
0
0
0
0
0
0
0
0
0
0
0
0
0
0
0
0
-99
-99
0
0
0
1.3
0
0
0
0
0
0
0
0
0
0
0
0
-99
0
0
0
0
0
0
0
1.9
-99
0
0
0
0
0.2
0.9
0
0
0
0
0
0
0
0
0
0
-99
0.2
0
0
0
0
0
0
0
0.8
1.4
0
0
0
0
0
0
0
0
0
0
0
1.3
0
0
0
0
0
0
0
0
0
0
0
0
0
0
0
0
6.1
0.2
0
0
0
0
0
0
-99
0.2
0
0
4.8
15.5
0
0
0
0
0
-99
0
3
0
0
0
0
0
0
0.2
2.4
0
-99
0
1.8
11.8
-99
-99
0
0
0
0
4.7
0
0
0
0
0
2.8
1.7
0
0
0
0
0
0
0
0
2.4
-99
2.2
0.5
0.1
0
0
0
0
0
1.4
0
1.9
0.7
0
0
0
0
0
0
0
1.5
0
0
0
0
0
0
0
0.2
0
0.1
22.2
0
0
3.2
0
2.8
0
0
9.6
11.7
0
0
1.1
0
0
0
-99
0
0
5.4
7.8
1.2
25.2
0
6.6
0
0
3.8
0.1
0
0.1
-99
2.6
0
0
0
0
0
0
4
0.5
0.9
8.1
0
1.6
-99
0
7.5
0.6
0.7
0
0
0
0
0
0
-99
0
0.9
5.5
34.5
11.9
0.9
0
3.5
0
0
0
0
0
0
0
0
5.2
2.7
0
0
0
0
0
0.6
0
0
0
2.3
0
0
0
0
0
0
0.3
4.6
0
0
6.2
1.3
0
0
0
0
0
0
0
0
0
0
0
0
0.6
0
0
0
0
13.7
0
0.5
0
0
0
0
0
0
0
0.8
4.5
0.9
3.8
0
-99
0
0
0
0
0
0
0
0
0
0
0
0
0
0
0
0
0
-99
0
0.7
0
0
0
0
0
0
0
0.1
1.1
0
0
0
0
0
0
0
0
0
0
0
0
0
0
0
-99
-99
0
0
-99
0.3
0
0
0.7
0.2
0
0
0
-99
0
0
0
0
0
0
0
0
0
0
-99
0
0
0
0
0
0.4
0
0
0
0
-99
0
0
0
0
0
0
0
-99
-99
0
0
0
0
0
0.3
0
0
0
0
0
0
0
0
0
-99
4.6
0.4
0
0
0.1
0
-99
0.4
3.8
0
0
0
0
0
5.6
0
0
0
0
0.6
0
0
0
0
0
-99
0
0
0
0.2
4.5
0
0
0
0
0
0
0
0
0
0
0
0
1.6
0
0
-99
0
0
0
-99
0
13.5
-99
0
0
5.6
5.4
2.3
0
0
0
0
0
0.8
0
1.3
0
0
0
0
0
0
0
0
6.2
0
2.9
0.4
14.2
0
0
0
0
0
0
0
4.1
9.6
1.8
0
0
0
0
0
0
0
0
0
0
0
1.2
0
5.9
0
1.2
0
0
0.8
2
6.2
-99
18.5
-99
0
0
0
0
0
0
0
0
6.2
7.2
0
0
-99
0
0
4.4
0
44.5
16.3
0
0
0
0
1.8
0
0
0
0
0
0
0.1
0
0
0
0
0
0
0
0
0
0.5
0
8.3
2.7
0
0
23.3
0
0
0
1.7
-99
0
0
0
0
16.4
2.7
0
0
17.9
0
0
0
0
2.4
0
0
0.6
1.4
6.2
0
0
0.1
0
0
0
-99
9.9
1.2
0
0
-99
0
0
-99
10.8
8
24.3
0.7
45.8
17.6
0
0
0
-99
0
0
0
0
0
6
2.8
0
0
0
0
0
0
0
9.2
0.7
0
0
0
0
0
0
0.2
0
0
0
2
3.6
7.2
0
0
0.1
0
0
0
0
0
0
0
0
0
0
-99
0
0
0
-99
0
0
-99
0
0
0
0
0
0
0
0
0
0
0
0
0
0
0
0
0
0
0
0
0
0
0
0
0
-99
0
0
0
0
0
0
0
0
0
0
0
0
0.5
0
0
0
0.4
0
0
0
0
0
0
0
-99
0
0
0
0
0
0
0
0
0
0
0
0
0
0
0
0
0
0
0
0
0
0
0
0
0
0
0
0
0
0
0
0
0
0
0
0
2
0
1.3
1.6
0
0
0.2
0
0
0
0
0
0
0
0
0
3.1
2.3
2.9
0
0
0
0
0
0
0
0
0
0
0
0
0
0.9
0
0
0
0
0
0
0.2
0
-99
0
0
0
0
0
0
0
0
17.8
0.6
0
0
0
2.4
0
0
0
0
0
0
0
0
0
0
0
0
0
0
0.1
0
0
0
0
0
0
0
1.1
0
0
0
0
9.7
0
0
0
23.3
0
0
0
0
0
0
0
0
0
0
1.5
0
0
0
0
0
0
0
0
0
0
0
-99
0
0
0
0
0.3
1.5
0
0
0
0.5
0
0
1.6
-99
2.5
-99
0
0
0
0
0
0
0
5.4
0
0
0
0
0
1.4
3.8
1
0
4
0
0
0.1
0
0
0.9
9.8
1.7
2.2
0
0
1.6
25.1
2.3
0
5.2
0
4.2
0
0
0
8.5
0
0
16.2
0
0
0
0.1
0.1
0.1
-99
2.6
0
15.2
0.3
0
0
0
1.4
12.6
18.1
0
6
0.5
0
0
0
0
0
23.8
25.5
3.5
1
0
0
0
0
6.3
0
0
0
0
0
0
0
-99
0.5
0
0.6
0
0
1.3
1.6
0
0
0
0
0
0
0
0
8.9
0
0
2.6
0
0
0
0
0
9.1
0
0
0
0
0
0
0
0.9
8.7
1.3
1.4
0
0
0
0
1.1
0
0
0.5
0
0
3.1
0
0
0
0
0
0
0.4
5.7
1.5
0
0
3.2
6.3
0
0
0
0
0
0
0
0
6.2
0.9
0.1
0
0
0.9
0
0
0
0
0
0
0
0
0
0.6
0
0
0.5
0.3
0
0
0
0
0
0
0
0
0
0
0
0
0
0
0
0
0
0
0
0
0
0
0
0
0
0
0
0
0
0
0
0
0
0
0
0
0
0
0
0
0
0
0
0.6
1.2
0
0
0
0
0
0
0
0
0
0
0
0
0
0
0
0
0
0
0
0
0
0
0
0
0
0
0
0
0
0
0
0
0
0
1
0
0
0
0
0
0
1.1
0.1
0
1.9
0
0
0
0
0
0
0
0
0
-99
0.5
0
0
0
0
9.6
0
-99
0
0
0
0
0
0.9
0
0
0
0
0
0
0
0
0
0
0
0
0
0
0
0
0
0
0
1.3
0
0
0
0
1.6
9.8
0
0
0
0
0
1
0.3
0
0
0
0
0
0
0
-99
0
9.8
4.1
0
0
0
0
0
0
0.4
0
13
1.8
0
0
0
0
0
0
11
0
15.7
2
0
3.9
0.3
0
11.4
0
0
5.7
0
0
0
0
0
0
0
0
0
2.3
1
1.9
9.5
2.2
12.2
0.3
7.3
0.6
24.4
0.3
0
0
0
2.3
2.5
-99
0
0
20.3
-99
0
0
0
-99
1.8
0
0
0
0
0
0
61.8
0
0
0
16.6
0
0
4.4
0
5.9
55
0
4.5
0
0
0
0
1
0
0
0
10.8
0.3
0
2.5
0
0
0
0.6
0
12.4
0
0
0
0
0
0
28.1
0
0
0
0
33.2
0.5
0
0
0
1.6
0
0
0
0.7
0
0.4
4.1
0.2
0
1
1.5
0.6
0.1
0
0.1
0
1.4
7
7.5
0
-99
0
0
0
0
0
0
12.1
-99
0
0
0
4.2
0
0
0
0
0
1.4
12.6
0
0
0
0
9.5
0
0
0
0
0
0
0
0
0
0
0
0
6.1
0
0
0
0
0
0.3
4.4
0
0
0
0
4
0
0
0
0
0
0
0.4
0
0
0
0
0
0
0
0
-99
-99
0
-99
0.5
-99
0.8
0
0
0
0
0
0
0.5
0
0
0
0
0
1.1
0.1
0
0
0
0
0
0
1.4
0
0
0
0
0
0
0
0
0
0
0
0
0
0
0
0
0
0
0
0
0
0
2.9
0
0
0
0
0
0
0
0
0
0
0
0
0
-99
0
-99
0
0
0
0
0.3
0
0
0
0
0
0
0
0
0
0
0
0
0
0
0
0
0
0
0
0
0
0
0
0
0
0
0
0
0
1.7
0
0
0
0
0
0.6
0
0
0
0
0
0
0
0
0
0
0
0
0
0
0
0
0.9
0
0
0
0
0
0
0
0
0
0
0
0
0
0
1.3
0
0
0
-99
0
0
0
0
0
0
0
0
0
0
0
0
0
0
0.1
3.2
0
0
0
0
0
0
0
0.1
0
0
0
0
-99
0.1
2.5
0
0
5.5
15.2
0
0
0
0
0
0
0
0
10.2
19.7
1
15.5
0
0
0
0
0
0
9.5
0
0
0
2.3
2.4
4.2
0
0.2
0.3
0
0
2.7
31.5
13
70.4
0.1
0
0
0
0.5
0.4
4.5
1
16.8
0.1
0
0
18.7
16.9
0
20.4
1.5
3.2
5
0
0
0
0
0
0.4
23
0
0
10.9
0.5
3.2
13.2
0.6
0
8.1
0
7.9
0
0
0
21.3
0
0
0
0
0
0
0
0
4.7
0.4
6.8
0
0
0
0
4.5
17.3
0
0
0
0
0
1.9
-99
0
0
0
4.1
3
0.3
0
0.8
1
0
0
0.1
1
4.9
13.4
0
0
0
24.1
0
0
0
0
0
0
0
5.4
0
0
0
0
2
4
0
0
0
0
0
0
0
0
0
0
0
0
0
0
0
0
0
0
0
0
0
0
0
0
1.8
0
0
0
0
0
0
0
0
0
0
0
0
0
0
0.4
0
0
0
0
0
0
0
0.3
-99
0
-99
0
0
0
0
0
0
0
0
0
0
0
0
0
0
0
0
0
0
-99
-99
0
0
0
0
0
0
0
0
0
0
0
0
0
0
0
0
0
0
0
0
0
0
0
0
0
0
0
0
0
0
0
0
0
0
0
0
0
0
0
0
0
0
0
0
0
0
0
0
0
0
0
3.6
0.1
0
0
0
0
0
0
0
0
0
0.4
0
0
0
0
0
0
0
0.4
0
2.2
0
0
0
0
0
0
0
0
0
0
0.1
-99
0
0
0
0
0
0
0
0
0
0
0
0
0
0
0
0
0
0
0
0
0
0
0
0
0
0
0
0
0
0
0
0
0
2.6
0
10.4
0
5.4
0
0
0
0
0
6.8
0
0
0
0
0
0
0
0
0
0
0
0
0
8.7
17
27.9
0
0
0
0
0
0
0
0
0
0
0
0.2
1.4
0
0
0
0
0
0
0
0
0
0
6.1
0
25.5
0
1.8
0
0
0
0
0
0
0
0.3
0
0
0
2.6
0.1
0.1
0
0
2.8
0
0
0
0
2.4
0
0
0
0
0
7.4
7.6
0
0
0
0
0.3
0
3.4
18
2.1
0
0
0
0.9
0.9
15
0.7
2.4
0
0.4
0
0
1.7
0.2
0
9.7
0
35.5
15.8
0
0
0
0
0
0
0
2.1
10.9
0
0
1.9
0
0.4
0
2.6
0.8
4.2
0
1.8
0
0
1.6
0.2
0
3.4
1.2
8.5
9.7
0
0
0
0.7
11.4
0
0.2
0
19.4
8.7
0
1.3
0
1.8
0
0
0.6
0
0
17.4
30.2
0
0
0.8
0
1.9
0
0
15.2
0
3.1
0
0
0
0
0
0
0
7.1
0
0
0
0
0
0
0
0
0
0
0
0
0
0
0
0
0.2
1.5
5.4
4
0
0
0
0
0
0
0
0
0
0
0
0
0
0
0.1
0
0
0
0
0
0
0
0.1
0
0
0
0
0
0
0.6
0
0
0
0
0
0
0
0
0.2
0
0
0
0
0
0
0
0
0
0
0
0
0
0
0
0
0
0
0
0
0
0
