20050101
10.57 
10.13 
10.64 
10.67 
3.73 
2.98 
11.46 
11.03 
10.88 
9.37 
10.79 
10.54 
10.50 
11.35 
10.81 
11.27 
9.63 
11.51 
11.07 
11.85 
11.31 
3.32 
7.30 
8.19 
9.93 
6.09 
10.61 
9.19 
12.81 
12.69 
13.22 
13.54 
13.75 
4.50 
8.57 
6.05 
9.96 
3.87 
3.91 
13.45 
14.60 
14.25 
11.64 
11.97 
4.15 
4.20 
4.24 
12.47 
12.82 
16.63 
16.38 
16.00 
12.71 
12.69 
6.52 
17.90 
17.00 
15.04 
10.29 
4.83 
16.96 
13.34 
17.87 
18.00 
18.53 
18.79 
18.23 
15.17 
12.07 
20.13 
20.26 
20.53 
18.95 
17.64 
5.55 
18.87 
21.31 
18.66 
16.58 
7.55 
14.70 
16.87 
22.34 
22.31 
21.07 
20.43 
18.86 
22.47 
22.12 
17.62 
6.29 
20.58 
22.70 
21.71 
17.27 
16.09 
14.44 
6.60 
15.21 
20.68 
15.18 
15.09 
24.94 
23.75 
25.13 
23.60 
19.78 
19.37 
8.84 
19.18 
26.28 
26.86 
16.08 
22.89 
20.15 
24.02 
25.41 
18.50 
11.90 
18.44 
24.66 
27.73 
25.28 
25.00 
7.59 
29.15 
25.83 
28.08 
27.96 
12.97 
22.64 
21.16 
7.81 
15.13 
22.46 
7.88 
7.91 
27.84 
28.73 
14.45 
17.71 
28.32 
30.22 
27.86 
11.15 
20.74 
21.27 
29.33 
18.23 
27.32 
20.84 
23.94 
30.29 
28.08 
28.44 
13.88 
26.07 
12.53 
8.26 
8.26 
14.96 
21.66 
25.44 
12.41 
25.97 
29.57 
28.55 
23.23 
12.60 
22.21 
25.47 
26.15 
29.41 
25.80 
25.63 
14.65 
8.30 
8.30 
14.12 
23.88 
26.10 
26.26 
8.27 
24.02 
24.00 
27.24 
24.15 
25.84 
11.64 
15.21 
13.49 
8.18 
8.17 
17.71 
8.14 
11.36 
8.11 
8.09 
8.07 
8.06 
26.23 
18.90 
18.87 
7.98 
9.49 
27.77 
19.77 
7.89 
24.44 
28.11 
13.90 
11.00 
18.21 
7.75 
10.58 
7.69 
7.66 
11.32 
13.12 
7.58 
17.05 
7.52 
7.49 
7.45 
7.42 
19.46 
7.36 
7.32 
7.29 
26.47 
25.24 
21.41 
23.14 
24.04 
7.07 
17.41 
21.39 
14.86 
18.83 
12.18 
6.84 
11.27 
14.08 
18.46 
21.24 
24.78 
23.58 
22.85 
21.51 
21.10 
22.87 
20.92 
17.74 
19.65 
15.43 
12.76 
17.54 
6.12 
12.69 
21.32 
19.26 
5.93 
5.89 
16.45 
20.46 
20.05 
17.03 
17.08 
16.98 
5.56 
14.49 
5.47 
7.53 
10.56 
9.09 
15.55 
19.04 
17.54 
11.69 
16.22 
19.35 
18.15 
17.09 
14.59 
4.85 
4.81 
17.53 
17.93 
16.38 
16.91 
16.40 
7.69 
4.49 
16.42 
15.93 
14.82 
13.86 
6.46 
12.20 
7.30 
15.35 
14.52 
14.65 
14.54 
12.34 
10.28 
10.89 
9.89 
3.82 
14.35 
13.01 
13.47 
11.50 
11.63 
11.22 
3.57 
5.79 
12.26 
11.86 
10.93 
7.81 
3.38 
3.35 
3.32 
8.93 
10.00 
11.76 
11.39 
11.02 
10.26 
7.52 
11.04 
10.68 
10.34 
8.72 
10.14 
3.03 
11.11 
10.88 
11.12 
11.08 
8.85 
6.17 
2.93 
9.91 
10.45 
10.80 
10.78 
10.01 
10.37 
10.83 
10.63 
9.22 
5.67 
10.80 
10.15 
10.24 
7.82 
10.44 
7.27 
2.88 
2.88 
2.89 
2.90 
4.61 
4.43 
2.93 
2.94 
2.95 
9.56 
10.84 
10.89 
9.29 
10.10 
8.69 
3.06 
3.08 
6.46 
8.67 
9.72 
3.17 
3.19 
6.55 
3.24 
4.60 
4.53 
11.59 
11.67 
3.38 
10.46 
6.09 
11.25 
4.69 
3.54 
3.57 
3.61 
5.18 
12.20 
13.29 
13.17 
3.79 
3.83 
14.27 
14.38 
14.26 
13.32 
11.31 
12.11 
4.11 
10.62 
10.95 
15.17 
15.65 
14.66 
14.90 
14.64 
4.46 
16.76 
12.94 
10.48 
4.64 
9.09 
6.43 
6.62 
18.16 
18.16 
16.95 
16.53 
17.32 
18.39 
18.38 
5.71 
13.23 
12.63 
14.40 
19.84 
19.97 
21.09 
13.50 
21.06 
11.08 
21.02 
19.25 
15.70 
13.00 
20.77 
21.77 
21.15 
22.16 
17.01 
13.77 
23.42 
22.47 
22.42 
20.23 
6.60 
22.90 
22.39 
14.54 
21.81 
12.17 
22.79 
6.60 
6.64 
14.80 
6.73 
15.25 
23.34 
24.55 
23.51 
12.59 
18.32 
14.81 
25.96 
26.86 
18.26 
26.36 
26.28 
26.52 
13.05 
13.76 
25.74 
23.98 
26.04 
23.27 
24.66 
25.39 
23.77 
7.56 
14.98 
23.76 
23.48 
24.37 
7.71 
24.97 
20.78 
9.82 
27.81 
27.68 
28.23 
28.27 
23.38 
22.56 
7.95 
7.97 
7.99 
23.71 
27.49 
21.20 
12.00 
10.99 
15.12 
28.31 
30.04 
28.35 
27.52 
25.65 
25.67 
15.57 
24.16 
22.11 
21.44 
15.11 
30.72 
23.87 
31.26 
25.95 
25.10 
10.01 
26.65 
29.23 
28.38 
30.10 
28.90 
22.38 
8.65 
21.69 
22.03 
29.06 
25.46 
24.25 
26.13 
27.16 
16.87 
13.77 
18.74 
8.28 
26.08 
23.50 
26.57 
13.21 
29.62 
30.63 
26.34 
8.21 
19.81 
22.53 
19.44 
11.57 
8.14 
26.37 
14.76 
8.09 
8.07 
14.86 
24.53 
25.35 
24.47 
27.84 
12.20 
12.34 
23.49 
23.97 
14.46 
21.70 
15.42 
9.65 
22.59 
26.92 
18.30 
16.08 
20.91 
21.20 
23.66 
13.42 
7.55 
10.85 
18.46 
21.73 
7.42 
7.39 
21.06 
22.82 
25.06 
23.02 
24.26 
21.74 
10.08 
8.74 
21.21 
12.87 
9.26 
12.44 
24.14 
9.29 
10.84 
6.80 
16.95 
21.64 
11.74 
16.89 
6.60 
21.29 
24.48 
19.39 
11.08 
24.63 
23.75 
23.79 
19.25 
20.22 
10.56 
11.10 
13.90 
16.97 
20.46 
17.23 
20.83 
20.57 
20.17 
15.24 
17.03 
5.65 
15.39 
15.73 
17.34 
19.79 
15.15 
17.86 
18.16 
15.55 
16.28 
15.21 
16.88 
10.79 
5.04 
16.67 
15.76 
18.04 
17.38 
4.81 
4.76 
4.71 
9.82 
13.20 
5.21 
4.66 
4.49 
7.56 
16.42 
16.79 
6.15 
11.93 
15.10 
13.54 
15.11 
12.98 
12.29 
12.67 
12.80 
12.70 
13.75 
12.06 
13.89 
14.35 
13.46 
12.03 
12.49 
3.64 
12.20 
13.19 
9.88 
13.33 
12.81 
11.35 
8.86 
7.86 
3.35 
3.32 
11.39 
3.27 
3.65 
4.93 
3.19 
4.47 
9.80 
11.33 
10.98 
9.06 
10.38 
11.60 
10.09 
9.57 
2.99 
2.98 
9.17 
4.28 
11.20 
2.93 
7.36 
2.91 
8.45 
9.56 
10.20 
10.46 
10.92 
8.29 
8.66 
5.48 
8.37 
10.05 
9.59 
3.52 
2.87 
2.87 
10.47 
10.95 
9.56 
2.90 
2.91 
3.58 
7.48 
7.03 
7.81 
6.79 
11.23 
10.50 
11.51 
9.72 
3.04 
10.79 
9.66 
10.60 
8.28 
9.02 
10.77 
10.74 
12.11 
6.90 
3.27 
10.59 
10.04 
9.80 
7.04 
3.41 
11.91 
10.93 
12.83 
11.95 
13.23 
13.11 
13.54 
12.31 
13.74 
11.15 
3.79 
12.35 
7.30 
3.91 
10.90 
14.72 
14.95 
9.03 
7.92 
15.54 
15.17 
8.73 
12.11 
13.92 
13.29 
6.04 
7.35 
15.62 
15.48 
4.60 
8.50 
14.28 
12.04 
7.93 
4.83 
8.73 
4.92 
4.97 
19.08 
18.67 
19.48 
18.37 
14.89 
20.28 
20.27 
18.57 
16.57 
15.54 
16.21 
12.73 
19.45 
5.64 
5.69 
5.74 
15.94 
17.51 
5.88 
21.15 
21.26 
18.51 
22.09 
19.92 
16.83 
6.20 
17.46 
20.94 
24.45 
24.56 
22.64 
18.99 
23.79 
23.89 
25.25 
24.24 
23.07 
16.46 
6.77 
24.78 
24.23 
6.89 
24.08 
21.24 
25.06 
21.88 
23.75 
16.95 
24.72 
14.27 
25.53 
27.25 
26.50 
27.73 
26.14 
25.87 
20.60 
24.66 
25.39 
22.27 
27.18 
26.57 
26.96 
25.50 
20.49 
27.45 
27.33 
13.00 
29.63 
29.00 
30.06 
25.52 
29.12 
28.99 
26.82 
30.26 
22.46 
20.10 
8.01 
8.03 
24.79 
28.57 
29.97 
27.43 
30.19 
31.07 
20.99 
8.17 
8.18 
19.33 
20.71 
23.13 
25.20 
24.35 
23.51 
27.12 
30.22 
28.00 
18.23 
23.04 
26.82 
29.06 
29.92 
25.12 
26.32 
14.66 
8.31 
8.31 
22.03 
13.11 
20.83 
27.86 
25.11 
23.90 
8.30 
25.95 
15.49 
8.29 
16.50 
24.88 
22.13 
25.55 
27.24 
24.15 
25.33 
24.63 
15.21 
29.21 
28.34 
29.34 
24.54 
16.67 
13.92 
24.64 
24.27 
8.07 
29.16 
10.42 
26.37 
24.13 
29.53 
22.21 
21.67 
7.92 
17.54 
13.96 
11.22 
17.44 
9.48 
26.63 
18.68 
24.02 
24.47 
10.01 
14.16 
10.62 
15.76 
20.55 
7.52 
22.45 
22.39 
20.51 
19.30 
15.78 
7.32 
21.11 
26.47 
24.92 
20.92 
22.00 
26.32 
26.89 
12.71 
14.27 
6.96 
13.68 
16.35 
19.01 
20.37 
20.13 
20.05 
18.86 
14.53 
24.36 
22.38 
23.38 
20.01 
22.10 
22.77 
20.51 
21.95 
18.94 
7.27 
6.16 
15.64 
16.76 
15.47 
6.43 
5.93 
17.13 
20.87 
20.31 
19.76 
18.20 
13.61 
5.61 
5.56 
9.22 
5.47 
8.66 
5.37 
5.32 
10.97 
10.89 
5.18 
5.13 
5.36 
9.77 
6.34 
4.95 
6.23 
13.16 
13.20 
18.18 
17.67 
16.51 
15.63 
14.88 
17.04 
16.67 
14.55 
8.86 
14.70 
4.31 
4.27 
11.47 
4.18 
8.67 
14.40 
13.35 
14.54 
15.24 
14.67 
14.67 
13.31 
12.19 
11.31 
5.64 
3.71 
13.04 
12.62 
12.20 
3.57 
3.54 
3.50 
3.47 
12.41 
11.80 
12.03 
10.92 
10.95 
10.57 
3.27 
9.43 
7.25 
3.19 
11.06 
10.80 
10.24 
8.91 
10.24 
3.06 
10.04 
10.87 
9.96 
9.82 
8.73 
10.80 
9.43 
2.94 
2.93 
6.98 
5.55 
10.43 
9.37 
10.67 
8.31 
2.87 
9.88 
6.98 
2.87 
3.14 
2.86 
9.87 
2.87 
2.87 
2.87 
2.88 
2.88 
9.47 
10.52 
10.64 
10.76 
10.23 
9.88 
6.95 
7.55 
2.98 
10.12 
3.01 
8.46 
9.37 
8.93 
10.84 
4.98 
9.47 
3.15 
11.27 
3.19 
3.22 
3.24 
10.42 
9.77 
3.32 
12.19 
11.85 
6.78 
12.33 
10.61 
8.65 
11.52 
12.80 
12.35 
12.55 
12.53 
13.40 
12.38 
7.63 
13.71 
13.93 
13.69 
12.87 
14.37 
14.95 
15.30 
14.94 
14.34 
13.97 
14.80 
14.55 
4.33 
11.18 
11.40 
13.62 
8.80 
15.48 
4.60 
4.64 
17.26 
17.64 
16.98 
17.37 
4.88 
10.40 
18.41 
18.54 
17.03 
18.66 
18.09 
15.03 
5.26 
16.50 
5.35 
5.40 
15.40 
16.50 
20.05 
19.45 
16.96 
5.69 
20.09 
17.26 
11.30 
16.87 
19.35 
22.16 
21.82 
22.54 
21.90 
6.16 
12.94 
21.61 
20.64 
6.34 
23.32 
23.58 
21.34 
19.70 
12.86 
17.67 
15.68 
18.77 
17.58 
14.29 
14.35 
24.07 
23.35 
22.95 
20.43 
23.11 
18.95 
13.46 
7.12 
7.16 
15.58 
25.86 
23.12 
21.37 
24.58 
25.64 
25.71 
26.10 
24.33 
21.88 
22.27 
16.45 
28.08 
27.80 
24.32 
7.68 
26.95 
18.38 
28.39 
7.79 
8.15 
25.65 
17.37 
18.42 
22.19 
15.25 
27.02 
26.38 
24.53 
29.17 
25.79 
23.93 
24.13 
26.38 
26.57 
23.35 
29.70 
24.41 
30.60 
29.76 
26.70 
25.51 
10.79 
24.17 
22.47 
8.25 
23.52 
18.90 
29.89 
17.03 
29.21 
25.62 
11.56 
12.07 
26.49 
12.77 
9.17 
27.52 
18.26 
21.01 
18.26 
22.20 
19.46 
26.82 
14.99 
23.90 
8.30 
20.11 
13.43 
19.24 
8.27 
17.68 
21.95 
19.20 
8.24 
24.48 
8.22 
8.21 
15.03 
21.16 
19.10 
26.07 
29.29 
13.24 
8.28 
18.65 
17.10 
8.06 
23.00 
24.33 
23.29 
17.31 
18.30 
26.07 
16.38 
22.78 
25.96 
16.63 
10.18 
17.24 
9.62 
17.17 
27.55 
25.82 
24.26 
25.88 
7.61 
7.58 
15.05 
7.52 
8.98 
7.45 
11.90 
8.88 
7.36 
23.15 
21.77 
7.25 
21.64 
19.94 
23.14 
7.11 
25.76 
24.22 
23.33 
19.22 
15.45 
16.19 
11.16 
20.37 
6.76 
23.70 
25.51 
24.93 
15.56 
20.50 
19.17 
16.75 
7.67 
18.60 
10.96 
13.51 
20.63 
23.27 
22.09 
18.81 
20.07 
19.07 
15.68 
14.85 
5.89 
19.25 
11.81 
14.07 
7.01 
5.65 
11.22 
16.59 
7.22 
14.96 
15.01 
18.56 
15.51 
18.60 
11.99 
6.69 
5.13 
18.53 
16.92 
14.93 
10.95 
18.83 
15.54 
17.00 
14.14 
14.04 
14.71 
13.32 
15.26 
5.54 
14.41 
8.93 
4.40 
9.77 
16.67 
16.30 
15.58 
15.82 
15.59 
10.49 
4.06 
4.02 
14.89 
12.82 
14.10 
14.56 
11.74 
11.31 
13.46 
12.69 
6.98 
13.28 
12.64 
11.90 
9.88 
5.43 
4.43 
11.35 
10.86 
12.45 
12.27 
12.08 
12.01 
11.93 
4.56 
6.85 
5.50 
12.06 
5.53 
11.73 
10.68 
11.41 
10.87 
9.46 
10.39 
3.39 
11.26 
11.22 
10.89 
10.76 
8.64 
7.47 
2.92 
7.06 
4.12 
9.09 
10.11 
10.00 
9.80 
10.72 
10.06 
8.75 
2.86 
8.00 
10.52 
10.43 
8.76 
10.92 
8.41 
9.17 
3.83 
10.15 
10.74 
10.86 
10.76 
10.23 
7.03 
5.52 
10.61 
9.69 
9.73 
3.01 
11.27 
10.73 
11.47 
11.62 
11.29 
11.74 
10.31 
10.77 
7.42 
11.71 
9.24 
7.66 
11.21 
6.43 
12.40 
12.58 
12.25 
12.55 
11.78 
11.87 
5.91 
3.57 
10.05 
3.64 
3.68 
12.85 
5.21 
12.82 
3.83 
7.30 
6.32 
7.77 
13.32 
14.83 
4.07 
12.80 
11.46 
15.29 
13.47 
4.28 
4.33 
4.37 
16.63 
12.99 
15.37 
13.83 
4.60 
13.91 
13.37 
13.99 
16.33 
16.97 
12.31 
10.53 
10.62 
16.51 
19.62 
17.56 
18.78 
18.21 
14.72 
10.34 
5.35 
19.26 
20.23 
16.50 
19.76 
19.88 
19.71 
21.00 
18.92 
5.78 
22.24 
21.33 
14.58 
21.41 
22.58 
22.39 
20.84 
20.79 
22.12 
18.39 
24.34 
20.12 
14.15 
21.40 
24.15 
25.04 
23.57 
23.67 
24.40 
22.59 
9.28 
22.29 
13.71 
21.98 
21.74 
26.51 
24.16 
20.83 
7.05 
18.36 
27.59 
26.69 
9.83 
19.26 
25.93 
27.82 
26.57 
24.81 
25.71 
24.10 
8.64 
26.56 
27.79 
26.85 
28.42 
27.97 
28.02 
28.24 
10.24 
7.73 
19.09 
24.89 
26.28 
9.36 
10.24 
19.10 
29.84 
29.71 
28.90 
27.74 
22.66 
20.47 
30.56 
30.42 
27.21 
29.11 
24.69 
8.80 
30.04 
31.43 
31.45 
30.45 
30.46 
30.48 
29.13 
29.31 
12.87 
26.77 
8.26 
25.24 
31.26 
30.75 
30.42 
29.56 
29.40 
24.77 
15.85 
18.26 
21.18 
9.34 
30.61 
25.29 
32.15 
31.12 
30.77 
29.23 
28.36 
24.24 
28.01 
30.40 
30.90 
31.57 
31.22 
28.98 
29.82 
19.37 
23.29 
27.38 
8.22 
30.08 
27.67 
16.04 
23.88 
9.86 
21.79 
26.54 
11.52 
8.09 
22.04 
23.37 
12.12 
26.20 
13.10 
21.56 
25.09 
27.77 
27.90 
24.14 
17.68 
21.70 
7.82 
19.43 
14.51 
13.30 
26.03 
13.57 
7.66 
23.54 
22.32 
26.78 
23.05 
7.52 
25.94 
27.20 
27.31 
26.58 
17.43 
15.89 
7.29 
23.84 
7.22 
24.03 
7.15 
9.06 
21.86 
13.84 
7.32 
12.28 
23.01 
23.25 
16.44 
25.79 
25.38 
23.54 
14.12 
16.26 
6.60 
6.56 
6.51 
6.47 
6.43 
22.00 
6.34 
21.03 
23.38 
22.35 
19.97 
18.51 
21.12 
20.42 
16.13 
5.93 
11.36 
21.90 
21.63 
20.05 
17.03 
18.96 
11.22 
14.73 
15.92 
11.28 
15.71 
11.26 
20.40 
19.85 
19.73 
19.33 
15.79 
17.31 
5.04 
13.99 
14.82 
13.39 
10.00 
18.31 
17.92 
15.60 
9.30 
17.29 
9.15 
17.17 
15.03 
16.42 
15.31 
15.32 
11.78 
12.17 
13.16 
13.66 
8.31 
11.32 
4.06 
6.82 
3.98 
15.24 
14.21 
13.20 
12.64 
11.99 
8.32 
3.71 
3.67 
3.64 
3.60 
3.57 
11.81 
12.26 
12.81 
9.45 
12.22 
11.83 
11.96 
11.36 
11.39 
10.61 
9.73 
3.22 
3.19 
3.17 
10.00 
6.09 
10.49 
4.85 
3.06 
5.28 
10.68 
3.01 
10.97 
10.16 
9.55 
7.62 
2.94 
2.93 
4.05 
10.26 
10.05 
4.68 
10.01 
10.18 
10.36 
10.07 
10.53 
10.52 
10.15 
9.31 
8.75 
4.55 
9.13 
8.77 
10.19 
9.83 
8.91 
8.17 
10.64 
8.40 
2.93 
2.94 
10.38 
11.19 
10.27 
10.40 
5.33 
8.26 
7.04 
11.57 
10.74 
11.58 
10.46 
11.51 
9.87 
8.52 
4.53 
3.24 
3.27 
12.34 
12.01 
12.29 
10.70 
12.77 
11.59 
11.04 
11.22 
12.49 
9.98 
13.22 
12.88 
12.53 
12.85 
12.83 
3.79 
6.55 
3.87 
3.91 
3.95 
7.25 
9.78 
14.00 
13.63 
4.15 
15.53 
13.71 
15.53 
15.15 
16.38 
15.51 
16.26 
16.38 
11.54 
4.60 
14.81 
13.76 
4.74 
4.78 
15.92 
17.89 
11.74 
12.63 
13.13 
17.03 
17.01 
7.36 
19.04 
20.28 
15.80 
17.45 
11.06 
5.45 
13.79 
18.33 
15.27 
16.23 
5.69 
12.04 
18.74 
5.83 
19.40 
7.72 
19.91 
21.82 
21.79 
22.66 
16.06 
16.92 
10.70 
22.02 
22.90 
22.23 
22.02 
7.72 
23.94 
23.73 
22.88 
15.05 
19.41 
6.73 
12.85 
25.10 
18.60 
20.12 
17.61 
16.70 
22.30 
16.18 
24.24 
17.93 
12.74 
26.94 
27.18 
18.00 
20.38 
27.40 
28.13 
28.37 
27.77 
27.67 
25.22 
15.74 
13.93 
19.01 
29.65 
26.51 
23.36 
15.13 
28.01 
29.58 
28.95 
28.32 
20.56 
26.88 
8.90 
7.91 
20.69 
30.77 
29.78 
23.51 
29.00 
28.17 
29.57 
30.62 
29.28 
12.38 
9.49 
29.01 
28.69 
22.04 
26.16 
9.56 
27.23 
29.13 
25.20 
21.78 
26.25 
28.66 
25.76 
8.27 
14.45 
28.01 
26.48 
26.65 
26.49 
27.69 
18.60 
11.74 
28.04 
29.24 
23.92 
12.09 
26.83 
27.00 
24.94 
29.39 
19.79 
23.55 
22.69 
8.29 
8.28 
26.25 
30.01 
26.74 
29.30 
31.16 
19.52 
28.91 
17.78 
13.83 
25.26 
8.17 
8.15 
8.14 
8.12 
23.79 
8.09 
23.23 
8.06 
10.25 
20.09 
26.00 
26.31 
24.58 
23.36 
14.35 
19.40 
23.76 
25.41 
23.51 
22.29 
7.77 
24.40 
23.51 
9.03 
16.38 
27.56 
25.50 
12.09 
11.72 
19.34 
7.49 
19.24 
7.42 
14.01 
28.66 
27.60 
26.37 
10.05 
7.22 
7.18 
16.78 
8.09 
18.45 
14.82 
23.01 
18.41 
19.31 
23.25 
24.61 
13.98 
12.49 
16.24 
12.69 
11.84 
14.62 
10.47 
12.76 
6.47 
19.46 
7.62 
22.98 
23.64 
23.53 
22.20 
16.18 
6.12 
11.94 
6.03 
5.98 
6.23 
5.89 
5.84 
21.93 
21.22 
18.78 
18.38 
18.27 
17.88 
21.05 
18.23 
17.55 
11.83 
7.70 
20.83 
20.14 
19.33 
18.52 
15.95 
16.92 
17.34 
7.35 
16.44 
15.14 
17.79 
18.18 
18.06 
17.93 
4.62 
4.58 
4.53 
7.37 
4.44 
4.40 
10.76 
4.31 
16.18 
15.82 
15.58 
15.35 
15.47 
15.24 
14.65 
14.31 
13.97 
13.30 
12.97 
13.77 
13.22 
8.66 
13.69 
12.16 
13.06 
10.79 
12.87 
13.42 
8.63 
12.92 
12.41 
11.28 
7.13 
10.82 
10.74 
9.24 
12.04 
10.75 
12.70 
12.12 
6.16 
11.69 
11.14 
8.22 
8.38 
3.06 
7.90 
11.26 
10.44 
9.82 
11.03 
10.60 
10.38 
9.30 
9.56 
10.85 
8.28 
6.57 
9.94 
10.86 
10.37 
10.36 
9.41 
8.94 
8.56 
8.37 
5.11 
8.65 
10.62 
8.95 
10.17 
9.81 
10.76 
9.28 
10.81 
10.83 
11.14 
8.05 
9.59 
10.48 
11.09 
11.13 
10.79 
9.00 
11.85 
9.76 
10.98 
10.84 
10.50 
10.46 
12.01 
11.27 
10.94 
12.01 
11.17 
10.83 
11.11 
6.43 
12.81 
12.58 
12.25 
12.12 
6.14 
12.62 
13.46 
13.88 
13.22 
12.88 
12.42 
13.52 
11.82 
8.30 
14.39 
3.87 
12.89 
13.10 
3.99 
13.89 
14.36 
4.11 
13.26 
15.17 
4.24 
11.86 
15.03 
12.67 
9.53 
13.24 
11.96 
14.85 
13.94 
16.62 
4.69 
4.74 
11.21 
18.29 
19.09 
19.35 
19.49 
15.70 
19.21 
20.30 
19.88 
20.43 
19.86 
19.01 
18.29 
17.14 
12.70 
20.64 
21.49 
21.62 
15.51 
11.52 
11.89 
20.21 
22.69 
22.07 
22.34 
22.76 
22.28 
23.45 
23.11 
23.08 
22.42 
22.84 
8.45 
8.51 
23.94 
24.20 
21.96 
6.51 
18.37 
25.09 
22.98 
14.96 
25.71 
24.85 
23.98 
22.62 
25.29 
26.02 
23.68 
27.34 
25.79 
25.71 
7.12 
23.41 
19.20 
28.00 
17.34 
26.33 
27.90 
24.98 
17.39 
22.94 
27.50 
27.40 
25.45 
22.15 
10.28 
28.64 
26.84 
7.68 
7.71 
7.73 
27.55 
29.80 
29.50 
27.34 
29.76 
30.14 
24.40 
27.16 
27.19 
7.97 
25.38 
29.17 
31.59 
29.57 
26.35 
28.09 
28.97 
30.02 
30.04 
22.19 
27.69 
30.62 
31.49 
28.25 
16.96 
29.31 
11.84 
30.02 
30.55 
25.93 
26.80 
19.26 
30.93 
31.45 
27.34 
18.42 
8.30 
8.31 
25.47 
26.32 
25.64 
26.67 
11.91 
8.31 
14.83 
27.85 
20.30 
24.07 
24.06 
17.72 
21.65 
16.16 
8.27 
26.24 
28.46 
25.70 
13.37 
22.42 
30.27 
30.94 
15.54 
23.90 
27.80 
21.81 
18.38 
20.74 
12.03 
8.09 
13.01 
8.06 
8.04 
8.02 
8.00 
23.42 
20.68 
11.67 
27.90 
21.09 
13.62 
7.85 
26.05 
25.67 
20.23 
7.75 
22.34 
26.15 
20.40 
7.64 
21.32 
21.94 
21.72 
25.33 
9.48 
11.77 
20.84 
14.83 
7.36 
11.94 
16.17 
9.39 
14.43 
27.13 
25.10 
20.95 
18.45 
25.51 
22.84 
23.57 
6.92 
14.91 
15.80 
21.01 
19.65 
14.02 
19.81 
6.64 
24.21 
24.27 
24.01 
9.74 
16.51 
18.75 
6.34 
13.82 
6.25 
6.21 
11.93 
20.47 
6.07 
10.22 
7.17 
22.28 
22.31 
22.34 
22.37 
21.51 
21.68 
21.13 
19.14 
17.88 
5.51 
17.66 
17.13 
15.33 
20.40 
19.85 
15.45 
16.72 
18.93 
17.72 
5.04 
4.99 
6.55 
13.79 
7.36 
8.87 
15.45 
17.28 
16.00 
17.80 
14.75 
10.72 
10.64 
14.05 
11.59 
4.35 
14.96 
15.70 
4.22 
13.90 
7.24 
13.10 
4.06 
4.83 
13.73 
3.94 
5.50 
3.86 
3.82 
11.42 
12.23 
3.71 
12.93 
12.18 
8.72 
7.89 
13.21 
12.15 
5.17 
3.44 
3.41 
3.38 
11.96 
12.19 
10.57 
6.84 
12.27 
9.77 
10.12 
3.17 
9.11 
3.12 
3.10 
11.32 
11.16 
6.64 
3.03 
3.01 
2.99 
2.98 
2.96 
10.85 
10.63 
11.26 
10.66 
9.51 
6.10 
10.59 
10.76 
10.84 
9.98 
10.16 
2.87 
2.87 
9.87 
9.87 
9.40 
10.53 
10.72 
8.96 
2.88 
2.88 
4.30 
2.90 
5.55 
10.29 
2.93 
11.40 
11.15 
9.94 
7.68 
2.99 
3.01 
3.03 
8.30 
11.18 
10.54 
10.99 
10.26 
10.41 
3.17 
3.19 
3.22 
3.24 
4.80 
10.90 
12.21 
12.29 
13.00 
12.56 
12.12 
12.53 
3.51 
10.87 
7.26 
3.61 
13.76 
13.86 
13.52 
9.36 
3.79 
12.69 
14.96 
14.38 
12.06 
14.14 
14.01 
4.07 
9.23 
4.15 
12.76 
15.65 
16.14 
16.38 
15.39 
15.51 
15.63 
4.50 
16.63 
4.60 
11.72 
16.09 
16.34 
16.20 
11.56 
4.88 
15.08 
13.30 
14.89 
5.07 
16.74 
19.06 
16.69 
19.73 
18.45 
20.82 
20.53 
19.66 
19.22 
12.87 
11.37 
16.52 
16.19 
14.82 
7.40 
18.55 
7.96 
16.37 
23.21 
23.33 
19.82 
21.90 
21.70 
17.53 
21.61 
23.41 
22.59 
6.38 
24.52 
24.94 
24.89 
24.68 
24.62 
25.35 
22.91 
10.88 
20.53 
17.40 
24.07 
24.00 
24.40 
24.65 
24.41 
22.21 
22.94 
7.12 
18.98 
19.20 
25.53 
7.27 
28.32 
27.73 
23.98 
18.22 
21.94 
18.65 
21.04 
23.27 
26.68 
27.91 
26.96 
27.35 
17.62 
27.11 
23.95 
25.01 
15.24 
7.81 
19.20 
30.61 
29.63 
26.95 
29.20 
28.73 
28.42 
12.09 
21.15 
13.50 
25.47 
25.84 
27.06 
30.16 
27.45 
29.36 
8.15 
30.60 
28.73 
8.19 
16.94 
19.36 
29.31 
27.10 
16.31 
23.00 
26.27 
27.48 
19.09 
30.76 
29.56 
27.00 
21.51 
30.26 
31.81 
28.72 
28.73 
26.50 
19.80 
26.66 
10.03 
15.68 
17.39 
12.25 
23.90 
27.83 
8.29 
8.29 
24.72 
29.51 
25.04 
27.94 
19.03 
15.25 
11.99 
16.42 
10.94 
8.19 
8.18 
29.00 
24.71 
27.08 
21.42 
28.39 
29.73 
28.33 
26.94 
22.32 
13.80 
12.42 
13.58 
22.54 
26.58 
18.58 
7.89 
19.70 
24.06 
23.68 
17.91 
7.77 
7.75 
10.07 
7.69 
14.54 
7.64 
20.65 
24.61 
10.22 
19.17 
24.94 
11.94 
7.42 
23.93 
7.36 
25.45 
26.37 
7.25 
7.22 
15.20 
22.98 
16.88 
26.24 
24.54 
25.75 
23.73 
6.92 
6.88 
19.17 
22.44 
21.88 
20.21 
10.64 
6.64 
22.16 
23.95 
15.73 
6.47 
9.53 
11.18 
23.59 
20.88 
6.25 
10.62 
22.09 
21.99 
21.88 
21.32 
20.61 
21.09 
21.43 
21.31 
10.19 
9.69 
14.27 
16.93 
7.33 
12.58 
8.08 
21.91 
21.08 
20.67 
20.12 
18.88 
14.07 
15.48 
15.79 
18.67 
18.00 
16.94 
8.28 
18.57 
17.65 
16.08 
18.05 
16.11 
12.91 
7.31 
17.29 
17.55 
16.29 
15.30 
7.37 
15.93 
15.20 
15.45 
15.46 
11.50 
9.50 
15.47 
10.18 
15.24 
15.12 
15.01 
13.75 
7.39 
3.82 
11.65 
14.35 
11.59 
13.59 
12.84 
3.60 
13.84 
13.75 
13.54 
13.56 
13.46 
7.08 
12.76 
5.94 
12.70 
11.60 
9.79 
3.24 
11.99 
10.92 
10.56 
11.39 
10.64 
11.77 
10.43 
11.07 
9.56 
3.03 
10.92 
9.24 
10.55 
7.45 
8.95 
10.25 
10.03 
8.87 
5.83 
2.90 
2.89 
2.88 
2.88 
2.87 
9.69 
10.34 
5.20 
2.86 
7.63 
10.06 
9.97 
9.98 
10.27 
9.16 
2.88 
2.89 
7.23 
10.74 
9.91 
10.48 
11.65 
11.30 
10.86 
10.90 
10.27 
2.99 
3.01 
10.78 
3.04 
3.06 
7.40 
3.10 
4.51 
6.93 
3.17 
11.84 
10.90 
8.53 
3.27 
3.30 
3.32 
3.35 
9.76 
11.41 
13.18 
7.63 
3.51 
3.54 
3.57 
3.61 
13.76 
13.30 
3.72 
14.40 
3.79 
6.21 
14.96 
13.46 
14.72 
12.97 
4.03 
14.47 
15.06 
4.15 
16.02 
4.24 
7.34 
14.17 
16.51 
10.40 
4.46 
13.98 
15.86 
4.60 
4.64 
14.41 
13.21 
8.19 
18.03 
15.50 
17.35 
19.49 
17.19 
8.74 
16.47 
18.64 
17.66 
20.70 
17.34 
5.35 
20.53 
18.39 
18.21 
17.90 
12.52 
17.39 
19.10 
21.41 
19.77 
22.39 
12.56 
23.23 
22.61 
20.62 
22.09 
21.44 
14.39 
13.09 
19.61 
18.79 
22.59 
22.23 
14.54 
6.47 
25.20 
24.52 
18.61 
25.51 
24.34 
26.19 
24.85 
23.66 
25.52 
24.16 
23.76 
12.16 
26.20 
7.05 
23.92 
25.96 
24.72 
25.13 
24.37 
28.41 
26.83 
23.09 
15.34 
27.70 
28.60 
28.17 
22.05 
27.29 
28.36 
28.08 
27.80 
22.97 
9.03 
12.26 
29.70 
30.26 
28.78 
15.95 
27.85 
29.93 
28.78 
20.32 
19.50 
28.22 
30.81 
26.92 
26.44 
25.79 
16.59 
23.62 
8.09 
8.10 
8.12 
29.19 
31.95 
29.57 
27.19 
26.35 
27.23 
25.70 
23.31 
24.01 
26.60 
26.09 
17.35 
8.27 
23.89 
29.04 
29.74 
29.23 
28.55 
21.86 
8.31 
18.95 
27.01 
14.14 
8.31 
8.31 
8.31 
23.91 
20.31 
28.88 
27.84 
22.52 
26.97 
27.13 
9.82 
28.14 
29.32 
23.83 
28.95 
28.60 
11.31 
8.22 
8.21 
8.19 
8.18 
8.17 
8.15 
8.14 
8.12 
26.34 
28.19 
8.07 
11.12 
26.40 
28.58 
25.49 
18.16 
26.95 
23.53 
7.92 
7.89 
20.38 
16.29 
25.71 
24.99 
12.32 
17.00 
24.19 
13.23 
17.39 
24.71 
7.61 
19.77 
26.39 
24.83 
23.11 
12.43 
26.64 
24.43 
13.30 
23.97 
24.89 
26.63 
27.05 
27.13 
24.77 
14.11 
15.85 
22.92 
24.78 
25.35 
13.84 
6.88 
23.97 
25.31 
25.70 
25.60 
24.24 
20.20 
19.80 
17.84 
20.10 
17.99 
8.75 
7.16 
20.05 
21.03 
15.58 
17.02 
21.03 
23.50 
18.26 
16.97 
21.50 
13.22 
16.54 
5.84 
5.79 
5.75 
19.94 
22.00 
21.87 
21.17 
19.91 
12.55 
17.27 
5.37 
21.10 
20.55 
19.04 
19.19 
18.93 
15.00 
18.41 
17.34 
17.36 
19.10 
4.85 
4.81 
4.76 
18.45 
17.80 
17.42 
16.91 
4.53 
17.42 
16.79 
16.30 
15.44 
16.92 
16.67 
16.06 
16.18 
4.14 
10.61 
15.12 
8.69 
3.98 
3.94 
12.84 
14.79 
11.74 
13.22 
14.69 
14.03 
3.67 
13.93 
13.72 
13.41 
12.56 
13.12 
12.39 
11.35 
13.27 
12.66 
12.58 
12.29 
11.09 
11.22 
3.24 
3.22 
12.02 
11.76 
11.49 
11.93 
11.67 
11.61 
11.55 
10.92 
10.87 
10.73 
10.49 
10.93 
2.96 
2.95 
10.91 
10.12 
11.33 
10.92 
11.08 
10.78 
9.82 
9.72 
2.87 
10.35 
10.43 
10.71 
10.89 
10.61 
9.96 
10.06 
2.87 
11.02 
10.37 
11.05 
11.16 
10.71 
10.74 
11.14 
10.32 
11.21 
10.86 
10.71 
9.31 
2.99 
5.42 
8.84 
6.65 
3.06 
10.54 
11.49 
10.26 
3.15 
3.17 
3.19 
9.49 
3.24 
12.47 
12.65 
12.42 
9.17 
3.38 
11.41 
12.65 
12.53 
13.15 
11.52 
13.34 
3.61 
3.64 
8.33 
13.40 
12.94 
11.58 
5.99 
3.87 
6.67 
14.96 
14.49 
15.07 
10.93 
14.35 
14.46 
14.09 
4.24 
10.27 
13.31 
6.10 
14.51 
12.37 
13.47 
4.55 
4.60 
4.64 
10.52 
17.77 
16.98 
15.52 
16.30 
16.41 
13.04 
10.56 
19.21 
14.96 
5.16 
18.21 
16.25 
19.15 
16.89 
20.25 
21.37 
20.64 
19.19 
5.59 
16.67 
14.87 
22.14 
21.68 
20.17 
18.65 
20.25 
17.36 
18.51 
20.73 
6.11 
11.80 
20.89 
12.70 
22.33 
19.03 
24.10 
24.05 
24.94 
24.26 
24.20 
23.67 
21.55 
6.69 
6.73 
6.77 
22.70 
25.04 
13.02 
19.71 
6.97 
11.24 
12.75 
21.14 
12.85 
25.87 
24.80 
26.35 
23.62 
7.30 
23.25 
26.80 
27.04 
26.44 
24.00 
28.40 
25.28 
28.69 
28.25 
27.63 
27.01 
27.91 
23.06 
19.73 
7.76 
27.43 
28.66 
20.22 
27.21 
28.44 
27.46 
26.14 
21.75 
24.16 
24.19 
28.49 
28.35 
12.32 
19.35 
31.33 
31.19 
31.39 
31.24 
28.69 
15.87 
27.71 
12.13 
29.62 
26.38 
26.23 
20.24 
30.37 
25.06 
23.53 
25.08 
29.72 
30.07 
28.02 
27.85 
12.07 
16.88 
11.39 
12.77 
13.29 
17.92 
17.75 
21.00 
29.75 
29.74 
8.31 
29.39 
28.87 
30.40 
25.60 
29.02 
13.93 
9.64 
8.27 
8.26 
8.25 
16.79 
14.04 
20.53 
8.21 
26.31 
28.51 
16.70 
27.27 
27.08 
29.61 
19.87 
13.20 
24.59 
28.48 
29.47 
11.25 
8.00 
16.81 
7.96 
27.94 
28.41 
24.98 
28.33 
26.93 
15.08 
15.21 
27.47 
26.92 
16.79 
7.69 
7.66 
12.99 
28.34 
27.45 
27.05 
25.66 
25.94 
28.86 
7.42 
26.91 
26.02 
26.94 
7.29 
7.25 
26.39 
26.64 
24.28 
17.86 
13.08 
20.65 
23.98 
25.83 
24.94 
24.53 
6.84 
6.80 
6.76 
16.72 
6.68 
23.67 
26.25 
25.21 
18.70 
17.06 
22.10 
24.78 
24.83 
6.30 
6.25 
23.27 
6.16 
12.46 
13.90 
6.03 
19.86 
18.27 
5.89 
17.48 
5.79 
5.75 
5.70 
20.84 
5.61 
17.30 
5.51 
14.11 
19.81 
11.40 
15.23 
18.47 
9.65 
15.76 
19.88 
17.85 
17.87 
17.48 
16.96 
6.62 
4.85 
18.44 
18.05 
17.54 
17.80 
16.78 
15.39 
4.53 
4.49 
16.05 
8.12 
4.35 
4.31 
15.33 
15.34 
16.30 
14.99 
5.64 
4.06 
4.02 
7.58 
15.47 
15.47 
14.90 
13.89 
14.12 
8.99 
3.71 
13.48 
12.07 
8.61 
13.84 
13.53 
13.12 
5.91 
9.67 
13.48 
12.35 
7.39 
3.32 
3.29 
11.73 
3.24 
11.19 
5.80 
9.86 
3.14 
9.35 
5.17 
5.63 
11.94 
11.70 
10.97 
11.40 
11.55 
11.12 
10.22 
10.95 
6.07 
9.18 
11.51 
11.01 
10.80 
10.69 
7.67 
10.84 
10.83 
10.63 
10.43 
10.80 
10.99 
10.80 
10.15 
10.34 
10.72 
10.45 
8.69 
9.64 
10.78 
10.52 
11.11 
