20050101
10.23 
7.67 
9.92 
10.23 
2.88 
4.30 
10.82 
10.21 
9.68 
8.68 
10.06 
9.73 
9.40 
10.32 
7.94 
7.01 
7.55 
10.67 
11.13 
10.90 
10.07 
3.24 
3.27 
6.58 
6.22 
4.92 
3.39 
3.43 
11.82 
8.50 
11.90 
12.09 
12.51 
3.64 
7.86 
8.70 
11.12 
3.79 
3.83 
12.53 
12.98 
13.89 
3.99 
7.08 
4.08 
4.12 
9.19 
11.19 
14.32 
15.77 
15.89 
15.15 
12.78 
4.48 
8.69 
17.27 
14.72 
15.09 
6.78 
7.89 
15.56 
12.11 
17.78 
15.64 
16.96 
15.86 
18.28 
16.91 
16.75 
18.80 
19.34 
19.60 
16.36 
16.18 
5.48 
17.53 
20.23 
17.03 
18.30 
5.73 
17.34 
20.98 
21.54 
20.91 
20.43 
19.79 
20.80 
22.27 
21.63 
19.76 
15.57 
20.11 
21.75 
16.74 
16.98 
8.96 
6.51 
6.56 
20.14 
16.91 
16.03 
12.93 
23.02 
23.11 
23.68 
23.77 
15.63 
21.67 
11.87 
20.69 
25.80 
25.23 
17.46 
22.44 
25.95 
23.07 
26.59 
19.40 
13.00 
17.02 
24.54 
26.27 
22.50 
24.72 
8.41 
27.34 
20.19 
27.95 
28.17 
12.26 
20.20 
26.30 
7.80 
13.40 
26.26 
7.88 
7.90 
26.38 
27.77 
20.69 
14.78 
28.72 
29.61 
28.62 
19.63 
25.78 
17.47 
27.36 
16.31 
26.39 
21.63 
25.75 
30.54 
29.70 
29.55 
22.23 
27.53 
17.47 
8.26 
8.27 
16.13 
26.73 
24.18 
14.45 
25.39 
30.86 
28.47 
17.20 
20.62 
24.03 
27.11 
25.74 
28.30 
26.25 
14.63 
18.73 
8.31 
12.74 
14.45 
27.58 
28.59 
23.47 
8.28 
27.03 
27.01 
29.89 
28.52 
17.09 
10.60 
23.87 
26.23 
11.75 
11.06 
20.22 
9.16 
8.12 
8.11 
23.86 
8.07 
15.85 
26.32 
26.12 
20.68 
7.98 
9.30 
27.33 
24.26 
9.23 
26.87 
25.82 
19.73 
13.99 
22.00 
21.79 
8.71 
17.19 
9.98 
18.78 
24.89 
7.56 
12.50 
7.50 
15.24 
7.43 
14.81 
8.68 
13.24 
7.30 
7.26 
27.30 
27.06 
22.27 
20.90 
22.45 
7.04 
20.05 
21.42 
16.38 
16.16 
17.05 
10.14 
9.46 
6.73 
22.44 
20.62 
23.98 
22.00 
20.36 
20.73 
21.87 
19.62 
18.91 
17.91 
17.97 
16.82 
6.16 
20.10 
6.07 
13.03 
22.02 
19.68 
5.88 
5.83 
14.83 
17.36 
15.81 
18.45 
17.77 
17.66 
14.86 
11.38 
5.40 
8.43 
5.31 
12.03 
14.55 
18.14 
17.74 
7.09 
16.03 
18.18 
16.73 
15.56 
8.89 
4.78 
6.16 
17.17 
17.05 
16.16 
16.80 
16.05 
12.06 
4.41 
15.81 
13.86 
13.99 
14.25 
5.63 
11.05 
7.18 
14.87 
14.75 
14.06 
13.37 
12.13 
9.31 
3.82 
3.78 
3.74 
14.20 
11.79 
13.23 
11.07 
11.95 
11.76 
3.49 
8.10 
12.76 
11.52 
10.61 
7.03 
6.47 
3.27 
9.61 
11.56 
11.68 
11.21 
11.14 
8.42 
9.94 
6.86 
11.18 
10.45 
8.28 
2.98 
8.01 
2.94 
10.29 
10.63 
9.08 
9.70 
2.87 
2.85 
5.99 
9.03 
9.65 
9.99 
9.79 
9.50 
9.85 
9.47 
7.72 
6.99 
6.34 
9.90 
9.26 
9.72 
7.53 
9.00 
8.28 
5.54 
2.80 
2.81 
5.49 
7.81 
5.15 
4.70 
4.99 
2.87 
7.09 
10.22 
10.35 
2.93 
8.64 
8.20 
2.98 
3.00 
8.91 
3.04 
4.33 
3.09 
3.11 
3.13 
3.16 
3.19 
3.21 
11.55 
9.59 
3.30 
9.94 
3.36 
11.02 
3.43 
3.46 
3.49 
3.53 
7.02 
11.97 
12.50 
12.05 
3.71 
3.75 
13.46 
13.57 
13.22 
12.52 
12.74 
3.99 
4.03 
11.51 
7.92 
13.97 
14.56 
14.19 
12.47 
12.58 
4.39 
15.52 
14.63 
4.52 
4.57 
10.50 
4.66 
4.71 
17.40 
17.66 
16.33 
15.13 
16.04 
17.36 
16.40 
5.10 
5.14 
14.96 
10.22 
18.64 
18.21 
19.03 
14.63 
19.70 
11.53 
19.94 
18.04 
15.98 
14.62 
18.95 
19.80 
20.50 
21.36 
18.64 
12.75 
21.25 
16.98 
21.63 
12.75 
8.84 
22.10 
19.28 
17.36 
21.02 
6.47 
22.15 
9.54 
6.60 
6.64 
6.69 
14.20 
21.91 
21.83 
21.60 
11.88 
6.93 
14.08 
24.99 
25.56 
20.60 
24.74 
24.82 
22.44 
10.85 
10.56 
23.46 
22.54 
23.42 
24.65 
23.55 
25.10 
20.83 
7.54 
19.93 
22.99 
24.38 
23.26 
7.69 
25.54 
22.05 
7.77 
27.70 
25.55 
26.94 
27.99 
20.76 
20.96 
12.35 
7.97 
7.99 
24.48 
26.38 
22.67 
11.13 
8.08 
17.47 
28.90 
29.09 
25.36 
22.15 
26.77 
21.84 
8.21 
22.55 
21.71 
17.97 
18.32 
26.53 
27.57 
30.82 
27.25 
22.81 
11.37 
26.58 
29.32 
27.96 
27.45 
24.89 
18.57 
8.32 
21.98 
20.45 
27.28 
18.22 
19.75 
24.87 
25.72 
13.59 
10.00 
21.26 
11.01 
29.43 
24.13 
23.26 
15.75 
26.98 
26.28 
22.52 
8.21 
10.58 
22.30 
14.12 
8.15 
8.14 
22.38 
18.46 
14.03 
8.07 
15.17 
20.39 
27.13 
23.89 
25.04 
13.36 
7.93 
10.77 
14.28 
14.42 
20.61 
7.81 
9.46 
20.33 
16.44 
19.91 
11.69 
17.32 
21.94 
23.06 
7.56 
7.53 
13.46 
10.77 
12.38 
9.87 
10.33 
19.48 
19.26 
24.27 
24.53 
23.32 
17.07 
14.42 
7.08 
19.96 
19.24 
6.97 
6.93 
22.87 
7.33 
19.20 
6.77 
18.73 
21.33 
11.20 
8.32 
10.93 
20.67 
23.52 
18.78 
10.54 
23.21 
22.49 
22.38 
19.40 
19.75 
7.92 
6.07 
12.14 
18.16 
18.50 
16.48 
18.88 
19.94 
17.36 
19.57 
15.14 
5.60 
18.65 
15.14 
16.73 
19.29 
15.40 
16.27 
17.27 
15.92 
15.81 
14.35 
13.57 
9.32 
4.97 
15.01 
11.21 
17.94 
16.77 
4.74 
4.69 
4.64 
4.60 
14.78 
7.01 
4.46 
8.50 
4.37 
14.10 
15.94 
5.68 
12.10 
8.79 
4.58 
12.87 
13.24 
9.89 
13.14 
12.93 
6.13 
11.71 
13.41 
12.98 
12.88 
12.34 
12.46 
11.18 
3.56 
12.08 
11.46 
11.48 
12.34 
12.14 
7.19 
3.33 
3.30 
5.30 
3.24 
9.85 
8.68 
3.16 
3.13 
3.11 
3.08 
7.93 
9.92 
9.10 
9.72 
10.53 
10.48 
9.67 
7.74 
6.01 
2.89 
9.80 
2.87 
10.57 
2.84 
2.83 
2.82 
9.07 
7.40 
8.95 
9.85 
9.74 
6.17 
2.78 
2.78 
2.78 
8.81 
9.81 
2.78 
2.79 
2.79 
9.03 
10.32 
7.22 
2.81 
2.82 
8.01 
9.06 
6.85 
3.99 
5.13 
9.56 
9.60 
10.49 
8.83 
8.30 
10.73 
10.60 
7.56 
4.11 
3.06 
9.75 
10.90 
11.46 
9.44 
3.19 
11.07 
5.47 
10.21 
8.53 
3.33 
11.78 
11.44 
12.47 
10.55 
12.23 
12.65 
12.85 
12.51 
12.94 
11.06 
7.70 
12.80 
3.79 
7.11 
12.65 
13.67 
12.62 
3.99 
8.96 
13.75 
14.10 
11.82 
12.64 
14.80 
12.72 
4.34 
4.39 
14.89 
16.01 
4.52 
4.57 
4.62 
10.07 
9.63 
4.76 
11.49 
4.85 
4.90 
18.98 
18.71 
18.97 
18.01 
7.47 
19.50 
17.83 
16.14 
15.83 
11.15 
17.74 
10.74 
18.68 
5.58 
5.63 
5.68 
10.39 
9.29 
7.88 
21.39 
21.36 
20.73 
22.04 
20.50 
6.11 
6.15 
15.95 
15.88 
23.48 
22.82 
20.61 
16.36 
21.43 
22.30 
23.65 
21.24 
23.06 
9.70 
6.73 
23.34 
24.07 
13.90 
19.59 
23.21 
20.54 
21.59 
25.88 
14.58 
23.11 
10.76 
24.89 
26.12 
26.52 
25.44 
25.34 
23.92 
17.36 
25.54 
25.43 
25.16 
25.55 
24.61 
25.50 
26.89 
8.33 
25.32 
26.21 
7.75 
28.83 
27.19 
29.09 
17.48 
26.81 
26.85 
23.33 
29.30 
16.45 
21.56 
8.01 
8.03 
24.54 
26.95 
28.16 
27.00 
29.24 
28.75 
21.10 
8.16 
8.18 
21.16 
15.37 
23.41 
23.08 
24.80 
18.84 
24.83 
29.28 
26.90 
17.85 
8.29 
22.65 
24.53 
28.30 
25.57 
24.20 
14.98 
8.32 
8.32 
20.79 
12.59 
15.66 
24.54 
27.44 
25.38 
8.31 
24.00 
8.30 
8.29 
11.18 
24.82 
22.08 
21.39 
23.59 
20.51 
17.09 
17.93 
15.19 
24.70 
25.70 
28.74 
15.97 
23.94 
8.12 
15.06 
22.34 
8.07 
28.21 
11.08 
22.90 
22.53 
24.87 
24.67 
19.23 
7.91 
7.89 
7.86 
7.84 
12.01 
7.79 
24.01 
21.79 
24.59 
23.04 
7.65 
7.62 
7.59 
12.71 
20.30 
7.83 
27.14 
22.78 
24.70 
25.46 
15.71 
7.30 
22.80 
21.43 
24.78 
21.62 
26.58 
25.36 
26.41 
18.44 
16.28 
6.93 
11.04 
21.35 
24.29 
21.19 
22.05 
20.07 
17.32 
12.24 
23.25 
22.38 
22.44 
22.65 
21.16 
21.21 
20.35 
20.10 
19.70 
6.16 
6.11 
12.51 
6.02 
5.97 
5.93 
11.77 
15.51 
21.11 
21.72 
21.16 
16.43 
11.47 
5.55 
5.50 
13.63 
7.23 
12.47 
5.31 
8.85 
15.65 
17.18 
5.12 
5.07 
6.63 
12.45 
8.77 
4.88 
7.06 
14.81 
11.86 
17.94 
17.30 
16.67 
14.78 
14.16 
16.43 
16.05 
13.72 
13.49 
14.60 
4.24 
9.82 
4.15 
4.11 
9.35 
14.99 
12.90 
12.57 
15.21 
14.30 
13.07 
12.96 
11.42 
9.12 
3.67 
7.77 
12.91 
12.60 
12.29 
3.49 
3.45 
3.42 
6.52 
12.16 
11.56 
11.18 
9.27 
11.03 
10.75 
3.18 
10.02 
10.25 
3.11 
10.82 
11.53 
9.63 
9.10 
9.62 
2.98 
9.91 
10.81 
10.20 
7.90 
9.36 
10.64 
8.83 
2.85 
2.84 
8.93 
2.82 
10.73 
8.14 
10.60 
9.39 
5.63 
8.73 
6.71 
2.78 
7.98 
2.78 
10.00 
2.78 
2.79 
2.79 
2.79 
2.80 
10.07 
10.00 
10.39 
10.69 
10.17 
10.39 
2.87 
5.22 
2.89 
9.13 
5.38 
9.40 
6.49 
8.15 
10.60 
8.91 
3.04 
3.06 
11.03 
3.11 
3.13 
3.16 
10.20 
7.14 
3.24 
12.35 
12.12 
6.74 
11.78 
9.35 
9.21 
11.08 
12.77 
13.18 
12.42 
11.86 
12.83 
9.73 
7.04 
13.36 
13.57 
13.11 
13.22 
13.67 
13.89 
15.51 
14.93 
14.70 
14.46 
15.29 
14.93 
4.25 
13.82 
12.82 
12.18 
11.28 
16.51 
7.43 
4.57 
17.15 
16.76 
16.50 
17.27 
7.82 
12.38 
18.18 
18.31 
16.82 
18.97 
17.60 
12.12 
5.19 
17.28 
5.29 
5.34 
14.67 
14.91 
20.12 
18.82 
18.36 
5.63 
18.44 
16.80 
5.77 
18.03 
19.62 
21.51 
20.88 
22.04 
20.35 
6.11 
8.28 
20.52 
21.38 
6.29 
22.05 
22.78 
19.00 
20.49 
9.33 
12.68 
9.59 
17.70 
13.18 
13.56 
9.00 
22.63 
23.04 
22.00 
20.95 
22.97 
19.48 
14.03 
7.09 
7.13 
13.38 
23.42 
19.71 
15.50 
24.12 
26.17 
23.26 
24.31 
23.88 
20.45 
7.51 
13.71 
26.45 
25.83 
22.54 
7.66 
25.99 
21.33 
27.43 
7.77 
7.80 
26.22 
15.96 
23.26 
23.97 
7.92 
25.40 
23.91 
21.56 
26.52 
22.64 
22.16 
16.06 
22.72 
24.96 
24.81 
25.17 
24.85 
29.31 
25.57 
24.23 
23.39 
13.17 
22.57 
22.07 
9.27 
19.36 
18.17 
28.60 
19.56 
28.28 
25.04 
8.30 
8.30 
10.70 
18.05 
8.31 
19.76 
15.15 
21.64 
16.35 
20.96 
14.80 
13.09 
13.43 
23.33 
8.30 
17.00 
12.73 
9.31 
8.28 
15.43 
17.30 
15.92 
8.24 
26.46 
14.86 
8.21 
16.70 
18.39 
17.18 
17.33 
28.01 
12.37 
9.80 
11.14 
19.77 
18.90 
22.42 
21.04 
23.21 
17.94 
20.61 
23.96 
13.13 
11.76 
23.00 
23.64 
7.81 
13.49 
13.29 
7.73 
26.26 
25.21 
26.99 
24.11 
14.41 
12.71 
14.49 
14.45 
7.47 
7.43 
8.72 
10.49 
9.80 
17.13 
23.13 
7.23 
20.06 
23.41 
25.12 
7.08 
24.48 
24.72 
18.37 
21.03 
12.00 
6.85 
6.81 
11.05 
6.73 
21.96 
25.17 
22.25 
17.01 
15.85 
14.69 
14.00 
6.38 
19.53 
6.29 
18.12 
23.03 
22.32 
22.06 
20.15 
19.89 
17.71 
17.17 
9.41 
5.83 
17.46 
10.97 
14.65 
6.51 
5.60 
14.10 
19.11 
10.25 
10.74 
13.59 
17.25 
14.79 
17.43 
13.63 
6.61 
5.07 
17.37 
16.85 
15.67 
16.48 
18.46 
16.38 
15.87 
12.41 
15.00 
13.36 
10.99 
12.28 
4.46 
13.83 
8.67 
4.32 
5.01 
15.69 
15.45 
15.10 
15.10 
14.75 
11.25 
3.98 
3.94 
14.53 
14.19 
12.95 
14.53 
12.31 
12.10 
12.56 
11.15 
3.59 
12.17 
10.69 
10.71 
6.09 
6.25 
3.39 
10.82 
10.95 
11.18 
11.20 
11.33 
11.15 
11.68 
8.13 
5.70 
3.11 
11.01 
5.89 
10.89 
11.12 
10.87 
10.72 
8.77 
9.20 
2.93 
10.81 
10.58 
9.98 
8.08 
7.13 
2.84 
2.83 
3.47 
2.81 
10.06 
3008.18 
8.93 
2.79 
10.01 
8.45 
5.16 
2.78 
8.08 
9.81 
9.54 
8.73 
9.65 
8.57 
2.80 
2.81 
10.18 
10.11 
10.14 
9.49 
6.46 
2.86 
2.87 
8.03 
9.75 
6.87 
2.93 
10.82 
9.44 
10.06 
10.88 
10.36 
10.61 
8.82 
10.05 
3.11 
10.67 
5.85 
3.19 
5.33 
6.18 
11.02 
11.41 
11.90 
11.15 
9.98 
3.43 
3.46 
7.01 
11.36 
3.56 
3.60 
11.95 
3.67 
12.14 
3.75 
10.09 
3.83 
10.02 
12.63 
12.04 
3.99 
12.59 
11.39 
15.05 
11.94 
4.21 
4.25 
4.29 
15.40 
12.43 
14.27 
13.00 
4.52 
13.59 
13.18 
12.26 
14.42 
17.53 
10.05 
4.85 
4.90 
14.43 
18.84 
16.67 
16.25 
16.08 
15.23 
12.71 
5.29 
18.35 
19.59 
10.24 
19.13 
17.96 
18.51 
19.77 
17.43 
5.73 
20.27 
20.54 
15.18 
20.91 
18.34 
18.00 
19.90 
8.67 
15.56 
22.04 
22.91 
19.65 
12.19 
18.45 
23.04 
23.45 
22.46 
21.77 
21.87 
20.06 
6.69 
17.53 
8.36 
19.28 
23.04 
24.89 
24.01 
22.32 
7.01 
15.17 
26.29 
26.05 
7.17 
17.36 
26.28 
26.68 
24.29 
23.20 
23.42 
22.33 
7.45 
25.43 
25.83 
24.39 
26.11 
26.00 
25.72 
26.61 
12.22 
7.72 
16.33 
23.44 
25.67 
7.83 
7.85 
20.22 
28.54 
28.07 
26.42 
26.45 
20.04 
23.46 
28.76 
26.24 
26.10 
25.95 
22.74 
8.12 
28.41 
29.28 
29.82 
28.47 
29.69 
29.02 
27.50 
28.88 
11.48 
27.20 
8.26 
23.64 
29.29 
29.13 
29.13 
28.11 
28.29 
22.15 
8.31 
8.31 
18.22 
8.32 
29.16 
24.21 
30.52 
28.13 
29.15 
27.61 
22.65 
15.48 
28.44 
29.12 
29.45 
29.44 
30.45 
27.71 
23.60 
8.25 
8.24 
16.75 
8.22 
28.63 
25.55 
11.92 
22.28 
8.15 
16.97 
23.91 
10.48 
8.09 
24.34 
22.45 
13.96 
24.76 
11.72 
5543.25 
21.29 
18.22 
25.77 
20.68 
11.06 
7.84 
7.81 
13.99 
7.76 
7.73 
23.92 
18.20 
13.65 
7.62 
21.39 
24.66 
15.16 
7.50 
21.68 
24.76 
23.22 
24.80 
11.11 
7.30 
7.26 
20.28 
7.19 
26.49 
7.12 
7.08 
24.15 
9.90 
6.97 
6.93 
16.48 
21.99 
9.83 
24.36 
23.31 
20.39 
9.15 
19.12 
6.56 
6.51 
6.47 
6.43 
6.38 
19.68 
9.04 
17.97 
23.34 
19.90 
16.79 
22.25 
19.45 
17.86 
13.03 
5.88 
11.26 
21.40 
20.99 
18.41 
10.68 
17.34 
5.55 
5.50 
11.09 
12.14 
9.96 
14.19 
17.13 
19.63 
18.82 
18.69 
14.52 
14.55 
7.91 
13.68 
14.37 
4.83 
4.78 
18.33 
17.30 
14.49 
4.60 
16.67 
6.51 
15.80 
14.20 
15.44 
14.59 
13.26 
7.61 
4.19 
12.72 
12.26 
4.06 
4.02 
3.98 
6.82 
3.90 
13.39 
12.61 
12.29 
9.64 
8.12 
3.67 
3.63 
3.59 
3.56 
3.52 
3.49 
7.78 
10.24 
11.94 
7.81 
10.84 
9.33 
11.20 
10.22 
9.95 
6.88 
3.16 
3.13 
3.11 
3.08 
3.06 
3.04 
3.02 
9.05 
2.98 
2.96 
7.68 
2.93 
10.34 
8.80 
2.88 
2.87 
2.85 
2.84 
2.83 
8.36 
8.61 
2.81 
9.77 
8.84 
9.93 
9.55 
10.18 
9.90 
8.62 
8.35 
7.35 
2.78 
6.63 
7.92 
9.12 
8.12 
2.81 
8.52 
10.21 
2.83 
2.84 
2.86 
8.09 
9.99 
9.47 
9.69 
2.93 
7.31 
6.96 
11.40 
10.60 
11.04 
10.32 
10.38 
9.56 
7.15 
3.13 
3.16 
5.49 
9.26 
11.96 
11.73 
10.79 
12.21 
11.26 
8.62 
8.48 
12.25 
11.91 
11.90 
11.66 
9.14 
10.09 
10.73 
11.37 
8.55 
3.79 
3.83 
3.87 
6.32 
3.95 
13.54 
12.94 
4.08 
14.10 
11.70 
14.20 
10.19 
15.53 
13.19 
13.91 
14.89 
4.48 
4.52 
14.73 
13.31 
4.66 
4.71 
16.23 
15.30 
4.85 
10.48 
14.17 
16.15 
14.91 
5.10 
17.73 
19.36 
12.85 
18.09 
16.25 
5.39 
13.49 
19.13 
19.82 
12.19 
5.63 
7.71 
19.13 
7.82 
19.95 
5.87 
20.77 
20.73 
22.19 
21.86 
12.45 
17.99 
10.62 
22.45 
22.41 
21.28 
20.30 
6.43 
23.76 
23.08 
20.99 
11.17 
19.59 
6.69 
16.58 
25.25 
16.72 
18.23 
12.04 
16.60 
16.18 
7.01 
20.69 
14.58 
7.13 
26.45 
25.39 
18.57 
22.08 
26.59 
27.32 
27.06 
25.97 
27.20 
23.11 
9.51 
14.71 
10.58 
28.01 
24.38 
24.60 
15.92 
28.73 
28.61 
27.99 
28.20 
17.45 
26.60 
14.30 
7.90 
20.62 
28.62 
28.32 
18.68 
27.37 
23.66 
29.47 
30.01 
26.97 
8.10 
12.21 
28.24 
28.43 
19.93 
25.23 
15.53 
24.24 
29.89 
25.98 
18.82 
23.79 
28.24 
25.69 
8.28 
14.60 
21.96 
22.31 
26.58 
17.70 
20.78 
8.31 
8.31 
19.08 
27.96 
18.74 
18.57 
27.10 
27.61 
23.85 
24.53 
17.70 
8.30 
23.14 
8.29 
8.28 
29.77 
29.07 
24.63 
29.21 
29.88 
14.87 
28.14 
20.97 
8.20 
13.80 
8.17 
8.15 
8.14 
8.12 
23.55 
8.09 
12.48 
8.05 
8.04 
13.94 
22.70 
21.49 
25.34 
23.45 
7.91 
9.06 
21.15 
20.27 
11.00 
16.68 
10.44 
21.62 
22.42 
7.68 
19.49 
27.77 
23.22 
7.56 
7.53 
14.29 
7.47 
20.64 
7.40 
13.95 
27.52 
23.03 
22.64 
7.23 
7.19 
7.16 
7.12 
7.08 
17.37 
18.76 
25.60 
11.41 
21.75 
22.94 
22.22 
12.63 
6.73 
8.42 
11.82 
6.60 
9.83 
6.51 
6.47 
6.43 
19.31 
6.34 
22.49 
21.62 
22.43 
21.71 
19.65 
17.90 
6.02 
5.97 
5.93 
16.48 
5.83 
5.79 
21.72 
21.74 
19.02 
20.49 
14.10 
19.68 
20.12 
15.08 
17.78 
11.14 
9.54 
13.73 
19.64 
18.29 
17.76 
15.36 
14.85 
15.41 
4.88 
10.34 
14.55 
16.91 
17.43 
17.56 
17.30 
4.55 
4.50 
4.46 
12.83 
4.37 
4.32 
5.37 
4.24 
15.93 
14.74 
13.92 
14.87 
14.52 
12.78 
12.91 
13.50 
13.51 
12.39 
12.85 
11.64 
11.00 
7.51 
13.23 
10.42 
12.06 
8.12 
11.56 
11.79 
3.42 
11.52 
10.82 
10.74 
3.30 
10.08 
9.31 
8.84 
11.08 
9.82 
11.04 
10.49 
4.65 
11.73 
10.60 
3.02 
3.00 
2.98 
8.39 
10.24 
8.97 
8.84 
10.68 
9.61 
10.41 
8.71 
7.94 
9.77 
2.82 
8.61 
9.79 
10.05 
9.48 
9.65 
8.36 
9.00 
8.53 
6.89 
2.78 
6.80 
9.91 
9.73 
9.65 
8.48 
9.87 
8.23 
10.27 
10.02 
10.23 
8.13 
3.88 
2.87 
10.46 
10.59 
10.26 
8.98 
10.82 
9.54 
10.54 
9.83 
9.97 
9.64 
11.45 
11.13 
10.70 
11.06 
11.03 
11.00 
10.87 
4.56 
12.04 
10.79 
10.87 
11.78 
3.39 
10.47 
12.25 
12.66 
12.54 
12.85 
10.12 
11.41 
8.52 
6.48 
13.36 
3.79 
11.41 
12.08 
3.91 
13.08 
13.07 
4.85 
9.27 
13.39 
4.16 
8.42 
6.92 
11.01 
4.34 
4.39 
4.43 
4.48 
11.84 
15.62 
4.62 
4.66 
4.71 
16.75 
16.74 
18.84 
17.91 
15.24 
18.97 
18.97 
19.24 
18.96 
19.22 
17.00 
15.03 
16.95 
9.32 
20.56 
19.84 
19.96 
17.79 
12.41 
9.74 
17.68 
21.74 
21.12 
21.10 
21.36 
14.32 
22.34 
22.01 
21.52 
20.11 
20.97 
6.25 
21.18 
23.29 
23.39 
19.93 
10.21 
19.33 
22.87 
21.08 
22.59 
24.90 
24.84 
23.50 
22.15 
24.80 
24.73 
23.85 
26.20 
25.64 
21.82 
7.09 
19.36 
15.18 
27.68 
8.72 
23.56 
24.78 
24.02 
11.68 
21.33 
26.53 
27.60 
26.16 
13.55 
7.57 
26.00 
26.05 
10.35 
7.69 
12.09 
25.92 
28.66 
28.20 
27.40 
25.93 
27.66 
17.04 
22.32 
23.87 
9.49 
27.16 
27.54 
29.61 
24.54 
26.61 
22.38 
28.36 
28.05 
26.54 
19.74 
27.43 
28.99 
30.20 
25.95 
16.75 
28.20 
8.24 
27.55 
26.70 
25.18 
21.94 
10.50 
30.50 
28.11 
26.07 
12.23 
8.31 
8.31 
23.01 
25.23 
19.76 
26.94 
8.32 
10.20 
23.69 
29.15 
15.82 
22.13 
24.52 
13.07 
8.29 
9.82 
8.28 
24.64 
26.16 
21.20 
15.40 
22.54 
25.25 
30.50 
19.08 
25.36 
15.99 
19.37 
8.14 
20.35 
20.66 
8.09 
12.31 
8.05 
8.04 
8.02 
8.00 
7.98 
17.07 
7.93 
13.13 
10.41 
7.86 
7.84 
17.38 
5503.62 
7.76 
7.73 
14.23 
25.54 
21.99 
7.62 
20.56 
16.20 
21.29 
26.04 
16.23 
9.74 
7.40 
8.68 
7.33 
15.00 
16.26 
14.57 
13.87 
26.33 
23.17 
22.94 
14.95 
22.78 
20.30 
24.55 
6.89 
15.93 
13.64 
6.77 
6.73 
17.24 
20.46 
7.54 
23.56 
24.09 
20.42 
14.00 
14.85 
19.07 
6.29 
13.10 
6.20 
6.16 
18.15 
19.70 
9.00 
9.39 
9.33 
22.23 
21.81 
21.40 
21.43 
20.87 
20.03 
19.20 
16.52 
14.71 
5.45 
16.63 
8.29 
18.63 
19.76 
18.53 
12.26 
12.58 
18.57 
16.56 
4.97 
4.93 
4.88 
11.91 
4.78 
7.33 
14.98 
16.28 
16.54 
16.04 
14.67 
4.46 
9.49 
13.72 
8.36 
4.28 
16.06 
14.62 
4.15 
12.26 
5.82 
10.67 
3.98 
3.94 
9.50 
6.58 
3.82 
3.78 
3.74 
6.58 
8.72 
3.63 
12.04 
11.52 
9.30 
9.54 
12.32 
7.30 
3.39 
3.36 
3.33 
3.30 
11.30 
11.43 
9.04 
3.18 
11.41 
5.21 
3.11 
3.08 
8.32 
5.37 
3.02 
10.01 
9.29 
2.96 
2.94 
2.93 
2.91 
2.89 
2.88 
10.41 
10.19 
10.07 
10.41 
10.11 
3.92 
10.16 
10.14 
10.21 
9.19 
9.28 
5.52 
7.44 
9.72 
9.44 
8.53 
9.73 
9.00 
7.55 
2.79 
4.45 
5.20 
2.81 
2.82 
9.86 
8.04 
10.57 
10.89 
9.80 
6.74 
2.91 
2.93 
4.84 
6.20 
10.83 
9.54 
11.23 
10.52 
10.28 
3.09 
3.11 
3.13 
3.16 
3.99 
11.07 
12.16 
11.33 
12.43 
12.10 
11.26 
11.86 
4.69 
11.08 
6.90 
5.78 
12.85 
12.95 
12.28 
12.71 
3.71 
13.36 
14.47 
14.02 
10.71 
14.70 
14.01 
11.79 
4.03 
7.85 
14.34 
16.36 
16.25 
15.89 
15.41 
13.80 
4.39 
4.43 
16.89 
6.42 
16.38 
16.38 
15.86 
13.78 
14.01 
4.81 
13.30 
4.90 
9.22 
5.00 
17.89 
18.83 
17.73 
19.08 
17.83 
20.17 
18.77 
17.62 
20.14 
13.30 
5.53 
5.58 
18.62 
11.62 
11.56 
18.81 
8.47 
16.66 
22.70 
22.22 
19.94 
22.01 
20.16 
16.77 
22.19 
23.52 
20.11 
6.34 
22.62 
23.19 
24.07 
24.49 
23.97 
24.07 
22.59 
13.02 
21.98 
19.84 
24.71 
23.68 
24.57 
25.46 
23.77 
22.24 
16.95 
7.09 
7.13 
22.37 
22.60 
7.24 
26.68 
26.92 
23.69 
20.28 
22.16 
11.43 
22.94 
25.00 
26.05 
27.28 
27.67 
27.73 
21.08 
26.83 
22.01 
20.20 
7.77 
7.80 
16.60 
28.97 
27.32 
28.37 
29.26 
28.96 
26.11 
7.99 
19.05 
14.15 
20.12 
28.31 
23.91 
30.23 
27.53 
27.56 
8.15 
31.35 
28.30 
8.19 
25.27 
18.97 
27.86 
28.04 
21.23 
8.26 
26.89 
24.85 
19.05 
31.70 
28.80 
21.29 
15.14 
30.69 
30.52 
29.50 
20.45 
16.35 
16.69 
23.86 
12.59 
14.12 
15.48 
15.82 
23.50 
27.76 
8.30 
8.29 
28.24 
29.60 
27.88 
30.76 
14.22 
8.24 
17.77 
15.71 
13.48 
8.20 
14.65 
27.89 
25.66 
23.77 
28.67 
28.64 
28.95 
27.73 
24.82 
19.72 
8.02 
12.22 
18.96 
29.05 
27.83 
10.61 
7.89 
18.80 
20.11 
26.11 
12.99 
7.76 
7.73 
18.40 
7.68 
24.49 
8.79 
18.90 
19.85 
12.67 
22.07 
27.14 
15.19 
8.39 
26.94 
7.33 
26.14 
26.72 
14.41 
7.19 
22.76 
18.79 
20.99 
27.06 
25.20 
26.08 
25.51 
6.89 
6.85 
23.49 
21.98 
20.00 
6.68 
9.47 
6.60 
22.32 
25.02 
23.99 
6.43 
6.38 
16.92 
13.17 
20.40 
6.20 
21.87 
22.81 
22.40 
23.33 
20.68 
22.20 
22.82 
17.56 
21.11 
13.15 
5.69 
10.10 
19.34 
14.95 
12.87 
13.35 
20.98 
21.27 
19.74 
19.34 
17.98 
11.99 
17.61 
6.96 
16.56 
12.98 
13.55 
12.79 
18.86 
17.29 
14.32 
16.14 
10.40 
5.87 
6.70 
17.30 
13.93 
12.34 
12.86 
4.32 
16.42 
15.57 
14.38 
13.67 
4.11 
12.52 
15.10 
3.98 
14.99 
13.84 
14.19 
10.92 
7.36 
4.30 
9.56 
12.45 
12.57 
12.91 
12.17 
3.52 
12.62 
12.74 
12.55 
12.56 
11.85 
7.86 
11.89 
3.27 
11.94 
11.36 
3.18 
3.16 
11.44 
9.01 
3.08 
11.14 
10.89 
11.51 
10.10 
10.24 
2.96 
2.94 
10.86 
9.21 
10.68 
5.96 
7.34 
10.29 
10.63 
8.84 
8.45 
2.81 
2.81 
2.80 
2.79 
2.79 
9.92 
10.55 
4.88 
2.78 
2.78 
9.90 
10.28 
8.55 
10.02 
9.21 
2.80 
2.81 
9.81 
10.39 
9.95 
10.14 
10.45 
11.04 
9.21 
10.08 
10.22 
6.21 
2.93 
9.40 
2.96 
2.98 
8.77 
3.02 
6.44 
8.33 
5.64 
11.39 
9.18 
8.64 
3.19 
3.21 
6.49 
3.27 
12.64 
12.10 
10.53 
11.02 
3.43 
3.46 
3.49 
3.53 
12.96 
12.51 
3.64 
13.26 
3.71 
9.11 
13.80 
13.23 
10.71 
8.04 
5.68 
13.65 
13.53 
9.15 
15.29 
4.16 
6.74 
13.59 
15.28 
14.05 
4.39 
16.51 
14.38 
4.52 
4.57 
11.14 
13.80 
7.69 
18.44 
4.81 
16.47 
18.98 
16.17 
5.00 
11.27 
17.20 
15.40 
19.64 
17.55 
5.29 
20.44 
16.22 
17.74 
17.42 
12.53 
13.19 
13.42 
19.46 
18.11 
22.03 
12.74 
22.72 
21.81 
20.58 
16.20 
16.74 
16.23 
6.15 
17.93 
12.51 
23.18 
21.90 
14.11 
6.43 
24.38 
24.18 
17.85 
21.55 
24.17 
25.37 
24.04 
16.81 
25.35 
21.44 
21.84 
19.18 
26.36 
7.01 
24.10 
20.92 
13.82 
17.95 
23.09 
28.09 
21.91 
24.12 
11.97 
28.06 
28.29 
26.53 
24.94 
18.83 
27.55 
24.94 
26.17 
26.56 
9.34 
7.69 
29.06 
29.62 
28.15 
9.99 
28.58 
28.46 
28.50 
16.36 
16.90 
25.06 
29.67 
21.22 
25.84 
23.32 
16.21 
22.69 
8.08 
8.10 
8.12 
28.92 
30.99 
27.77 
27.45 
22.52 
26.12 
8.22 
18.13 
20.87 
21.40 
20.73 
15.95 
8.28 
22.63 
29.13 
29.14 
27.95 
27.27 
9.16 
8.31 
17.37 
28.14 
8.32 
13.78 
8.32 
10.02 
23.34 
8.31 
22.65 
26.74 
18.88 
18.02 
21.77 
11.01 
28.40 
28.90 
18.83 
30.58 
28.86 
11.98 
8.22 
8.21 
8.20 
8.18 
20.07 
21.92 
15.10 
8.12 
27.62 
28.44 
8.75 
8.05 
28.35 
28.66 
24.39 
19.63 
29.56 
26.82 
7.91 
7.89 
27.38 
15.74 
24.94 
25.40 
7.76 
9.91 
22.75 
16.19 
26.83 
14.95 
10.92 
20.35 
27.43 
25.88 
12.43 
17.34 
25.52 
22.99 
14.23 
23.68 
26.40 
24.69 
26.25 
25.52 
17.50 
12.10 
15.76 
23.91 
25.92 
23.59 
14.72 
6.85 
25.88 
20.39 
25.68 
24.96 
19.68 
11.30 
6.56 
6.82 
16.70 
16.00 
6.38 
6.34 
20.35 
22.38 
20.61 
11.75 
21.16 
15.80 
7.51 
10.58 
17.91 
11.03 
16.83 
7.10 
5.74 
5.69 
20.89 
21.77 
20.93 
18.26 
18.99 
13.82 
13.45 
5.31 
19.76 
19.77 
15.13 
16.52 
13.57 
12.81 
15.78 
14.74 
12.26 
18.07 
14.81 
4.74 
4.69 
17.81 
16.29 
16.42 
14.42 
4.46 
16.05 
15.56 
13.74 
14.36 
15.45 
14.98 
14.38 
11.55 
4.06 
11.95 
13.25 
6.24 
3.90 
3.86 
13.74 
13.86 
4.74 
11.22 
13.77 
12.13 
3.59 
12.71 
12.72 
12.73 
5.78 
11.92 
11.83 
10.61 
12.18 
12.61 
12.22 
10.62 
11.05 
10.58 
7.63 
3.13 
11.57 
11.31 
11.53 
11.28 
11.31 
10.78 
10.44 
9.53 
10.05 
9.25 
10.06 
10.40 
7.09 
2.87 
10.66 
10.16 
10.32 
10.48 
9.81 
10.25 
9.50 
7.37 
2.79 
10.01 
10.09 
10.18 
9.63 
7.80 
7.99 
9.45 
2.79 
10.57 
10.22 
10.42 
10.53 
10.09 
10.21 
9.95 
9.06 
10.20 
9.86 
9.15 
2.89 
2.91 
8.22 
10.44 
8.30 
8.34 
10.69 
9.69 
10.13 
3.06 
3.09 
3.11 
11.66 
3.16 
11.60 
11.98 
11.25 
6.33 
3.30 
11.07 
11.57 
10.19 
12.05 
9.60 
12.55 
3.53 
3.56 
10.67 
13.60 
12.49 
11.81 
9.00 
5.14 
3.83 
14.81 
13.90 
14.47 
11.91 
9.07 
11.98 
11.01 
4.16 
13.60 
13.47 
8.57 
7.78 
6.12 
4.43 
4.48 
4.52 
4.57 
9.73 
17.79 
13.65 
14.40 
14.64 
10.13 
12.20 
17.51 
18.30 
16.00 
5.10 
19.50 
14.96 
15.89 
14.47 
18.91 
21.14 
19.29 
17.28 
11.82 
17.07 
9.82 
21.63 
22.20 
20.57 
19.51 
19.17 
16.61 
20.43 
15.45 
6.06 
19.10 
21.47 
10.92 
21.23 
15.35 
23.13 
23.55 
24.12 
24.07 
23.55 
22.87 
20.61 
12.96 
6.69 
19.44 
23.18 
24.23 
13.58 
15.41 
6.93 
18.77 
14.95 
26.05 
22.06 
23.76 
23.02 
25.22 
23.49 
7.28 
22.47 
25.84 
25.91 
26.47 
26.70 
27.26 
24.16 
27.22 
27.95 
21.32 
25.89 
24.43 
21.63 
16.96 
7.75 
27.99 
25.34 
28.58 
27.45 
27.99 
27.02 
27.06 
20.66 
24.08 
22.92 
28.55 
28.59 
8.05 
21.33 
29.19 
29.38 
30.43 
29.09 
28.09 
24.70 
21.31 
13.65 
28.00 
26.82 
28.03 
21.73 
30.11 
18.51 
28.59 
22.11 
22.63 
30.67 
22.31 
27.44 
19.92 
20.61 
18.73 
8.31 
8.32 
18.57 
24.55 
17.20 
29.15 
30.00 
8.31 
27.43 
28.62 
31.00 
27.75 
28.08 
12.89 
9.81 
14.24 
8.26 
11.66 
24.43 
8.23 
12.82 
14.00 
25.72 
24.51 
26.36 
29.57 
25.63 
28.16 
13.54 
21.83 
25.53 
26.69 
27.84 
11.57 
8.84 
11.52 
7.95 
19.06 
28.13 
26.07 
26.54 
21.62 
7.81 
22.71 
19.32 
23.47 
21.58 
7.68 
14.32 
16.45 
27.38 
24.83 
23.45 
24.39 
27.47 
25.59 
9.21 
27.27 
23.42 
22.54 
11.19 
14.08 
25.27 
25.03 
22.52 
12.42 
17.54 
17.95 
25.92 
25.51 
24.78 
10.04 
18.09 
11.05 
6.73 
11.88 
6.64 
23.51 
25.59 
23.62 
16.39 
6.43 
22.08 
24.13 
23.41 
9.29 
6.20 
18.69 
6.11 
16.70 
14.97 
8.35 
22.35 
19.72 
10.82 
6.95 
5.74 
5.69 
9.38 
16.91 
5.55 
19.25 
7.43 
11.72 
16.94 
8.22 
15.06 
12.63 
5.16 
15.16 
19.11 
14.28 
15.25 
15.27 
10.02 
9.29 
4.78 
18.20 
17.69 
16.92 
17.30 
15.79 
15.04 
4.46 
4.41 
11.01 
4.32 
4.28 
5.44 
6.11 
14.03 
15.46 
13.81 
7.87 
3.98 
3.94 
6.53 
14.76 
14.31 
12.63 
13.42 
13.21 
10.25 
12.03 
12.69 
11.31 
8.33 
12.73 
12.95 
12.23 
7.77 
8.43 
12.28 
12.10 
7.24 
3.24 
3.21 
11.38 
3.16 
10.65 
9.99 
5.92 
3.06 
8.85 
3.02 
6.17 
11.20 
10.67 
9.86 
10.58 
10.72 
9.18 
8.58 
9.11 
7.41 
7.94 
10.23 
10.48 
10.36 
9.79 
8.58 
10.31 
10.20 
8.64 
9.54 
10.36 
10.36 
10.36 
8.90 
10.18 
10.19 
9.01 
8.48 
10.14 
8.97 
9.81 
10.39 
