20050101
4.83 
2.88 
9.38 
6.86 
2.92 
5.78 
8.75 
10.41 
7.58 
7.14 
9.21 
10.13 
9.11 
9.94 
10.68 
7.18 
10.31 
11.07 
10.14 
10.00 
5.90 
3.28 
6.40 
9.24 
8.58 
3.40 
3.43 
6.54 
12.68 
11.91 
13.08 
13.07 
11.97 
3.67 
6.93 
3.75 
3.79 
3.82 
3.86 
12.87 
3.94 
13.19 
13.17 
9.38 
4.11 
4.15 
8.65 
4.24 
15.40 
15.76 
14.27 
13.76 
12.49 
10.82 
9.64 
16.88 
14.81 
16.22 
16.34 
16.07 
16.71 
11.52 
15.08 
17.61 
16.79 
18.13 
16.34 
15.35 
13.52 
19.18 
19.16 
19.43 
9.52 
19.39 
11.37 
11.16 
19.03 
10.73 
15.47 
9.12 
18.89 
21.37 
21.19 
21.30 
20.07 
13.26 
21.19 
21.45 
21.87 
6.22 
11.33 
19.87 
22.76 
23.17 
18.44 
20.25 
11.87 
6.58 
21.78 
9.99 
9.57 
21.09 
24.05 
22.38 
23.91 
19.32 
24.73 
18.17 
19.54 
22.05 
25.71 
23.34 
21.77 
26.60 
27.34 
21.80 
27.15 
7.36 
20.00 
24.04 
26.43 
24.49 
23.21 
21.26 
26.50 
28.40 
28.12 
28.18 
27.22 
21.37 
28.50 
18.42 
15.58 
24.07 
20.05 
7.88 
17.06 
27.95 
19.84 
15.62 
24.83 
24.01 
28.63 
24.23 
24.26 
18.49 
21.75 
19.55 
10.18 
23.01 
23.88 
27.83 
30.07 
26.16 
24.29 
8.23 
13.37 
25.19 
8.26 
16.48 
22.99 
28.82 
17.53 
28.66 
30.21 
29.53 
28.85 
22.69 
25.60 
22.35 
27.49 
28.51 
23.20 
19.61 
8.31 
8.31 
8.31 
19.42 
8.30 
20.95 
27.61 
26.74 
8.28 
16.81 
24.14 
27.37 
27.70 
25.30 
10.10 
27.65 
29.50 
27.10 
29.46 
15.65 
25.50 
25.14 
19.16 
21.86 
12.49 
12.64 
16.35 
22.60 
8.00 
7.98 
25.21 
26.87 
18.72 
14.81 
28.44 
25.87 
19.43 
25.28 
25.40 
16.30 
13.07 
27.10 
24.87 
22.15 
11.93 
21.72 
14.02 
21.45 
22.23 
7.44 
7.41 
16.61 
10.64 
7.31 
20.07 
24.43 
25.01 
25.10 
24.53 
19.91 
7.06 
20.10 
20.35 
21.25 
22.45 
21.09 
17.67 
22.36 
21.49 
23.77 
8.24 
23.11 
20.83 
21.83 
19.25 
14.97 
23.40 
22.68 
21.19 
17.58 
7.44 
6.18 
6.13 
6.09 
6.04 
22.26 
18.28 
5.90 
5.86 
5.81 
5.76 
10.95 
14.78 
13.53 
13.16 
14.64 
5.48 
5.43 
8.89 
5.34 
5.29 
14.49 
16.72 
16.61 
5.10 
19.36 
18.42 
16.30 
17.64 
7.50 
4.82 
15.71 
17.02 
16.51 
15.62 
15.51 
14.39 
4.49 
4.45 
9.73 
7.31 
14.34 
14.47 
12.91 
4.18 
15.09 
14.62 
13.57 
14.40 
11.74 
12.57 
10.99 
3.85 
12.51 
9.38 
12.32 
13.11 
12.57 
12.15 
12.06 
8.30 
3.53 
8.92 
11.92 
6.16 
10.61 
10.74 
5.09 
4.23 
8.89 
11.57 
11.40 
10.92 
10.46 
9.70 
10.43 
7.43 
11.39 
9.87 
8.56 
9.39 
9.63 
7.67 
9.45 
10.17 
9.09 
8.68 
5.26 
5.52 
5.78 
9.97 
10.41 
10.20 
9.71 
8.68 
10.05 
9.49 
6.61 
7.07 
9.19 
7.34 
9.37 
9.83 
9.28 
7.81 
7.27 
2.83 
2.84 
2.85 
2.85 
2.86 
7.82 
2.88 
2.89 
2.91 
8.02 
10.04 
9.42 
6.21 
8.25 
7.81 
3.02 
3.04 
3.06 
5.53 
10.09 
3.12 
3.15 
3.17 
3.20 
3.23 
3.25 
4.81 
3.31 
3.34 
8.99 
6.23 
3.43 
3.46 
3.50 
3.53 
3.57 
10.90 
12.51 
11.40 
8.82 
3.75 
10.99 
12.67 
12.65 
12.87 
13.43 
11.79 
12.47 
8.44 
11.36 
6.67 
14.44 
14.55 
15.15 
14.41 
13.41 
5.29 
15.75 
11.45 
8.49 
12.02 
4.65 
4.70 
15.56 
17.25 
16.84 
15.64 
17.49 
18.15 
13.00 
14.46 
10.46 
13.42 
8.96 
15.98 
18.60 
19.43 
15.03 
17.97 
18.08 
5.56 
20.18 
16.82 
17.95 
5.75 
21.69 
18.71 
21.19 
20.86 
19.32 
14.01 
22.70 
21.45 
18.97 
18.91 
16.71 
19.72 
22.29 
12.15 
11.90 
19.16 
22.69 
14.92 
15.47 
21.08 
6.71 
21.57 
16.70 
18.85 
22.63 
19.16 
19.23 
19.63 
25.71 
24.65 
20.33 
23.99 
25.87 
25.12 
11.86 
21.97 
18.40 
21.43 
25.30 
25.70 
23.27 
18.82 
19.21 
7.55 
20.98 
16.83 
15.03 
7.67 
13.59 
27.44 
7.75 
14.36 
26.90 
27.45 
27.50 
19.91 
25.71 
22.52 
22.05 
7.97 
15.98 
27.41 
27.27 
9.41 
8.07 
9.96 
28.06 
26.72 
19.57 
19.93 
15.85 
20.65 
8.19 
20.86 
19.85 
21.40 
11.15 
28.44 
27.77 
21.44 
26.93 
23.69 
17.02 
12.74 
30.55 
29.70 
28.34 
25.60 
20.30 
8.31 
8.31 
17.39 
18.41 
24.23 
17.72 
21.14 
29.35 
22.50 
8.30 
21.12 
28.63 
15.63 
9.30 
15.61 
23.97 
29.76 
29.58 
20.52 
8.22 
14.69 
24.05 
27.10 
16.35 
14.97 
8.14 
8.12 
15.08 
15.23 
9.60 
9.75 
24.66 
25.65 
10.88 
19.83 
22.34 
8.61 
7.91 
21.73 
17.65 
16.60 
11.52 
9.30 
22.71 
25.19 
15.42 
9.86 
13.17 
18.14 
13.93 
7.57 
7.54 
7.51 
7.48 
7.44 
7.41 
7.38 
20.68 
21.60 
7.28 
7.24 
7.21 
7.17 
18.19 
7.10 
15.15 
18.16 
6.98 
18.35 
22.13 
6.86 
11.61 
6.78 
19.11 
12.23 
11.07 
6.62 
6.58 
20.27 
22.05 
9.55 
17.68 
22.06 
21.50 
20.48 
19.47 
11.34 
6.13 
11.05 
19.08 
17.48 
13.68 
9.45 
13.51 
5.81 
15.98 
14.58 
5.67 
15.55 
10.73 
5.53 
16.53 
16.15 
5.38 
18.31 
13.06 
13.94 
11.78 
13.88 
11.61 
5.05 
12.25 
16.30 
16.98 
17.78 
13.20 
14.41 
12.62 
12.52 
6.42 
10.43 
4.54 
7.25 
4.45 
4.40 
16.17 
14.70 
4.27 
12.31 
4.18 
4.14 
11.08 
12.75 
6.93 
12.21 
13.61 
7.78 
12.83 
13.52 
13.42 
13.54 
13.33 
12.79 
12.59 
10.00 
12.83 
11.77 
10.30 
12.24 
12.26 
10.19 
10.53 
10.05 
3.31 
7.97 
10.76 
3.22 
3.20 
3.17 
3.15 
3.12 
3.10 
8.95 
7.73 
6.24 
9.49 
10.88 
10.35 
9.83 
5.51 
2.93 
2.92 
2.91 
9.65 
8.03 
7.82 
2.86 
9.64 
6.56 
9.88 
9.78 
9.49 
5.50 
8.36 
9.37 
6.88 
8.35 
2.82 
2.82 
2.83 
2.83 
9.59 
9.33 
2.85 
2.85 
2.86 
2.87 
2.88 
2.89 
2.91 
9.82 
9.95 
9.04 
9.27 
6.82 
3.00 
9.50 
8.09 
9.40 
3.08 
3.10 
10.15 
8.62 
8.37 
3.20 
3.23 
9.46 
3.28 
3.31 
3.34 
4.62 
4.87 
10.50 
10.89 
11.40 
11.70 
12.76 
12.09 
10.32 
12.83 
11.82 
9.90 
7.95 
3.82 
7.40 
13.21 
11.93 
13.19 
4.03 
12.45 
14.10 
7.50 
12.15 
4.24 
11.37 
9.62 
14.03 
14.88 
15.37 
9.18 
13.96 
13.81 
9.92 
4.70 
4.74 
4.79 
4.84 
4.89 
8.01 
18.01 
15.30 
16.50 
15.11 
11.22 
18.64 
18.06 
15.11 
12.12 
5.42 
5.46 
5.51 
5.56 
5.61 
5.66 
9.64 
18.64 
7.86 
5.85 
19.55 
16.83 
18.57 
17.62 
19.98 
19.33 
9.98 
19.37 
19.93 
20.65 
22.45 
10.59 
12.21 
22.91 
22.38 
22.16 
18.94 
12.37 
6.71 
19.50 
22.94 
11.64 
6.87 
16.58 
20.37 
22.87 
7.03 
23.03 
24.24 
12.87 
7.18 
19.04 
24.54 
25.60 
17.57 
20.60 
7.39 
7.42 
27.76 
16.49 
26.55 
22.60 
25.83 
25.72 
24.93 
22.97 
28.74 
19.35 
14.33 
28.89 
25.55 
26.95 
14.29 
28.89 
28.59 
28.12 
28.33 
7.97 
7.99 
8.01 
13.82 
21.85 
27.16 
27.01 
27.89 
28.94 
23.33 
8.15 
19.27 
26.46 
24.60 
8.20 
21.38 
25.16 
8.24 
24.33 
23.66 
22.13 
20.08 
17.70 
8.29 
8.29 
8.30 
13.61 
14.30 
8.31 
8.31 
8.31 
8.31 
10.88 
8.32 
8.31 
26.28 
24.56 
20.28 
8.30 
15.82 
8.29 
8.29 
26.91 
18.19 
23.13 
21.41 
11.67 
13.19 
16.59 
18.28 
22.53 
28.48 
26.25 
19.75 
8.15 
8.14 
8.12 
20.52 
17.44 
8.07 
24.86 
8.04 
19.89 
8.00 
7.98 
7.96 
22.30 
22.10 
10.42 
7.87 
7.84 
7.82 
13.17 
21.71 
7.74 
10.56 
7.68 
7.66 
7.63 
19.44 
21.55 
15.35 
22.11 
22.39 
26.14 
20.30 
26.34 
22.82 
21.28 
13.18 
18.53 
11.61 
11.08 
7.13 
7.10 
21.47 
19.46 
11.33 
6.94 
6.90 
6.86 
6.82 
6.78 
20.69 
6.70 
11.39 
16.99 
21.61 
19.33 
22.51 
20.24 
23.40 
20.68 
18.43 
17.43 
13.53 
6.18 
13.08 
19.93 
18.03 
6.00 
16.80 
22.03 
21.47 
20.47 
20.06 
19.37 
18.82 
18.86 
5.58 
5.53 
5.48 
5.43 
5.38 
5.34 
13.48 
5.24 
5.19 
5.15 
5.10 
5.05 
5.00 
4.96 
4.91 
4.86 
9.14 
15.19 
16.89 
15.48 
14.35 
13.99 
9.71 
15.91 
14.42 
13.69 
14.94 
7.00 
13.86 
13.52 
8.86 
4.14 
14.62 
10.52 
8.92 
13.36 
14.18 
8.81 
12.83 
3.82 
4.79 
3.74 
3.70 
13.89 
11.49 
10.54 
3.56 
3.53 
3.49 
3.46 
3.43 
7.78 
11.36 
3.34 
10.80 
9.91 
5.89 
5.75 
10.52 
3.17 
3.15 
10.83 
5.95 
9.24 
9.39 
5.07 
3.02 
9.06 
9.78 
7.83 
2.95 
9.66 
7.92 
8.18 
2.89 
2.88 
7.35 
6.78 
8.53 
6.37 
4.79 
2.83 
4.03 
8.18 
4.85 
2.82 
2.82 
2.82 
2.82 
2.82 
2.83 
2.83 
2.83 
9.14 
9.81 
8.81 
9.57 
9.97 
8.60 
8.44 
5.26 
2.92 
2.93 
9.80 
7.45 
7.68 
3.00 
3.02 
3.04 
3.06 
3.08 
3.10 
7.78 
3.15 
3.17 
3.20 
3.23 
3.25 
3.28 
11.03 
8.93 
3.37 
9.06 
8.91 
3.46 
10.01 
11.16 
8.22 
11.44 
9.66 
11.73 
3.71 
12.36 
11.22 
10.29 
13.68 
3.90 
12.50 
14.23 
14.70 
12.10 
13.62 
12.89 
14.32 
7.64 
4.29 
8.88 
13.90 
14.38 
14.50 
11.70 
4.56 
8.44 
16.61 
15.83 
14.26 
15.93 
7.74 
13.91 
16.95 
16.53 
16.52 
14.86 
12.78 
5.17 
10.34 
16.81 
17.48 
7.76 
18.84 
14.27 
19.37 
14.46 
7.77 
14.07 
12.70 
5.75 
12.57 
13.68 
20.74 
21.75 
20.22 
21.68 
20.28 
6.13 
14.86 
21.36 
15.79 
19.10 
23.06 
21.15 
21.25 
13.53 
21.91 
20.75 
6.62 
14.11 
6.71 
6.75 
14.30 
20.78 
19.09 
20.13 
20.85 
19.79 
7.03 
7.07 
7.11 
10.74 
16.20 
25.12 
25.03 
23.95 
23.85 
25.07 
26.47 
23.71 
24.60 
19.82 
14.70 
7.55 
25.83 
26.89 
21.58 
7.67 
25.37 
11.10 
22.43 
23.65 
23.02 
26.27 
26.65 
11.61 
15.20 
7.93 
22.22 
23.44 
22.62 
23.33 
17.40 
23.55 
16.25 
20.36 
16.97 
23.82 
28.45 
26.77 
29.18 
24.93 
26.65 
24.28 
10.27 
25.33 
8.58 
25.19 
28.28 
29.32 
20.25 
22.15 
10.51 
8.29 
8.30 
8.30 
8.31 
8.31 
12.42 
16.02 
12.77 
11.91 
27.31 
13.96 
24.40 
29.18 
12.93 
19.59 
17.53 
11.54 
10.00 
11.02 
18.70 
22.11 
19.19 
16.96 
14.04 
29.73 
26.81 
14.01 
15.36 
22.16 
15.66 
29.10 
22.95 
8.12 
23.92 
26.28 
8.07 
8.06 
24.66 
19.38 
26.63 
24.57 
25.21 
26.02 
28.18 
23.75 
22.20 
12.22 
7.82 
7.79 
17.17 
25.02 
25.31 
28.44 
23.87 
22.65 
13.77 
20.22 
8.87 
7.51 
14.10 
24.82 
21.45 
7.38 
11.13 
13.06 
14.00 
13.13 
20.43 
25.42 
7.13 
15.70 
26.16 
19.78 
17.78 
16.42 
15.72 
10.54 
23.72 
6.78 
6.74 
24.88 
23.99 
15.57 
15.50 
16.99 
23.76 
14.04 
8.26 
6.36 
6.31 
20.48 
23.73 
23.16 
21.39 
15.72 
7.84 
19.27 
17.24 
13.74 
16.75 
15.05 
5.76 
9.64 
5.67 
5.62 
9.87 
6.10 
5.48 
12.34 
17.45 
19.01 
18.47 
18.49 
16.86 
5.15 
11.61 
17.20 
6.61 
17.50 
10.74 
18.18 
12.02 
15.71 
14.82 
12.78 
12.30 
14.24 
12.62 
16.16 
15.04 
4.40 
8.42 
4.31 
15.44 
15.33 
15.57 
15.09 
14.51 
4.06 
11.83 
13.94 
14.07 
13.85 
13.97 
13.64 
12.64 
10.31 
12.44 
10.26 
6.47 
11.95 
10.35 
3.53 
3.49 
11.92 
10.68 
11.55 
11.67 
11.18 
10.29 
11.24 
11.77 
10.99 
10.22 
3.17 
3.84 
10.63 
7.82 
10.81 
9.87 
10.79 
9.49 
8.77 
9.49 
5.92 
3.90 
9.66 
7.07 
8.93 
5.05 
9.43 
8.19 
9.38 
6.57 
9.62 
9.51 
8.48 
7.54 
9.29 
7.81 
7.71 
6.97 
8.63 
8.73 
5.41 
2.83 
7.82 
2.83 
2.84 
2.85 
9.37 
9.48 
9.51 
5.30 
2.88 
2.89 
2.91 
2.92 
8.05 
7.04 
6.69 
9.98 
9.55 
9.30 
10.22 
9.20 
9.94 
6.06 
7.18 
8.42 
10.57 
3.20 
9.09 
10.78 
11.77 
11.44 
11.52 
11.18 
10.21 
10.39 
10.47 
7.88 
10.62 
10.16 
3.60 
3.64 
3.67 
5.93 
9.45 
3.79 
3.82 
3.86 
8.61 
13.89 
11.44 
4.03 
9.03 
13.74 
12.65 
11.79 
4.24 
4.29 
12.93 
14.89 
4.42 
14.62 
7.29 
4.56 
4.60 
4.65 
16.48 
15.69 
13.58 
4.84 
4.89 
4.93 
18.15 
17.19 
15.27 
17.98 
11.22 
5.22 
5.27 
12.03 
18.44 
17.57 
16.69 
19.08 
18.62 
16.29 
18.71 
10.08 
5.75 
16.69 
19.15 
20.59 
20.11 
16.33 
6.04 
19.53 
18.42 
15.62 
22.28 
22.69 
14.63 
15.33 
21.15 
23.74 
22.75 
21.60 
21.85 
20.83 
6.66 
21.64 
19.34 
21.34 
15.01 
23.91 
23.19 
22.79 
21.25 
7.03 
19.44 
25.39 
13.03 
7.84 
12.64 
25.03 
24.44 
24.84 
22.59 
11.87 
16.56 
21.60 
20.16 
25.72 
24.27 
24.33 
25.38 
26.44 
20.78 
17.96 
7.73 
10.28 
27.87 
10.68 
7.83 
7.86 
12.79 
28.93 
27.78 
24.25 
24.29 
7.99 
29.79 
28.97 
19.12 
24.77 
26.84 
8.10 
8.12 
27.26 
29.67 
29.35 
27.15 
26.82 
15.90 
25.32 
23.45 
24.66 
19.88 
21.09 
19.90 
30.18 
18.55 
22.15 
23.36 
25.59 
23.37 
8.31 
21.32 
8.31 
16.87 
29.54 
14.82 
30.05 
28.34 
29.02 
29.01 
19.60 
9.16 
30.53 
29.50 
29.83 
29.65 
30.49 
24.16 
13.38 
18.67 
18.31 
13.52 
8.22 
29.01 
19.45 
21.82 
21.63 
8.15 
29.58 
13.23 
8.11 
8.09 
27.27 
16.03 
22.46 
19.89 
23.42 
26.43 
27.24 
24.16 
21.59 
11.10 
25.23 
16.77 
7.82 
7.79 
7.77 
27.03 
16.76 
12.37 
10.00 
10.63 
9.77 
12.23 
7.54 
26.10 
26.20 
27.30 
25.58 
21.39 
22.32 
7.31 
19.57 
9.53 
14.23 
18.90 
7.13 
7.91 
21.63 
7.02 
8.75 
19.96 
20.85 
10.86 
15.59 
20.93 
21.01 
19.19 
8.39 
11.49 
6.58 
6.53 
6.49 
6.45 
9.65 
15.13 
13.37 
20.02 
14.14 
19.07 
20.63 
19.78 
16.23 
18.68 
9.07 
5.90 
18.96 
20.62 
19.04 
10.66 
5.67 
9.65 
5.58 
18.63 
18.94 
6.14 
5.38 
18.73 
18.89 
16.70 
18.92 
17.43 
17.72 
5.05 
12.65 
13.63 
4.91 
4.86 
15.30 
17.14 
15.73 
12.14 
14.73 
15.64 
11.61 
13.27 
13.05 
15.42 
15.31 
12.26 
10.95 
10.26 
5.50 
13.43 
12.61 
12.05 
4.02 
13.48 
10.84 
13.05 
11.81 
10.36 
11.51 
9.53 
7.02 
9.93 
3.63 
3.59 
3.56 
6.31 
7.86 
11.82 
11.94 
4.13 
10.01 
4.06 
6.18 
8.99 
6.29 
6.05 
5.10 
5.17 
6.23 
3.12 
3.10 
3.08 
3.06 
3.04 
3.02 
10.79 
7.67 
7.83 
8.84 
5.77 
2.92 
2.91 
2.89 
2.88 
3.53 
2.86 
4.71 
2.85 
2.84 
4.87 
9.30 
9.11 
9.38 
8.82 
8.45 
3.93 
2.82 
2.82 
8.18 
2.83 
8.11 
5.44 
8.05 
8.90 
5.01 
7.64 
5.69 
2.89 
9.88 
5.94 
2.93 
2.95 
2.96 
2.98 
3.00 
7.76 
9.83 
6.76 
8.67 
9.80 
3.12 
3.15 
3.17 
3.20 
3.23 
9.25 
10.85 
11.03 
8.20 
11.18 
5.71 
10.60 
12.48 
11.83 
10.62 
10.70 
11.00 
10.54 
11.95 
10.15 
3.75 
3.79 
3.82 
3.86 
3.90 
3.94 
6.55 
13.41 
10.44 
5.42 
13.49 
13.35 
15.04 
15.27 
14.90 
12.54 
15.50 
15.75 
14.10 
5.70 
16.11 
4.65 
4.70 
4.74 
11.87 
14.34 
9.40 
4.93 
14.25 
8.81 
5.08 
11.14 
18.92 
18.36 
6.52 
5.32 
14.51 
5.42 
11.15 
13.80 
12.88 
5.61 
5.66 
13.72 
11.46 
12.42 
12.94 
9.46 
20.86 
21.42 
7.09 
21.49 
6.13 
6.18 
6.22 
21.62 
23.11 
19.97 
18.67 
20.31 
24.00 
19.71 
22.32 
13.57 
14.11 
6.71 
18.54 
22.46 
12.92 
11.69 
24.80 
6.95 
18.33 
7.03 
7.07 
7.11 
16.63 
24.23 
21.67 
7.25 
13.89 
19.72 
23.91 
25.80 
25.20 
25.10 
24.83 
13.20 
14.24 
23.32 
27.56 
23.09 
20.78 
25.37 
26.09 
27.32 
22.81 
19.81 
7.83 
20.39 
7.88 
7.90 
21.33 
26.63 
25.48 
14.96 
23.67 
21.99 
26.62 
26.31 
8.09 
8.10 
23.99 
23.67 
19.93 
29.35 
27.66 
26.31 
15.04 
28.40 
20.54 
23.12 
9.79 
8.26 
8.27 
16.83 
23.34 
23.86 
27.30 
25.76 
27.31 
19.95 
19.27 
26.29 
27.49 
28.34 
19.61 
14.99 
16.19 
22.86 
24.56 
9.85 
23.01 
23.69 
15.99 
8.29 
15.29 
27.24 
21.59 
12.02 
26.52 
27.02 
8.23 
12.48 
8.21 
22.52 
23.01 
20.09 
11.90 
10.01 
8.12 
19.67 
14.21 
26.42 
8.06 
27.04 
25.82 
10.88 
13.40 
7.96 
17.23 
14.67 
13.96 
20.68 
26.04 
22.96 
7.79 
7.77 
15.96 
13.74 
14.04 
26.88 
19.48 
9.27 
19.39 
20.34 
21.95 
7.48 
21.01 
7.41 
25.19 
27.26 
26.37 
14.16 
7.24 
7.21 
13.53 
7.13 
26.08 
20.50 
23.49 
22.93 
22.05 
19.25 
21.09 
24.04 
13.62 
8.17 
22.35 
14.22 
14.32 
6.58 
16.68 
13.49 
6.45 
7.33 
15.90 
23.49 
20.94 
21.91 
15.73 
16.41 
6.09 
6.04 
6.00 
5.95 
5.90 
5.86 
5.81 
21.81 
20.53 
8.99 
7.78 
18.74 
19.20 
16.68 
5.43 
17.31 
5.34 
16.11 
18.91 
19.33 
18.93 
16.36 
16.93 
10.91 
4.96 
4.91 
18.31 
9.80 
14.80 
17.02 
16.38 
11.79 
6.24 
4.54 
9.89 
16.41 
4.40 
4.36 
4.31 
4.27 
14.96 
4.18 
4.14 
12.97 
10.40 
11.48 
14.76 
10.27 
12.47 
13.40 
12.73 
12.19 
3.74 
8.90 
11.36 
8.65 
11.08 
8.73 
10.27 
11.90 
6.74 
10.26 
10.50 
8.04 
3.34 
9.87 
7.16 
9.74 
7.86 
3.20 
10.66 
10.69 
5.89 
11.16 
10.12 
9.68 
10.02 
9.58 
8.48 
9.20 
4.20 
8.75 
5.40 
8.02 
2.91 
3.93 
9.90 
8.85 
2.86 
2.85 
9.62 
8.77 
9.40 
9.12 
8.83 
8.82 
5.59 
7.89 
6.23 
9.00 
8.27 
4.67 
9.21 
9.13 
9.61 
8.42 
9.65 
9.67 
9.13 
2.88 
5.43 
8.46 
9.53 
9.76 
7.42 
7.55 
10.65 
4.73 
10.37 
8.77 
8.23 
5.73 
10.88 
8.27 
9.81 
10.07 
10.84 
10.10 
9.25 
10.24 
11.85 
10.27 
11.91 
9.48 
3.43 
6.97 
12.68 
11.81 
11.68 
11.88 
12.40 
6.76 
10.93 
7.66 
12.79 
4.73 
11.74 
3.90 
3.94 
11.21 
4.03 
15.05 
14.21 
13.97 
5.16 
15.16 
7.34 
9.98 
4.37 
4.42 
4.47 
4.51 
4.56 
4.60 
4.65 
6.38 
8.13 
16.59 
15.00 
17.76 
15.48 
12.10 
18.14 
17.85 
19.34 
19.75 
18.77 
17.37 
19.16 
17.32 
5.42 
20.53 
20.51 
19.63 
18.74 
5.66 
5.71 
16.29 
20.95 
16.93 
22.38 
21.90 
22.02 
22.28 
22.55 
21.76 
21.10 
16.62 
6.27 
6.31 
23.68 
22.24 
14.24 
16.19 
19.24 
23.11 
20.52 
19.97 
24.35 
23.64 
17.82 
22.06 
24.88 
19.65 
24.08 
25.79 
25.55 
14.07 
23.43 
15.32 
19.80 
22.82 
22.07 
25.27 
26.16 
25.57 
14.03 
22.54 
22.77 
25.66 
14.37 
12.57 
16.62 
26.89 
19.73 
7.67 
7.70 
16.99 
25.29 
28.38 
28.09 
28.98 
19.20 
27.54 
16.38 
17.26 
15.59 
7.97 
27.55 
27.75 
28.80 
16.06 
22.90 
27.01 
27.55 
24.16 
9.50 
23.69 
21.32 
30.22 
28.19 
25.82 
16.77 
8.23 
15.42 
19.71 
28.62 
8.27 
18.03 
28.82 
30.54 
29.52 
20.28 
15.49 
8.31 
13.79 
26.46 
24.92 
25.26 
17.39 
8.32 
25.43 
8.31 
8.31 
26.27 
11.21 
28.82 
19.92 
23.16 
8.28 
8.28 
20.06 
16.97 
10.98 
12.00 
24.10 
24.60 
28.16 
21.15 
23.52 
24.52 
18.54 
28.39 
21.39 
20.01 
19.82 
16.40 
11.11 
18.56 
20.56 
20.70 
25.42 
16.08 
29.07 
24.13 
24.26 
21.35 
7.84 
28.35 
27.97 
12.97 
27.37 
26.81 
22.75 
17.69 
18.98 
22.44 
26.55 
21.00 
24.27 
22.89 
19.52 
18.64 
7.38 
7.34 
18.48 
7.44 
7.24 
14.55 
24.12 
25.51 
25.43 
16.61 
7.02 
13.43 
6.94 
8.19 
20.61 
20.06 
20.93 
16.57 
6.70 
12.81 
6.62 
19.10 
19.64 
11.47 
21.33 
18.92 
7.74 
6.31 
11.92 
13.08 
6.18 
15.35 
14.66 
10.54 
15.84 
5.95 
17.44 
21.17 
21.20 
21.38 
20.53 
17.38 
14.97 
15.60 
9.09 
5.48 
20.10 
19.55 
17.61 
10.42 
14.21 
5.19 
17.84 
18.54 
16.79 
8.76 
15.76 
4.91 
4.86 
4.82 
15.19 
9.25 
13.30 
17.80 
17.03 
15.27 
10.51 
8.19 
4.40 
4.36 
4.31 
15.69 
10.26 
4.18 
12.24 
12.26 
12.40 
11.37 
3.97 
3.93 
3.89 
3.85 
3.82 
3.78 
3.74 
3.70 
11.36 
12.04 
12.82 
3.56 
11.45 
12.22 
10.97 
9.84 
3.40 
3.37 
3.34 
11.82 
10.83 
3.25 
11.29 
11.43 
8.26 
6.92 
3.12 
3.10 
4.06 
3.06 
5.17 
3.02 
3.00 
2.98 
2.96 
2.95 
2.93 
10.09 
10.06 
9.28 
9.90 
8.57 
7.99 
2.85 
8.04 
9.98 
8.39 
4.49 
2.83 
2.82 
2.82 
9.55 
7.52 
7.99 
7.35 
6.89 
2.83 
2.83 
2.84 
2.85 
2.85 
2.86 
2.87 
7.94 
9.28 
9.22 
7.36 
2.93 
2.95 
5.07 
5.19 
8.49 
9.30 
9.06 
5.79 
3.08 
3.10 
3.12 
3.15 
3.97 
3.20 
3.23 
3.25 
9.11 
8.04 
11.00 
9.72 
10.84 
8.07 
3.46 
6.27 
9.98 
9.95 
11.22 
11.75 
11.51 
3.71 
6.32 
12.45 
14.14 
13.79 
3.90 
12.16 
11.32 
4.03 
6.31 
6.01 
4.15 
10.34 
15.16 
13.44 
13.67 
12.54 
6.79 
9.10 
4.51 
4.56 
4.60 
12.50 
10.91 
4.74 
6.50 
4.84 
4.89 
4.93 
4.98 
9.35 
17.85 
16.20 
5.17 
10.06 
19.04 
19.16 
19.00 
18.70 
18.11 
5.51 
14.17 
14.12 
12.76 
5.71 
13.37 
5.80 
5.85 
20.45 
21.30 
20.22 
18.07 
20.59 
14.78 
16.23 
20.44 
13.48 
14.94 
6.36 
21.77 
22.81 
22.91 
23.64 
21.06 
22.73 
12.37 
6.71 
6.75 
19.90 
20.78 
20.86 
21.26 
25.05 
12.50 
13.69 
16.84 
15.43 
20.56 
20.79 
20.03 
7.25 
23.62 
23.02 
14.15 
20.99 
26.03 
23.77 
7.49 
27.05 
24.10 
24.16 
27.06 
25.61 
19.77 
25.37 
7.73 
18.55 
7.78 
22.51 
21.53 
27.84 
27.54 
29.27 
28.12 
24.76 
22.59 
13.94 
8.01 
27.95 
20.15 
26.99 
20.70 
29.77 
29.11 
25.21 
21.47 
29.86 
8.18 
8.19 
15.90 
18.48 
27.90 
23.12 
11.50 
12.71 
26.06 
18.89 
26.94 
29.34 
27.64 
25.93 
25.25 
31.25 
30.56 
29.03 
24.75 
15.68 
12.94 
10.71 
21.83 
16.18 
8.31 
18.74 
14.97 
8.30 
8.29 
8.29 
30.16 
27.76 
27.57 
21.07 
12.18 
21.21 
23.76 
8.22 
11.28 
8.20 
20.28 
28.61 
28.76 
17.84 
8.12 
20.01 
27.80 
25.23 
19.09 
22.63 
8.02 
8.00 
27.45 
24.03 
18.25 
7.91 
7.89 
7.87 
14.92 
27.00 
7.79 
7.77 
13.78 
19.44 
17.73 
26.38 
11.63 
17.77 
11.73 
14.35 
23.28 
25.71 
7.44 
10.71 
13.15 
7.34 
25.38 
23.84 
7.24 
7.21 
20.37 
18.52 
26.24 
26.81 
24.46 
23.74 
18.67 
14.92 
6.86 
17.19 
23.16 
18.95 
6.70 
6.66 
16.04 
20.98 
24.64 
22.67 
6.45 
21.39 
22.98 
22.27 
6.27 
15.51 
15.43 
16.10 
22.19 
19.98 
17.19 
15.90 
5.90 
16.75 
14.02 
5.76 
15.01 
19.26 
9.07 
5.58 
20.20 
20.22 
20.38 
19.83 
19.85 
19.17 
15.59 
18.65 
5.15 
15.28 
17.87 
7.15 
8.02 
17.51 
16.07 
17.66 
16.88 
16.76 
4.68 
4.63 
13.86 
16.53 
10.26 
14.92 
14.31 
4.36 
15.56 
11.19 
14.60 
14.13 
4.14 
14.51 
12.87 
12.65 
14.18 
14.53 
13.50 
11.01 
3.82 
3.78 
11.76 
11.23 
5.53 
11.60 
3.59 
3.56 
12.10 
11.16 
11.50 
10.37 
3.40 
12.40 
9.12 
8.95 
10.73 
4.57 
4.53 
3.20 
10.06 
10.00 
3.12 
9.79 
9.63 
9.68 
7.01 
4.95 
3.00 
2.98 
5.44 
5.70 
9.66 
4.90 
5.35 
9.46 
8.69 
5.39 
2.86 
2.85 
2.85 
2.84 
2.83 
2.83 
8.92 
5.22 
2.82 
2.82 
2.82 
7.90 
8.73 
6.98 
7.27 
5.61 
2.84 
2.85 
9.65 
8.64 
2.87 
9.41 
8.97 
8.53 
2.91 
6.51 
7.86 
2.95 
8.89 
9.50 
5.69 
5.63 
10.42 
5.79 
3.08 
6.35 
4.02 
9.32 
3.17 
3.20 
3.23 
7.73 
8.50 
8.14 
11.83 
12.01 
12.41 
11.87 
10.36 
11.61 
8.69 
3.57 
12.86 
11.09 
3.67 
6.93 
3.75 
12.90 
8.93 
11.85 
12.64 
3.94 
3.99 
13.52 
13.51 
4.11 
13.61 
4.20 
4.24 
4.29 
13.55 
13.78 
16.00 
16.25 
15.49 
9.13 
4.60 
8.64 
13.50 
6.83 
11.61 
15.92 
17.23 
18.29 
14.12 
12.46 
14.32 
17.02 
18.92 
18.50 
8.89 
5.32 
17.18 
6.55 
14.84 
13.08 
19.06 
18.31 
15.66 
21.00 
13.51 
20.51 
18.85 
21.93 
19.51 
20.07 
21.83 
20.28 
16.14 
21.87 
20.14 
23.31 
21.26 
20.43 
6.40 
8.16 
23.53 
19.71 
22.32 
21.94 
24.88 
24.03 
19.98 
20.70 
23.34 
22.47 
22.06 
17.78 
6.99 
7.03 
19.44 
14.94 
7.14 
21.77 
27.26 
26.35 
25.76 
21.04 
24.41 
26.47 
26.20 
23.93 
12.66 
26.05 
16.91 
18.63 
13.98 
7.64 
7.67 
22.51 
26.77 
27.99 
26.18 
9.33 
26.78 
22.93 
11.27 
12.48 
24.39 
29.01 
28.37 
18.54 
13.63 
23.36 
8.05 
17.78 
8.09 
20.22 
12.73 
30.50 
29.50 
15.34 
19.46 
24.09 
25.82 
22.75 
20.54 
15.25 
13.72 
8.26 
8.27 
30.01 
22.15 
27.97 
25.24 
23.02 
14.12 
8.31 
8.31 
8.31 
8.31 
8.31 
8.32 
8.32 
16.53 
23.54 
15.32 
24.22 
27.46 
21.81 
18.55 
13.08 
8.28 
27.07 
24.33 
25.68 
29.25 
23.60 
24.78 
8.22 
8.21 
8.20 
8.18 
8.17 
13.09 
8.14 
8.12 
29.02 
24.92 
8.07 
24.01 
22.80 
14.46 
8.00 
23.38 
20.81 
7.93 
7.91 
7.89 
7.87 
7.84 
22.46 
20.23 
12.80 
17.97 
16.09 
20.07 
23.54 
20.82 
7.60 
25.72 
23.00 
22.45 
7.48 
22.67 
14.35 
7.38 
7.34 
16.02 
24.49 
24.26 
24.68 
7.17 
7.13 
7.10 
7.06 
7.02 
24.06 
23.50 
6.90 
6.86 
18.94 
25.07 
24.34 
18.08 
21.63 
8.66 
6.58 
16.83 
23.45 
7.38 
6.40 
9.13 
16.74 
20.02 
6.23 
20.89 
18.52 
8.50 
6.04 
6.00 
9.07 
14.34 
9.98 
5.81 
5.76 
5.72 
15.79 
20.87 
20.32 
19.77 
17.24 
17.13 
5.38 
16.64 
18.20 
16.42 
17.00 
11.02 
5.10 
5.05 
10.37 
7.09 
16.85 
16.86 
4.82 
4.77 
8.22 
15.23 
8.98 
12.71 
11.61 
12.77 
14.17 
14.43 
11.13 
14.58 
13.26 
13.27 
4.18 
4.14 
4.10 
13.34 
11.37 
3.97 
3.93 
6.07 
13.63 
12.28 
10.39 
13.21 
12.44 
11.14 
3.63 
12.71 
12.08 
11.77 
3.49 
11.29 
10.47 
11.55 
11.47 
11.28 
10.90 
7.56 
9.24 
4.84 
3.20 
6.07 
10.40 
5.30 
10.77 
10.51 
10.65 
10.31 
9.29 
8.67 
9.78 
6.88 
10.36 
7.95 
7.45 
8.37 
9.56 
8.69 
9.97 
9.10 
8.62 
9.25 
7.01 
5.24 
4.77 
8.83 
8.27 
8.26 
2.82 
2.82 
7.80 
2.82 
4.03 
9.67 
8.20 
9.14 
9.81 
8.81 
9.48 
10.07 
5.13 
9.19 
8.56 
10.01 
2.93 
4.09 
9.08 
9.50 
7.81 
9.01 
9.74 
7.74 
8.18 
4.87 
9.46 
9.62 
9.77 
7.93 
11.21 
10.88 
10.24 
6.60 
3.34 
10.66 
3.40 
6.07 
11.63 
5.63 
11.48 
3.57 
3.60 
9.88 
12.50 
3.71 
3.75 
3.79 
3.82 
10.82 
12.64 
12.85 
10.74 
8.72 
4.07 
4.11 
7.15 
4.20 
4.24 
4.29 
14.04 
10.81 
4.42 
4.47 
4.51 
4.56 
4.60 
4.65 
14.67 
4.74 
14.36 
15.13 
7.54 
17.35 
16.00 
18.41 
5.08 
14.97 
16.86 
10.75 
10.42 
6.86 
15.77 
18.98 
17.83 
16.65 
10.30 
5.61 
11.17 
21.00 
19.08 
19.63 
18.41 
8.27 
14.15 
18.42 
6.04 
20.59 
21.45 
14.86 
6.22 
18.86 
8.62 
21.67 
23.95 
23.90 
19.78 
22.22 
21.69 
20.52 
6.66 
6.71 
12.49 
22.62 
18.69 
6.87 
6.91 
6.95 
6.99 
12.55 
23.03 
16.08 
22.03 
21.77 
22.99 
7.25 
24.28 
25.17 
24.91 
25.14 
25.37 
8.29 
27.49 
26.39 
12.07 
27.34 
19.68 
27.62 
22.13 
11.40 
7.73 
13.15 
28.04 
22.34 
18.15 
24.28 
23.64 
16.04 
20.66 
24.93 
24.29 
27.21 
26.39 
10.93 
24.58 
24.60 
26.84 
29.09 
27.92 
27.94 
22.50 
8.17 
14.67 
11.78 
23.25 
8.22 
26.87 
12.86 
29.46 
26.40 
28.12 
27.27 
30.19 
28.66 
25.58 
25.08 
22.51 
18.58 
22.01 
8.31 
8.31 
27.83 
19.10 
24.57 
26.28 
17.38 
15.15 
24.73 
21.99 
28.14 
8.29 
14.61 
14.78 
24.68 
21.08 
20.90 
15.08 
26.51 
8.23 
12.14 
8.21 
24.56 
21.99 
15.15 
24.16 
24.48 
23.60 
20.18 
19.14 
25.06 
24.69 
22.63 
15.65 
8.00 
7.98 
25.55 
28.22 
27.84 
27.13 
25.40 
12.56 
28.85 
22.25 
21.54 
11.77 
16.93 
7.68 
7.66 
7.63 
25.27 
11.06 
17.01 
25.93 
19.57 
17.04 
10.22 
24.03 
24.46 
17.50 
18.59 
22.30 
25.99 
20.04 
22.42 
7.26 
17.26 
23.17 
26.15 
24.46 
20.53 
8.14 
17.67 
8.53 
15.78 
6.70 
18.01 
25.00 
24.58 
23.08 
6.49 
14.97 
11.81 
17.60 
6.31 
6.27 
6.23 
8.91 
6.13 
16.17 
6.04 
8.83 
17.24 
19.51 
20.73 
16.81 
5.76 
5.72 
16.08 
8.64 
11.59 
17.92 
5.48 
17.13 
5.38 
5.34 
15.42 
10.90 
16.59 
18.93 
18.13 
12.20 
11.58 
10.16 
4.91 
4.86 
4.82 
17.01 
16.63 
15.23 
16.26 
13.48 
10.47 
6.88 
11.55 
4.40 
6.94 
9.69 
14.35 
14.24 
14.25 
10.93 
4.10 
4.06 
4.02 
3.97 
6.93 
14.88 
13.63 
12.51 
13.20 
12.54 
3.70 
5.97 
11.49 
3.59 
10.57 
12.74 
12.01 
7.48 
3.43 
11.86 
11.99 
10.67 
8.03 
9.09 
10.86 
8.47 
3.20 
3.17 
3.15 
3.72 
3.10 
4.15 
3.06 
9.73 
10.45 
9.63 
10.26 
10.02 
10.08 
5.77 
10.09 
8.37 
2.89 
9.34 
8.94 
8.92 
10.11 
5.82 
9.88 
9.59 
8.93 
4.86 
10.02 
9.56 
9.28 
9.28 
8.54 
9.38 
9.66 
2.83 
5.43 
8.96 
9.25 
9.55 
10.04 
