20050101
8.92 
8.36 
9.14 
9.01 
3.42 
9.17 
9.47 
9.26 
9.39 
9.44 
9.58 
9.72 
9.87 
2.66 
8.85 
8.73 
8.97 
10.02 
9.19 
10.35 
10.24 
9.86 
10.22 
10.58 
9.06 
11.22 
6.64 
10.16 
11.79 
11.89 
11.99 
12.30 
12.30 
3.26 
11.10 
7.93 
3.38 
12.75 
6.59 
13.82 
13.73 
13.64 
13.65 
10.30 
13.02 
3.76 
12.81 
5.53 
11.57 
14.41 
15.11 
14.43 
13.39 
13.98 
16.34 
16.48 
16.38 
16.64 
16.29 
12.75 
17.05 
13.22 
16.96 
17.59 
17.73 
18.00 
18.27 
14.27 
18.81 
16.72 
19.75 
20.02 
19.10 
19.37 
19.10 
15.97 
20.46 
20.73 
20.60 
16.29 
20.87 
15.80 
21.13 
22.40 
22.10 
22.09 
22.22 
22.50 
22.04 
15.89 
12.61 
20.35 
21.94 
18.79 
21.87 
19.89 
17.58 
6.35 
20.19 
23.63 
21.45 
25.08 
23.19 
25.60 
24.47 
25.19 
23.74 
18.84 
19.23 
24.65 
25.68 
26.72 
20.32 
23.10 
25.88 
23.10 
24.29 
27.41 
21.71 
22.91 
27.49 
26.27 
24.08 
17.17 
19.50 
20.53 
23.52 
18.52 
23.80 
15.50 
25.05 
21.49 
27.29 
20.43 
21.30 
24.15 
15.11 
29.03 
29.40 
29.61 
9.77 
27.71 
26.42 
21.30 
24.49 
30.18 
15.40 
28.74 
8.12 
21.64 
25.99 
19.01 
29.88 
30.90 
26.75 
8.23 
30.29 
23.79 
23.64 
26.66 
30.02 
27.69 
18.00 
21.02 
22.36 
16.01 
21.87 
24.22 
22.22 
16.53 
26.57 
27.40 
30.58 
24.22 
10.17 
18.86 
8.32 
14.00 
19.68 
18.67 
30.52 
25.16 
14.80 
22.47 
29.79 
30.11 
28.09 
21.90 
23.55 
21.37 
15.19 
15.17 
29.28 
23.60 
27.56 
25.87 
23.52 
25.65 
27.27 
24.92 
22.24 
7.99 
7.97 
13.39 
24.40 
28.15 
15.60 
20.49 
23.73 
25.82 
18.24 
14.60 
18.97 
25.77 
16.76 
18.34 
7.57 
17.59 
23.05 
18.62 
12.92 
21.57 
23.12 
7.33 
10.01 
7.26 
7.70 
7.18 
27.29 
25.62 
26.17 
20.09 
20.02 
26.21 
19.71 
15.27 
21.73 
16.53 
23.40 
21.92 
20.75 
24.03 
8.83 
12.73 
24.62 
23.60 
23.49 
17.54 
18.20 
7.70 
22.59 
17.76 
11.79 
7.92 
6.41 
16.79 
22.45 
5.83 
17.49 
21.79 
17.41 
18.57 
18.74 
16.95 
20.30 
11.90 
15.24 
13.91 
15.71 
17.21 
14.95 
5.12 
14.20 
19.23 
19.09 
18.56 
18.43 
15.21 
7.44 
17.64 
17.50 
17.37 
16.73 
9.32 
8.38 
13.66 
15.12 
16.43 
16.42 
16.28 
15.79 
14.49 
4.07 
15.40 
14.92 
14.12 
13.88 
13.43 
9.22 
9.57 
7.52 
8.10 
8.45 
12.84 
13.68 
13.04 
12.72 
13.02 
7.37 
12.19 
12.08 
12.88 
11.97 
12.17 
11.77 
9.73 
11.67 
11.96 
11.48 
11.11 
10.64 
10.37 
10.48 
10.49 
10.59 
10.43 
10.35 
10.19 
10.03 
10.23 
6.29 
8.08 
9.60 
2.62 
9.32 
5.49 
8.02 
8.24 
2.53 
4.53 
9.38 
9.18 
9.06 
9.19 
8.91 
9.13 
8.70 
9.17 
9.07 
6.10 
8.96 
8.78 
6.98 
7.14 
8.11 
7.54 
7.46 
8.61 
9.03 
8.63 
8.48 
8.41 
8.35 
6.72 
6.82 
9.25 
9.11 
7.48 
3.82 
9.47 
9.26 
9.21 
8.58 
8.11 
9.01 
8.12 
2.62 
9.52 
8.97 
9.38 
8.20 
8.26 
9.66 
9.19 
7.08 
10.24 
10.14 
9.66 
2.92 
9.63 
10.75 
10.46 
4.20 
11.12 
9.46 
11.50 
12.00 
11.70 
12.21 
12.11 
4.05 
3.38 
12.54 
13.18 
13.08 
13.09 
11.61 
12.79 
6.60 
12.25 
12.81 
13.59 
13.93 
14.96 
14.64 
12.01 
13.97 
13.51 
15.39 
7.13 
8.75 
16.62 
8.43 
13.13 
15.32 
17.05 
16.82 
16.33 
17.59 
16.97 
18.13 
13.51 
15.17 
12.56 
17.77 
16.06 
16.04 
19.10 
18.56 
18.56 
13.39 
19.91 
17.85 
18.39 
18.23 
19.75 
20.02 
19.58 
21.40 
13.55 
19.66 
20.78 
22.35 
20.45 
18.66 
20.53 
20.94 
15.58 
22.80 
19.19 
6.26 
21.79 
11.79 
18.52 
21.96 
9.55 
19.87 
19.65 
17.58 
23.23 
12.78 
21.25 
20.08 
21.73 
26.06 
20.96 
22.46 
24.28 
23.73 
23.81 
15.60 
22.05 
23.25 
18.98 
22.91 
27.17 
25.14 
25.21 
8.90 
26.81 
10.44 
19.28 
7.58 
18.73 
25.98 
21.44 
7.71 
27.79 
27.67 
29.04 
18.87 
27.49 
22.75 
25.27 
23.65 
24.35 
25.88 
23.76 
9.35 
8.04 
8.06 
23.56 
28.24 
26.44 
23.14 
18.66 
19.51 
8.19 
25.06 
29.09 
26.43 
8.24 
24.63 
16.62 
16.13 
20.32 
20.50 
11.81 
27.71 
25.71 
30.74 
29.24 
29.57 
23.22 
17.20 
16.36 
30.92 
19.71 
18.37 
15.69 
24.05 
28.72 
28.55 
10.32 
14.49 
8.30 
28.00 
31.00 
13.95 
29.79 
19.27 
28.59 
28.90 
15.22 
22.03 
14.85 
26.81 
24.63 
31.25 
30.06 
27.04 
28.33 
8.07 
9.71 
17.14 
27.36 
25.84 
28.94 
13.06 
7.92 
7.89 
7.87 
24.11 
24.39 
18.61 
29.37 
11.82 
23.70 
20.72 
28.00 
12.48 
21.86 
25.37 
18.19 
7.47 
12.92 
20.28 
10.74 
17.11 
13.70 
28.18 
24.75 
25.15 
25.39 
25.62 
13.54 
18.68 
27.40 
25.58 
25.80 
21.81 
15.98 
21.02 
23.40 
6.68 
12.62 
22.19 
23.47 
13.64 
23.26 
13.80 
24.24 
22.78 
23.72 
14.54 
14.31 
9.36 
22.80 
22.83 
21.83 
21.13 
16.83 
17.16 
20.63 
21.79 
20.81 
20.68 
17.76 
20.29 
20.16 
20.58 
12.77 
20.04 
20.04 
17.35 
19.50 
18.84 
11.55 
18.18 
15.95 
17.39 
17.91 
16.62 
13.56 
17.64 
9.06 
15.24 
11.76 
15.74 
14.75 
14.39 
15.60 
13.55 
13.08 
15.92 
15.32 
13.45 
11.83 
4.02 
7.74 
11.74 
4.45 
14.88 
14.20 
13.19 
14.39 
14.26 
12.74 
12.31 
13.47 
13.25 
11.26 
8.99 
10.55 
11.27 
12.38 
12.18 
12.17 
11.97 
11.67 
11.77 
11.48 
4.48 
9.29 
10.16 
6.70 
10.84 
10.85 
10.40 
8.77 
9.61 
6.20 
9.29 
2.73 
8.10 
5.32 
8.79 
8.56 
9.28 
9.06 
9.69 
9.39 
8.49 
8.53 
5.04 
5.85 
8.42 
8.72 
9.03 
8.33 
7.81 
8.70 
8.35 
7.18 
7.74 
8.63 
6.74 
8.12 
7.71 
8.60 
8.77 
8.77 
8.04 
3.87 
5.93 
8.81 
8.58 
7.44 
2.43 
2.44 
8.58 
8.53 
8.31 
6.58 
4.26 
5.38 
9.21 
9.34 
4.52 
9.27 
8.81 
9.20 
9.43 
6.78 
9.47 
9.88 
10.13 
10.11 
6.93 
9.17 
9.88 
7.10 
9.85 
6.47 
9.53 
9.61 
5.69 
10.64 
10.54 
11.02 
11.60 
11.80 
11.21 
11.81 
11.40 
12.53 
12.53 
3.42 
3.46 
8.98 
13.73 
13.32 
13.44 
11.71 
14.11 
13.58 
13.25 
13.04 
14.51 
14.86 
14.53 
13.97 
12.81 
15.27 
14.69 
14.82 
8.11 
13.02 
13.86 
4.43 
9.78 
4.53 
6.95 
17.72 
16.72 
17.36 
16.98 
15.95 
18.68 
18.42 
17.77 
18.43 
18.56 
18.70 
18.69 
19.23 
9.67 
11.53 
13.55 
16.01 
18.49 
11.03 
20.28 
18.57 
17.83 
16.08 
19.49 
17.72 
5.91 
10.34 
12.02 
20.20 
22.53 
21.91 
18.74 
15.99 
20.44 
22.51 
18.68 
16.79 
12.14 
6.54 
15.50 
21.75 
18.75 
20.85 
23.89 
20.08 
10.77 
20.56 
24.90 
18.19 
20.64 
16.27 
22.38 
25.49 
25.57 
26.45 
23.16 
16.47 
26.69 
24.17 
22.79 
12.79 
25.83 
23.78 
24.50 
11.01 
23.63 
20.09 
13.90 
26.42 
27.29 
25.70 
7.79 
23.82 
7.85 
28.20 
25.76 
16.70 
28.33 
7.97 
8.00 
10.01 
25.66 
27.18 
20.06 
26.91 
27.27 
8.14 
12.32 
26.18 
23.04 
13.54 
29.59 
29.77 
29.46 
28.81 
27.82 
23.99 
20.99 
13.81 
8.30 
12.99 
16.68 
8.32 
19.03 
8.33 
8.33 
11.18 
14.52 
30.58 
21.88 
8.33 
18.70 
26.72 
28.22 
9.16 
26.03 
16.66 
17.49 
29.34 
19.14 
21.13 
27.96 
20.77 
23.42 
9.24 
25.72 
15.87 
22.34 
19.99 
17.14 
8.15 
8.13 
17.91 
21.70 
8.07 
15.18 
30.05 
26.21 
24.02 
10.94 
25.10 
27.70 
26.17 
20.20 
24.44 
14.71 
24.51 
15.94 
10.84 
10.31 
18.43 
9.59 
12.48 
20.24 
9.97 
7.51 
27.67 
27.60 
26.40 
9.29 
21.60 
25.06 
24.83 
25.87 
21.33 
22.21 
25.62 
23.01 
22.14 
26.46 
26.68 
17.83 
26.18 
19.40 
13.74 
25.88 
21.61 
23.52 
24.03 
23.01 
19.57 
20.38 
24.66 
24.55 
22.93 
20.14 
22.86 
23.19 
22.92 
19.13 
14.06 
20.67 
5.92 
5.88 
18.88 
22.06 
15.11 
5.67 
21.10 
20.70 
20.43 
21.13 
19.20 
19.76 
14.18 
5.27 
18.83 
18.57 
19.10 
16.19 
11.59 
18.83 
17.52 
12.35 
8.15 
7.69 
15.61 
17.88 
17.62 
15.12 
16.85 
16.84 
4.41 
16.57 
16.55 
16.42 
13.56 
16.03 
15.19 
14.95 
14.71 
14.81 
14.00 
11.86 
13.76 
12.20 
11.77 
13.30 
12.53 
12.53 
11.67 
13.15 
12.10 
12.93 
11.68 
11.16 
4.66 
7.54 
11.78 
5.81 
11.08 
10.99 
7.10 
11.19 
3.05 
10.63 
11.20 
10.83 
10.37 
8.63 
10.03 
9.22 
8.97 
9.00 
7.86 
5.58 
9.79 
9.63 
5.20 
9.25 
9.46 
9.06 
8.41 
9.30 
8.75 
8.20 
7.65 
8.71 
8.34 
8.56 
2.46 
6.84 
7.40 
9.03 
5.39 
8.82 
8.89 
5.85 
8.37 
8.61 
8.12 
7.95 
8.11 
8.12 
2.40 
2.40 
2.41 
2.41 
2.42 
2.42 
8.78 
6.82 
8.92 
6.37 
8.98 
8.84 
8.46 
7.40 
8.71 
9.26 
9.31 
5.67 
8.98 
9.29 
8.13 
8.09 
9.29 
9.62 
4.07 
8.85 
2.78 
4.53 
2.83 
10.14 
10.31 
10.58 
6.90 
10.56 
9.22 
10.25 
8.60 
11.41 
11.11 
11.50 
11.30 
11.61 
10.49 
11.10 
12.33 
11.40 
12.13 
10.87 
12.35 
13.21 
13.33 
13.66 
13.79 
13.91 
14.48 
13.93 
14.51 
14.75 
13.96 
11.66 
13.63 
14.10 
11.86 
13.03 
15.42 
16.28 
15.68 
15.32 
4.48 
8.38 
16.46 
16.84 
15.58 
14.55 
17.37 
11.43 
16.98 
16.98 
10.26 
5.04 
18.43 
9.57 
18.42 
6.47 
16.63 
17.85 
17.14 
5.45 
13.74 
13.28 
20.00 
14.88 
12.55 
11.49 
7.54 
8.18 
5.91 
11.36 
13.93 
6.06 
19.87 
20.27 
21.87 
14.94 
13.07 
20.85 
6.40 
18.16 
6.49 
18.64 
6.59 
24.21 
23.39 
21.62 
20.62 
17.12 
22.20 
6.90 
6.94 
6.98 
7.02 
24.05 
15.38 
17.51 
19.97 
23.25 
22.20 
19.53 
25.23 
21.43 
24.40 
7.44 
7.48 
19.72 
17.65 
20.31 
24.78 
7.64 
10.95 
13.45 
7.74 
13.69 
18.50 
13.76 
20.56 
23.24 
7.90 
17.20 
13.09 
23.56 
28.57 
24.29 
29.81 
23.19 
16.73 
16.09 
24.44 
26.80 
28.33 
12.84 
8.19 
20.89 
15.40 
19.75 
20.60 
19.62 
21.13 
27.67 
25.00 
20.67 
12.31 
16.34 
16.34 
8.32 
8.32 
20.87 
8.33 
23.39 
21.55 
19.71 
29.91 
19.20 
26.23 
26.22 
23.20 
14.00 
11.16 
18.50 
19.50 
16.81 
21.65 
24.30 
29.96 
12.10 
10.25 
31.07 
31.22 
26.70 
26.34 
22.99 
14.15 
30.92 
30.06 
8.11 
13.57 
28.96 
27.77 
26.08 
29.18 
28.48 
29.43 
27.58 
24.40 
26.99 
21.52 
23.94 
26.69 
15.82 
26.75 
19.50 
7.70 
23.16 
22.13 
28.10 
28.68 
26.67 
22.88 
18.62 
14.70 
12.39 
7.37 
9.42 
18.98 
22.91 
24.91 
26.10 
26.97 
13.12 
7.69 
24.35 
22.85 
7.88 
25.96 
23.37 
18.15 
21.48 
9.04 
26.08 
25.51 
15.62 
7.15 
24.58 
23.41 
24.96 
16.88 
16.19 
22.08 
23.00 
13.72 
17.91 
12.09 
22.53 
22.85 
22.43 
18.42 
13.43 
22.63 
18.94 
17.98 
20.26 
19.58 
18.34 
11.43 
5.42 
18.67 
5.32 
20.18 
20.04 
17.49 
19.50 
18.97 
18.83 
16.74 
16.09 
18.43 
5.97 
11.65 
18.02 
17.37 
14.61 
9.65 
17.34 
17.20 
16.34 
15.84 
16.19 
16.53 
15.33 
13.68 
14.96 
15.30 
14.36 
14.70 
7.55 
8.83 
14.32 
14.42 
11.88 
14.39 
11.23 
5.77 
11.78 
13.68 
6.75 
11.57 
12.71 
13.01 
12.49 
12.38 
12.68 
10.68 
12.17 
11.67 
3.11 
3.08 
9.85 
11.10 
11.30 
10.08 
9.91 
10.85 
10.67 
10.50 
10.79 
10.26 
2.75 
6.74 
10.14 
6.55 
9.66 
7.08 
9.89 
9.92 
6.26 
8.96 
8.24 
7.35 
9.34 
9.21 
8.42 
8.89 
6.37 
5.18 
7.23 
3.34 
8.92 
9.32 
8.97 
8.79 
8.95 
8.45 
7.95 
5.17 
8.69 
8.61 
6.57 
6.74 
8.88 
8.81 
7.92 
2.42 
5.98 
8.14 
8.92 
8.75 
8.20 
7.73 
8.43 
8.46 
8.83 
8.20 
8.92 
9.05 
8.33 
9.50 
9.64 
9.78 
9.67 
10.08 
9.44 
6.47 
10.47 
9.46 
8.62 
2.83 
8.76 
7.34 
6.38 
10.76 
11.22 
10.74 
11.02 
10.54 
9.07 
11.50 
11.80 
11.90 
10.40 
3.71 
10.59 
12.12 
12.85 
3.46 
12.98 
13.20 
12.35 
3.63 
9.21 
11.82 
13.58 
14.48 
10.12 
11.35 
7.35 
14.76 
14.31 
15.60 
14.10 
15.64 
15.41 
15.42 
16.28 
16.41 
16.92 
13.60 
15.83 
7.20 
11.05 
17.48 
17.87 
17.37 
18.67 
18.42 
14.63 
14.87 
19.23 
18.03 
18.56 
15.18 
18.01 
15.95 
18.67 
16.04 
9.62 
20.03 
18.61 
19.86 
20.84 
21.96 
19.94 
18.48 
5.86 
20.45 
21.15 
23.02 
22.12 
16.47 
23.84 
23.96 
23.93 
24.50 
23.41 
22.46 
13.60 
8.17 
22.78 
18.11 
20.82 
24.16 
25.04 
21.87 
11.18 
6.85 
6.90 
23.79 
22.30 
7.02 
13.73 
22.70 
27.08 
25.09 
27.25 
16.25 
25.00 
15.56 
28.05 
26.18 
26.09 
25.67 
23.62 
23.35 
23.41 
7.61 
25.00 
24.72 
28.88 
27.46 
17.64 
18.99 
22.50 
28.81 
29.52 
25.27 
25.47 
7.95 
30.19 
30.07 
23.96 
22.33 
25.19 
25.05 
12.10 
26.11 
20.80 
30.33 
29.69 
30.55 
30.57 
27.08 
25.93 
13.09 
26.97 
14.28 
16.63 
31.02 
30.37 
26.87 
25.03 
25.88 
29.06 
15.18 
27.73 
10.17 
23.89 
29.91 
29.24 
31.08 
29.74 
31.41 
27.39 
23.54 
28.21 
28.04 
13.99 
16.66 
24.50 
31.33 
29.81 
20.28 
9.43 
28.09 
29.07 
20.39 
29.86 
29.67 
12.84 
28.62 
19.45 
29.89 
29.69 
22.69 
8.07 
21.97 
10.02 
30.34 
30.14 
13.42 
19.16 
9.40 
24.69 
29.58 
21.64 
23.57 
21.89 
17.42 
24.25 
11.13 
25.77 
28.16 
22.08 
25.27 
25.05 
22.07 
25.57 
7.44 
27.53 
28.26 
27.86 
26.34 
25.15 
23.64 
7.18 
15.07 
20.08 
16.06 
25.13 
24.26 
26.37 
23.30 
22.28 
12.40 
24.58 
13.83 
25.46 
25.21 
12.56 
23.62 
13.03 
6.45 
13.50 
10.12 
10.80 
6.26 
19.29 
21.56 
19.82 
21.48 
14.35 
22.85 
20.12 
22.17 
22.33 
15.06 
21.79 
19.82 
15.33 
20.14 
21.12 
20.58 
19.75 
20.04 
15.41 
19.50 
20.31 
20.17 
16.31 
11.16 
18.70 
17.65 
18.69 
18.81 
19.06 
18.66 
13.33 
6.55 
13.86 
16.86 
11.79 
16.35 
16.70 
16.57 
14.75 
4.62 
16.40 
7.92 
15.66 
10.20 
12.64 
13.90 
14.91 
15.01 
10.53 
13.20 
13.96 
13.41 
13.94 
3.62 
10.61 
9.56 
12.93 
12.82 
12.81 
12.29 
12.08 
12.08 
3.26 
3.22 
11.08 
9.32 
3.11 
11.09 
8.51 
8.34 
11.11 
11.02 
7.30 
10.20 
10.86 
9.86 
10.43 
10.26 
9.65 
8.34 
7.22 
9.99 
9.40 
9.08 
7.99 
5.61 
8.67 
9.13 
4.41 
9.46 
9.00 
2.50 
9.34 
8.97 
6.53 
7.17 
7.56 
5.98 
8.18 
9.07 
8.64 
8.63 
8.70 
8.94 
9.01 
8.77 
8.60 
5.75 
4.85 
5.43 
7.07 
8.40 
6.44 
5.22 
5.40 
5.58 
6.68 
8.70 
2.47 
7.34 
8.63 
8.58 
8.45 
2.54 
8.03 
7.98 
9.24 
5.22 
9.70 
2.66 
9.64 
9.71 
9.24 
9.57 
8.47 
8.89 
10.33 
4.06 
10.96 
7.31 
10.94 
10.94 
8.93 
11.12 
11.50 
11.60 
11.41 
10.51 
12.20 
12.21 
12.42 
11.81 
10.79 
12.13 
6.49 
10.77 
9.06 
7.22 
9.66 
9.75 
12.91 
14.35 
10.81 
14.38 
13.49 
14.52 
12.13 
14.20 
12.00 
14.21 
10.20 
16.01 
12.43 
5.41 
7.05 
11.28 
15.70 
15.70 
5.08 
16.97 
16.59 
9.71 
4.78 
17.63 
17.50 
13.71 
18.69 
16.84 
5.09 
13.19 
17.48 
18.96 
16.36 
11.81 
13.00 
17.40 
18.07 
19.88 
15.20 
21.26 
18.40 
20.23 
21.94 
15.99 
5.91 
14.87 
20.53 
21.68 
20.61 
22.80 
6.21 
23.18 
18.19 
7.86 
13.98 
23.94 
8.94 
19.56 
24.72 
23.75 
19.83 
24.88 
15.95 
21.49 
23.14 
12.39 
6.94 
21.51 
25.07 
23.10 
10.60 
20.54 
25.41 
20.36 
14.49 
22.26 
27.49 
24.98 
15.18 
22.20 
8.78 
27.53 
19.77 
20.96 
19.22 
13.37 
7.68 
28.55 
28.44 
7.76 
26.90 
14.42 
19.90 
12.50 
28.58 
29.28 
25.51 
21.41 
22.60 
20.97 
28.31 
13.72 
8.08 
21.42 
23.61 
17.80 
16.32 
23.68 
28.88 
30.23 
18.73 
30.44 
28.96 
28.97 
20.63 
15.96 
12.13 
29.70 
24.36 
19.68 
26.88 
26.22 
20.87 
16.69 
28.07 
29.75 
31.25 
28.41 
30.75 
27.57 
30.24 
29.73 
28.39 
21.86 
28.37 
26.52 
10.98 
16.48 
30.16 
22.63 
29.46 
31.28 
30.42 
20.07 
30.88 
11.54 
18.52 
10.18 
24.13 
26.43 
22.91 
13.26 
30.32 
27.14 
27.93 
21.44 
24.39 
28.32 
28.77 
25.10 
24.90 
25.18 
13.95 
21.48 
20.94 
24.84 
13.32 
17.54 
29.75 
22.84 
19.20 
10.69 
23.00 
29.10 
7.51 
23.63 
28.41 
27.53 
24.40 
23.85 
24.90 
23.07 
27.94 
26.74 
14.28 
7.10 
25.54 
26.39 
6.98 
24.80 
27.21 
26.49 
22.66 
18.08 
22.48 
20.54 
22.14 
25.25 
25.45 
11.66 
19.32 
17.12 
22.59 
21.58 
21.03 
14.69 
19.49 
14.37 
18.10 
23.26 
22.41 
21.86 
22.45 
9.84 
5.78 
5.73 
18.26 
20.26 
5.57 
14.44 
21.41 
21.27 
20.59 
14.45 
20.59 
20.31 
19.64 
19.90 
19.23 
7.12 
4.96 
17.26 
18.43 
18.68 
18.28 
16.75 
15.11 
14.86 
4.56 
6.73 
16.59 
17.19 
17.05 
16.79 
16.30 
16.40 
9.45 
5.98 
13.68 
10.80 
12.30 
4.38 
7.37 
12.65 
13.64 
14.40 
14.06 
14.05 
14.03 
13.80 
13.37 
13.46 
13.13 
13.02 
12.70 
11.47 
6.02 
12.48 
12.07 
11.48 
6.77 
3.31 
11.00 
11.00 
11.29 
11.20 
10.83 
9.63 
8.35 
10.86 
6.94 
10.61 
9.99 
9.56 
10.39 
3.94 
10.16 
8.52 
7.25 
9.46 
9.32 
7.89 
9.22 
9.09 
7.43 
8.92 
4.43 
8.17 
8.31 
7.45 
8.33 
4.42 
8.78 
8.51 
4.06 
6.76 
8.88 
8.21 
7.22 
8.85 
8.36 
9.01 
8.52 
9.10 
8.78 
8.88 
5.28 
8.58 
3.33 
8.12 
8.23 
8.42 
7.53 
5.72 
4.74 
6.86 
9.09 
7.27 
5.69 
9.65 
9.61 
9.84 
9.98 
8.65 
9.06 
10.17 
9.97 
9.86 
9.93 
10.64 
10.35 
10.33 
9.40 
10.40 
10.86 
10.94 
11.32 
8.74 
10.54 
11.79 
11.70 
12.09 
12.10 
10.61 
12.21 
12.11 
5.38 
10.68 
3.94 
12.97 
7.71 
11.40 
13.42 
11.17 
13.01 
14.11 
13.91 
3.80 
14.04 
14.73 
14.75 
13.39 
11.31 
9.20 
14.57 
15.52 
15.41 
10.51 
8.79 
15.20 
17.04 
15.57 
17.81 
16.33 
16.46 
17.99 
17.74 
18.52 
18.15 
18.81 
18.68 
17.77 
13.66 
15.23 
18.03 
19.64 
18.69 
9.81 
11.81 
13.00 
17.81 
20.73 
19.45 
20.71 
16.16 
21.11 
22.09 
22.08 
21.92 
21.32 
20.42 
13.93 
23.15 
23.42 
23.69 
19.64 
15.99 
24.35 
22.96 
16.70 
24.40 
25.12 
24.62 
21.50 
24.21 
24.47 
23.02 
21.09 
25.71 
24.87 
22.13 
13.71 
24.99 
19.53 
22.94 
21.90 
20.70 
24.93 
25.81 
9.99 
12.45 
26.69 
28.21 
25.70 
7.44 
20.96 
15.16 
26.78 
21.29 
18.73 
29.09 
18.99 
18.21 
27.79 
24.88 
28.88 
23.32 
23.86 
14.32 
16.67 
29.45 
27.83 
30.36 
28.91 
25.12 
21.83 
26.35 
30.88 
23.25 
14.78 
26.64 
16.66 
28.35 
12.02 
28.90 
31.09 
25.43 
27.29 
22.12 
28.82 
26.16 
18.98 
12.31 
27.03 
27.88 
22.87 
19.53 
12.34 
23.22 
30.75 
29.58 
29.58 
25.40 
16.53 
15.69 
31.41 
31.24 
31.56 
25.20 
29.71 
24.52 
23.00 
14.14 
30.16 
5477.48 
30.46 
20.44 
28.42 
16.40 
17.22 
30.69 
27.67 
26.48 
23.96 
28.76 
18.93 
26.70 
22.53 
20.51 
15.01 
13.66 
10.66 
16.09 
26.63 
21.31 
19.13 
7.89 
21.52 
25.92 
29.15 
7.79 
26.59 
29.32 
29.26 
24.63 
27.02 
28.91 
20.24 
20.67 
25.80 
22.34 
27.28 
27.21 
27.78 
27.06 
24.74 
7.26 
9.93 
22.13 
13.96 
27.20 
24.59 
24.66 
20.65 
20.41 
23.62 
19.79 
6.81 
11.72 
19.23 
18.53 
22.60 
17.45 
15.39 
24.73 
24.02 
15.61 
20.19 
23.53 
20.29 
8.74 
9.57 
22.04 
16.93 
22.83 
13.25 
22.14 
13.95 
16.30 
17.20 
21.93 
21.94 
21.95 
21.26 
20.98 
20.85 
21.13 
20.45 
20.31 
13.94 
8.45 
5.84 
13.64 
19.63 
16.99 
18.31 
18.82 
18.56 
18.03 
18.03 
16.37 
15.86 
17.62 
16.98 
15.98 
16.35 
9.03 
4.36 
4.91 
11.29 
11.55 
16.26 
13.33 
11.48 
12.53 
11.73 
4.38 
15.12 
14.77 
8.66 
8.91 
13.30 
10.91 
12.31 
10.82 
5.44 
10.63 
3.77 
3.41 
4.40 
5.06 
9.76 
11.88 
12.17 
11.87 
6.68 
11.67 
10.71 
11.58 
10.53 
10.92 
2.95 
8.60 
9.37 
10.21 
10.41 
3.89 
10.35 
9.83 
8.25 
7.66 
9.11 
9.31 
7.34 
9.63 
8.63 
7.98 
8.79 
9.09 
2.53 
6.47 
4.01 
7.50 
8.81 
9.19 
8.58 
8.23 
8.20 
8.43 
8.99 
9.05 
8.88 
8.95 
8.61 
8.69 
8.60 
8.03 
8.69 
8.37 
8.87 
8.63 
7.99 
8.50 
8.27 
8.70 
8.64 
8.09 
5.95 
7.48 
9.09 
9.13 
9.17 
8.62 
8.66 
9.31 
7.98 
9.93 
9.81 
9.61 
9.41 
7.44 
5.89 
5.05 
8.77 
6.48 
9.71 
10.15 
10.05 
10.77 
10.39 
10.57 
10.56 
11.12 
11.02 
11.12 
11.50 
11.80 
10.81 
11.80 
11.71 
12.11 
12.22 
12.43 
12.13 
7.53 
13.61 
13.31 
13.21 
10.96 
11.60 
13.90 
14.24 
10.92 
12.92 
14.73 
14.75 
15.11 
13.51 
12.11 
12.92 
11.50 
15.53 
16.02 
15.79 
13.74 
14.59 
9.53 
16.94 
7.20 
6.39 
4.68 
17.36 
16.98 
18.28 
17.24 
18.82 
19.09 
18.70 
19.23 
19.50 
12.35 
19.64 
13.90 
20.32 
19.35 
20.45 
10.95 
14.54 
16.47 
21.97 
21.96 
21.66 
22.08 
20.04 
21.61 
19.10 
22.44 
21.23 
18.54 
22.21 
22.77 
23.48 
24.20 
21.15 
24.13 
20.29 
11.53 
24.31 
24.88 
24.83 
21.69 
22.71 
22.49 
25.39 
16.09 
20.72 
23.16 
22.62 
25.71 
21.83 
7.10 
26.13 
17.58 
21.96 
26.53 
24.84 
11.53 
20.46 
27.16 
28.52 
27.95 
29.48 
28.08 
19.17 
28.21 
20.41 
24.72 
7.71 
23.35 
22.41 
23.77 
22.33 
26.50 
29.52 
25.27 
26.30 
27.00 
23.73 
27.41 
29.77 
29.81 
30.84 
30.71 
28.41 
28.77 
9.14 
24.66 
20.35 
26.21 
25.56 
15.40 
29.11 
23.28 
18.61 
22.47 
25.33 
25.67 
30.20 
13.99 
9.81 
10.82 
8.32 
19.87 
26.56 
27.57 
30.58 
26.74 
17.87 
16.20 
12.85 
22.88 
8.33 
20.70 
13.84 
26.20 
8.31 
24.51 
31.01 
28.32 
30.65 
29.79 
28.11 
10.08 
14.24 
14.39 
19.20 
22.68 
19.33 
22.80 
15.13 
20.09 
30.69 
30.82 
29.13 
30.42 
25.58 
22.40 
16.42 
7.97 
27.08 
30.01 
25.02 
11.98 
24.11 
26.36 
19.10 
20.20 
15.09 
7.70 
8.16 
23.11 
26.15 
23.97 
27.97 
26.44 
24.92 
18.24 
29.46 
28.26 
10.86 
20.90 
28.34 
7.54 
20.22 
27.45 
20.40 
12.43 
27.34 
19.08 
25.74 
26.90 
27.11 
22.66 
22.10 
13.67 
17.76 
23.06 
25.71 
24.69 
16.83 
12.36 
8.22 
7.56 
24.73 
24.46 
20.63 
20.97 
22.77 
19.28 
19.03 
6.41 
11.72 
17.55 
18.31 
20.49 
21.93 
21.94 
20.54 
19.16 
20.71 
12.12 
11.49 
19.08 
17.59 
5.27 
18.97 
11.87 
19.64 
19.63 
19.49 
19.09 
15.96 
18.69 
18.42 
18.03 
18.14 
17.50 
16.61 
9.90 
17.59 
14.51 
16.70 
17.05 
16.19 
10.70 
6.93 
16.14 
15.78 
15.88 
14.25 
3.98 
11.63 
14.89 
14.77 
14.42 
11.33 
13.19 
13.29 
7.81 
11.25 
13.58 
13.35 
11.57 
3.41 
3.37 
3.33 
10.77 
12.28 
11.67 
8.02 
3.15 
7.30 
11.58 
11.38 
11.39 
10.63 
5.39 
10.93 
6.13 
10.86 
7.85 
10.52 
8.91 
7.95 
10.12 
7.93 
10.25 
9.05 
9.69 
9.63 
9.92 
2.58 
6.40 
8.83 
8.70 
8.49 
9.21 
8.67 
8.89 
8.86 
4.02 
8.47 
8.29 
7.69 
2.42 
7.41 
6.99 
8.70 
8.86 
5.75 
2.89 
6.81 
5.91 
8.94 
5.67 
9.20 
8.48 
8.66 
2.42 
7.38 
9.14 
8.50 
7.59 
9.28 
9.14 
8.84 
8.96 
9.17 
9.13 
9.17 
9.73 
9.10 
6.56 
9.20 
9.70 
9.23 
8.23 
9.80 
10.04 
10.02 
9.10 
2.81 
9.88 
10.60 
7.81 
10.48 
9.72 
10.37 
11.22 
11.50 
11.50 
10.72 
4.82 
11.80 
12.10 
11.10 
12.21 
9.06 
11.61 
12.33 
11.19 
11.19 
13.62 
13.21 
13.76 
13.45 
14.22 
14.35 
14.14 
14.27 
14.06 
14.98 
15.22 
15.59 
15.72 
16.09 
15.64 
5.89 
16.74 
16.88 
15.44 
17.28 
12.98 
16.32 
17.71 
12.43 
10.13 
15.19 
16.08 
13.62 
18.68 
16.72 
6.30 
19.36 
19.50 
19.23 
18.83 
18.69 
17.18 
8.10 
21.01 
20.45 
21.14 
12.72 
22.12 
21.55 
20.96 
18.80 
21.79 
18.59 
18.99 
9.17 
19.94 
23.44 
19.28 
6.16 
16.20 
23.33 
14.28 
18.43 
22.62 
21.81 
24.51 
19.10 
18.42 
19.59 
22.31 
23.33 
6.77 
26.33 
21.26 
24.18 
15.60 
14.56 
16.68 
20.72 
25.72 
12.09 
26.69 
10.43 
28.62 
28.22 
28.30 
24.82 
27.32 
21.23 
27.95 
26.71 
28.57 
11.50 
13.50 
26.80 
29.80 
29.54 
27.46 
28.66 
27.73 
25.80 
24.19 
27.87 
21.63 
30.27 
28.33 
29.37 
24.26 
17.49 
29.48 
28.85 
17.40 
17.26 
31.11 
31.13 
27.83 
30.69 
30.55 
31.07 
11.05 
18.42 
18.60 
8.25 
28.49 
13.79 
26.17 
29.70 
31.38 
28.38 
22.53 
12.83 
8.32 
23.38 
27.74 
26.57 
25.23 
29.75 
8.33 
25.89 
18.03 
20.87 
18.52 
27.88 
14.50 
26.86 
17.66 
13.14 
29.66 
31.15 
15.44 
31.61 
27.92 
16.90 
22.55 
14.37 
15.02 
13.34 
31.28 
31.08 
30.22 
8.11 
30.82 
29.79 
23.79 
19.12 
27.53 
26.33 
13.91 
29.06 
30.33 
28.97 
21.03 
7.84 
30.14 
21.89 
22.49 
23.92 
28.93 
26.91 
25.88 
21.92 
28.03 
26.18 
9.45 
21.37 
27.76 
24.79 
16.21 
19.84 
23.46 
16.84 
12.32 
8.61 
27.61 
27.20 
21.43 
7.02 
23.63 
24.33 
26.90 
25.24 
22.04 
22.10 
16.45 
14.07 
6.94 
24.95 
22.40 
25.03 
25.07 
24.66 
8.61 
19.19 
18.50 
24.19 
16.23 
8.33 
23.09 
22.53 
20.67 
19.54 
22.31 
22.47 
18.06 
19.94 
5.67 
18.57 
20.14 
20.71 
11.15 
12.04 
18.67 
19.91 
20.59 
19.64 
18.83 
15.91 
14.33 
14.89 
19.22 
18.43 
16.88 
16.62 
12.67 
16.37 
17.12 
17.11 
4.56 
17.22 
10.34 
8.91 
13.79 
16.67 
16.42 
15.45 
12.15 
4.12 
15.18 
12.18 
5.57 
8.23 
3.88 
7.07 
12.32 
13.41 
5.12 
13.29 
13.71 
11.57 
6.71 
9.37 
10.84 
12.92 
6.96 
10.46 
12.58 
9.77 
7.90 
11.97 
11.87 
11.87 
9.93 
11.58 
10.34 
7.52 
10.55 
9.63 
10.57 
7.55 
10.59 
10.34 
10.26 
7.41 
6.74 
9.17 
9.72 
9.84 
10.04 
9.89 
9.49 
9.44 
9.47 
7.81 
9.63 
9.42 
9.30 
5.49 
5.56 
3.21 
8.58 
7.73 
9.27 
9.25 
9.15 
8.89 
7.16 
3.55 
6.89 
9.01 
8.44 
8.20 
8.85 
7.22 
6.90 
9.04 
8.64 
8.99 
9.17 
9.28 
9.22 
9.25 
9.11 
9.06 
7.42 
5.60 
8.75 
8.79 
9.26 
9.48 
9.36 
6.13 
9.55 
9.70 
9.49 
9.38 
9.62 
10.04 
9.93 
8.56 
10.08 
10.52 
9.12 
10.03 
10.11 
11.13 
9.90 
10.65 
11.50 
10.92 
11.99 
10.62 
11.31 
11.50 
12.41 
12.42 
12.42 
10.99 
3.42 
13.18 
13.08 
13.31 
12.89 
13.54 
6.82 
13.79 
13.58 
13.59 
14.16 
3.90 
14.75 
14.76 
14.66 
12.93 
8.23 
9.73 
7.20 
4.28 
16.88 
7.90 
17.16 
17.30 
4.53 
15.21 
17.85 
15.45 
17.11 
18.14 
18.28 
16.59 
10.83 
19.35 
14.98 
19.50 
18.56 
16.13 
14.75 
17.73 
16.20 
20.73 
20.18 
20.59 
19.03 
21.55 
20.55 
21.68 
19.66 
16.75 
15.12 
21.61 
15.60 
21.70 
22.85 
23.57 
22.50 
23.66 
23.18 
24.05 
21.75 
22.92 
19.83 
17.94 
19.87 
25.03 
23.75 
20.91 
17.28 
12.37 
21.18 
16.72 
25.12 
25.53 
24.04 
21.43 
20.40 
7.10 
25.81 
27.01 
27.73 
27.66 
27.41 
12.01 
24.66 
18.58 
24.31 
27.78 
18.58 
24.17 
21.13 
12.03 
7.64 
7.68 
27.57 
27.79 
23.23 
26.57 
29.92 
17.75 
23.90 
24.44 
30.44 
29.66 
29.37 
19.78 
8.85 
22.17 
31.34 
22.89 
30.41 
31.44 
22.80 
21.83 
16.34 
29.21 
28.73 
23.41 
21.09 
11.58 
21.45 
27.99 
13.29 
22.50 
29.20 
27.20 
28.71 
30.90 
22.04 
21.87 
24.05 
23.72 
21.05 
23.22 
15.36 
17.03 
29.91 
27.90 
22.54 
18.19 
31.72 
31.55 
29.53 
28.02 
12.64 
17.47 
23.80 
31.80 
27.78 
30.42 
12.24 
29.88 
30.53 
31.33 
25.15 
22.96 
29.59 
24.74 
20.89 
26.34 
26.48 
25.45 
27.24 
25.21 
13.44 
11.76 
26.59 
25.23 
28.64 
27.94 
26.74 
16.02 
11.88 
28.06 
28.99 
25.99 
18.92 
9.43 
18.01 
26.73 
28.94 
28.39 
26.54 
15.83 
26.24 
21.51 
10.38 
17.54 
28.02 
24.75 
24.36 
23.80 
26.57 
26.48 
25.61 
18.76 
9.13 
22.68 
15.74 
26.08 
26.29 
25.10 
7.76 
16.46 
18.52 
23.47 
8.78 
13.57 
25.41 
24.24 
23.38 
18.64 
19.89 
23.48 
22.92 
17.81 
11.58 
6.85 
14.03 
20.29 
22.33 
6.49 
21.93 
21.37 
16.74 
20.42 
21.12 
9.21 
5.42 
19.35 
19.77 
11.50 
20.58 
17.23 
10.71 
17.12 
5.93 
14.64 
14.27 
6.15 
12.51 
16.75 
17.76 
17.00 
14.99 
13.88 
4.51 
13.28 
16.82 
16.93 
14.51 
16.42 
16.40 
15.68 
8.55 
15.30 
13.21 
14.58 
13.44 
14.00 
14.32 
14.53 
13.96 
13.30 
8.53 
3.62 
3.58 
9.35 
13.67 
12.93 
12.61 
12.91 
11.68 
12.48 
12.38 
12.17 
9.60 
5.11 
11.58 
11.58 
11.58 
9.48 
4.21 
10.93 
10.93 
8.90 
9.85 
10.50 
10.43 
9.54 
10.10 
9.41 
7.93 
5.67 
9.57 
2.64 
2.62 
10.09 
9.52 
9.22 
9.42 
9.72 
6.47 
7.11 
9.26 
2.72 
7.70 
6.43 
8.80 
9.11 
8.92 
7.75 
6.51 
6.75 
8.05 
5.67 
8.44 
5.74 
8.77 
8.44 
8.78 
8.62 
8.88 
8.81 
8.58 
8.84 
3.26 
8.89 
