20050101
8.75 
8.52 
8.81 
8.84 
2.61 
8.91 
9.04 
9.17 
9.22 
9.09 
9.40 
9.46 
8.52 
3.23 
7.44 
9.60 
9.57 
9.91 
9.98 
10.24 
10.31 
8.96 
9.41 
9.78 
5.68 
10.03 
9.13 
7.02 
11.37 
9.76 
11.56 
11.75 
11.85 
3.38 
12.05 
8.91 
3.49 
11.62 
7.33 
13.23 
13.34 
13.46 
13.13 
10.80 
5.85 
3.87 
12.68 
4.76 
13.25 
14.76 
14.88 
13.35 
13.71 
13.22 
15.87 
16.00 
15.89 
14.41 
12.67 
11.15 
16.65 
11.59 
17.30 
17.69 
17.82 
17.57 
17.96 
16.78 
17.83 
18.49 
18.62 
18.76 
17.26 
19.15 
14.48 
12.24 
18.99 
19.81 
20.08 
9.49 
20.34 
17.33 
20.87 
21.00 
20.83 
20.23 
21.81 
22.22 
22.34 
13.44 
12.33 
21.06 
22.37 
20.98 
18.82 
15.73 
18.40 
6.42 
20.58 
23.13 
19.69 
22.10 
17.37 
24.94 
23.79 
19.96 
17.84 
21.70 
12.76 
21.55 
25.77 
23.94 
13.79 
26.03 
24.35 
22.65 
24.34 
26.03 
22.05 
21.63 
26.74 
24.20 
24.92 
20.57 
14.39 
22.32 
22.70 
21.27 
28.25 
7.67 
21.59 
19.81 
26.32 
12.10 
18.77 
20.14 
10.69 
29.38 
29.92 
27.96 
7.96 
28.71 
27.57 
20.41 
25.30 
28.68 
12.62 
27.73 
8.13 
18.05 
22.94 
16.91 
26.68 
31.07 
28.57 
8.23 
30.28 
12.97 
8.26 
8.27 
25.63 
27.66 
21.60 
20.26 
22.97 
27.02 
27.53 
13.38 
25.85 
14.22 
30.57 
25.68 
29.55 
22.81 
8.33 
13.71 
8.32 
8.32 
20.43 
23.11 
31.18 
30.83 
18.37 
26.60 
31.12 
31.27 
29.07 
23.34 
21.98 
22.97 
21.44 
19.58 
26.93 
8.15 
24.53 
23.34 
25.65 
21.11 
23.92 
22.39 
19.85 
12.33 
7.98 
7.95 
26.20 
28.49 
25.46 
15.64 
27.85 
26.65 
17.52 
13.85 
14.47 
20.85 
8.97 
18.78 
9.40 
17.87 
17.98 
12.07 
7.47 
21.08 
16.48 
7.36 
16.21 
21.80 
13.85 
7.22 
25.29 
26.97 
27.04 
23.77 
22.74 
25.03 
15.94 
18.24 
23.98 
17.94 
22.55 
21.83 
12.43 
18.25 
6.60 
19.01 
22.90 
23.41 
23.61 
20.02 
22.49 
11.85 
22.42 
21.71 
9.41 
10.83 
8.99 
12.02 
22.46 
5.90 
18.60 
21.95 
18.81 
13.70 
5.66 
20.88 
21.17 
11.24 
14.23 
15.24 
12.24 
13.66 
14.79 
5.21 
16.06 
15.68 
18.77 
18.24 
18.37 
16.67 
4.86 
17.97 
17.84 
17.45 
15.42 
8.26 
4.56 
8.73 
16.55 
16.42 
16.16 
16.04 
15.43 
14.23 
4.18 
15.17 
15.16 
14.92 
14.57 
14.33 
10.47 
10.27 
10.52 
8.21 
11.65 
13.41 
13.29 
12.64 
12.64 
12.75 
8.22 
12.43 
12.12 
12.33 
12.13 
11.93 
11.83 
11.53 
11.44 
11.35 
11.17 
11.08 
10.99 
8.03 
10.64 
10.56 
10.49 
10.41 
10.06 
9.99 
9.83 
9.68 
7.07 
9.65 
9.50 
5.78 
9.40 
6.78 
8.86 
9.25 
9.21 
9.17 
9.05 
9.01 
8.63 
8.95 
8.92 
8.89 
8.87 
8.85 
8.83 
8.56 
8.81 
8.71 
8.70 
8.70 
8.70 
8.53 
8.70 
8.70 
8.63 
8.72 
8.73 
6.79 
7.92 
6.40 
7.44 
8.75 
8.52 
2.59 
2.60 
8.96 
9.09 
9.22 
9.08 
9.31 
9.35 
4.59 
2.73 
9.51 
9.57 
9.63 
5.11 
2.85 
7.60 
8.12 
8.27 
10.12 
10.39 
10.47 
3.04 
10.63 
10.71 
10.99 
3.17 
9.28 
8.65 
10.75 
11.55 
11.75 
11.85 
11.95 
10.06 
3.49 
12.05 
12.69 
12.80 
12.91 
13.13 
12.14 
6.01 
11.68 
10.31 
14.27 
14.51 
14.75 
14.99 
12.89 
4.74 
12.99 
14.54 
9.96 
14.78 
16.01 
4.43 
11.06 
15.40 
16.65 
16.40 
15.64 
16.66 
17.31 
17.44 
15.74 
15.59 
13.59 
17.96 
17.28 
15.25 
18.75 
15.61 
19.01 
9.20 
19.27 
18.00 
12.92 
18.80 
20.05 
18.61 
14.86 
20.42 
16.78 
14.85 
17.42 
22.07 
22.34 
20.10 
19.02 
22.11 
18.02 
22.33 
22.14 
6.32 
23.73 
15.89 
22.42 
20.06 
10.57 
21.63 
22.82 
12.62 
24.89 
13.06 
20.36 
11.76 
21.00 
25.52 
18.61 
23.31 
22.27 
22.98 
12.93 
10.73 
21.11 
24.25 
11.84 
22.44 
25.76 
25.34 
22.96 
7.48 
25.54 
11.98 
19.74 
7.61 
17.04 
27.48 
22.58 
7.73 
25.82 
28.19 
28.24 
24.63 
27.00 
23.55 
24.75 
12.11 
11.14 
27.37 
23.06 
21.75 
8.05 
8.07 
16.14 
30.25 
27.59 
14.69 
22.27 
23.30 
8.19 
22.83 
27.56 
27.07 
10.26 
26.93 
22.40 
20.23 
20.07 
25.81 
14.87 
15.55 
27.18 
29.71 
27.86 
29.38 
28.21 
8.33 
24.67 
28.88 
20.63 
14.90 
17.93 
17.25 
22.63 
30.03 
8.31 
12.85 
11.33 
22.42 
31.49 
9.62 
30.45 
22.03 
27.56 
27.04 
11.24 
8.88 
13.39 
28.79 
21.57 
29.75 
23.86 
29.19 
20.13 
8.08 
8.06 
23.55 
26.02 
25.65 
29.44 
11.28 
7.93 
7.91 
7.88 
11.17 
21.23 
15.41 
26.60 
14.18 
19.25 
15.26 
23.26 
21.90 
19.88 
19.67 
13.74 
17.77 
12.35 
7.43 
7.40 
14.81 
7.33 
18.90 
26.89 
24.40 
23.52 
20.73 
20.66 
15.34 
26.86 
25.98 
25.26 
22.34 
16.60 
9.48 
24.89 
15.92 
10.57 
15.16 
24.65 
15.32 
20.45 
8.45 
23.00 
20.62 
24.30 
14.56 
19.27 
17.68 
23.24 
20.75 
21.82 
17.74 
14.43 
15.50 
20.77 
21.52 
21.25 
20.70 
16.31 
20.17 
20.75 
20.48 
16.04 
17.73 
20.37 
19.14 
19.83 
19.56 
14.04 
18.76 
17.04 
17.44 
17.98 
15.49 
15.38 
17.59 
10.27 
16.05 
15.42 
16.94 
16.18 
12.08 
15.81 
10.17 
13.98 
16.04 
15.91 
15.42 
7.13 
4.13 
8.63 
15.04 
4.45 
14.45 
14.10 
9.82 
13.86 
13.75 
13.52 
13.41 
13.29 
13.08 
12.75 
9.99 
12.54 
12.43 
12.33 
12.23 
12.13 
11.83 
11.73 
11.63 
7.27 
8.00 
11.17 
9.91 
7.90 
10.82 
10.73 
10.37 
10.30 
2.92 
8.11 
9.53 
3.95 
9.86 
8.80 
9.65 
9.59 
9.54 
9.40 
9.35 
9.30 
9.25 
9.04 
4.55 
7.13 
7.80 
8.89 
8.86 
8.66 
7.61 
8.62 
8.60 
8.49 
8.48 
8.55 
8.54 
8.19 
8.44 
7.59 
8.44 
8.44 
8.45 
8.12 
7.53 
8.56 
8.66 
8.09 
2.55 
2.56 
8.67 
8.78 
8.81 
8.58 
6.35 
8.91 
8.95 
9.00 
8.33 
9.09 
9.32 
9.37 
9.42 
9.21 
8.63 
9.60 
9.66 
10.01 
8.77 
10.24 
10.31 
7.35 
10.56 
6.70 
3.07 
10.81 
10.70 
11.08 
11.17 
11.66 
11.76 
11.86 
11.96 
12.16 
12.26 
11.21 
12.47 
3.53 
7.22 
13.01 
13.23 
13.35 
13.46 
13.58 
13.81 
13.93 
12.91 
14.17 
14.63 
13.25 
15.00 
15.13 
15.37 
15.38 
11.16 
14.78 
4.38 
4.43 
13.54 
4.53 
15.52 
4.63 
4.68 
17.69 
17.82 
17.96 
18.09 
14.54 
18.36 
18.49 
17.42 
18.49 
19.02 
18.20 
19.56 
19.69 
5.39 
5.44 
16.57 
17.25 
12.82 
5.64 
21.45 
17.69 
21.56 
20.81 
21.66 
12.83 
5.99 
20.24 
16.19 
20.61 
23.12 
22.03 
13.23 
21.34 
22.21 
23.69 
17.66 
22.67 
14.28 
6.60 
21.57 
24.63 
20.97 
19.02 
25.24 
21.70 
17.04 
24.57 
24.82 
22.67 
18.11 
19.62 
24.35 
26.20 
26.44 
21.18 
24.81 
14.81 
27.72 
22.25 
27.86 
21.88 
28.00 
26.59 
27.47 
18.80 
27.92 
25.01 
18.11 
28.92 
28.97 
29.02 
17.28 
26.13 
22.68 
29.88 
29.76 
20.95 
29.84 
7.99 
13.53 
18.07 
30.32 
24.82 
21.17 
28.91 
30.61 
17.54 
11.35 
23.46 
22.98 
17.11 
31.26 
31.11 
30.79 
28.11 
27.29 
28.48 
30.68 
24.79 
12.68 
8.30 
24.65 
29.04 
28.87 
24.33 
8.33 
8.33 
22.31 
25.17 
19.78 
13.04 
21.29 
26.68 
28.36 
8.32 
23.96 
13.52 
13.68 
26.63 
20.39 
8.28 
24.06 
27.91 
18.83 
17.47 
23.16 
15.26 
26.64 
27.45 
20.73 
10.50 
10.31 
21.50 
24.64 
13.59 
20.91 
30.22 
27.85 
29.15 
15.63 
26.58 
22.05 
29.32 
26.95 
20.44 
12.96 
24.33 
16.20 
16.49 
16.12 
15.26 
15.87 
12.39 
10.71 
11.66 
7.53 
22.17 
28.14 
27.90 
25.89 
24.52 
25.26 
25.84 
24.31 
18.46 
23.68 
26.17 
22.10 
21.38 
25.91 
25.67 
20.68 
25.96 
20.21 
8.38 
25.83 
19.34 
24.07 
24.28 
23.72 
15.01 
11.41 
19.29 
24.22 
23.81 
22.34 
23.58 
23.47 
22.61 
19.67 
14.68 
20.05 
7.76 
5.95 
18.12 
15.27 
9.70 
5.75 
17.27 
21.29 
21.44 
21.31 
21.04 
19.80 
12.61 
8.11 
15.31 
19.83 
17.67 
17.82 
7.92 
18.10 
14.93 
13.24 
5.56 
9.01 
11.91 
17.97 
16.82 
10.86 
16.94 
17.06 
10.47 
16.79 
16.66 
16.53 
14.71 
15.91 
15.78 
15.41 
15.29 
15.16 
14.69 
10.89 
9.54 
13.53 
10.83 
12.30 
13.64 
10.88 
12.75 
13.29 
12.43 
12.97 
12.86 
10.54 
3.45 
7.97 
11.92 
12.03 
11.93 
11.83 
8.13 
6.28 
3.16 
11.36 
11.27 
11.09 
10.43 
10.16 
9.52 
10.49 
5.82 
10.34 
9.90 
7.81 
9.95 
9.89 
8.11 
9.77 
9.72 
6.28 
9.35 
9.39 
9.17 
9.12 
8.65 
9.05 
8.92 
8.81 
2.58 
8.83 
6.75 
8.79 
8.17 
8.66 
8.65 
8.64 
8.63 
8.62 
8.61 
8.19 
7.17 
8.70 
2.52 
5.06 
6.09 
2.53 
5.68 
7.83 
8.87 
8.90 
8.92 
8.69 
9.07 
9.10 
9.14 
9.00 
9.22 
9.26 
9.48 
3.94 
9.14 
9.64 
9.69 
7.67 
9.81 
9.87 
2.85 
10.01 
2.90 
8.36 
4.27 
10.39 
10.75 
10.83 
5.39 
11.00 
9.52 
9.89 
11.37 
11.56 
11.66 
11.75 
11.85 
11.95 
11.85 
12.16 
12.37 
12.69 
12.90 
12.47 
13.23 
13.46 
13.68 
13.80 
13.92 
14.04 
14.27 
14.40 
13.02 
14.64 
14.88 
13.47 
15.25 
15.26 
12.49 
14.06 
15.89 
16.14 
16.39 
16.02 
7.47 
12.86 
17.55 
17.69 
17.56 
18.09 
18.22 
14.93 
16.77 
16.49 
16.88 
5.13 
19.16 
16.83 
19.70 
14.45 
18.29 
12.83 
19.24 
8.78 
7.57 
9.63 
17.58 
18.12 
18.37 
16.59 
18.59 
5.94 
7.61 
20.98 
21.25 
10.16 
22.67 
22.48 
23.20 
17.09 
13.38 
23.23 
6.46 
13.74 
6.56 
21.48 
8.36 
24.16 
21.76 
21.22 
16.42 
18.86 
23.21 
12.66 
6.99 
8.46 
18.43 
24.43 
20.01 
21.69 
19.01 
25.22 
19.13 
21.96 
24.14 
22.57 
21.16 
7.48 
22.26 
27.08 
22.87 
21.11 
26.77 
7.67 
24.73 
7.73 
7.76 
24.54 
12.13 
27.46 
23.34 
21.22 
24.92 
27.46 
10.97 
26.20 
29.58 
20.25 
30.32 
29.68 
20.33 
17.84 
28.09 
26.95 
28.15 
15.06 
13.90 
21.32 
13.77 
23.03 
27.26 
20.88 
26.11 
31.17 
22.60 
20.92 
24.47 
19.25 
15.89 
8.32 
20.79 
20.62 
8.33 
22.65 
11.19 
17.43 
30.73 
25.17 
21.29 
26.00 
15.90 
12.53 
8.31 
9.49 
8.30 
11.49 
11.99 
23.07 
23.39 
20.52 
8.25 
28.38 
28.70 
8.21 
23.12 
25.61 
12.69 
30.75 
30.05 
8.12 
15.62 
26.95 
27.92 
20.38 
27.19 
28.65 
29.11 
30.90 
30.85 
23.01 
17.83 
20.78 
21.23 
11.27 
21.97 
21.60 
7.72 
19.86 
24.41 
27.97 
17.43 
16.72 
19.45 
10.92 
7.47 
12.15 
7.40 
8.34 
15.41 
22.45 
7.26 
24.08 
25.45 
11.78 
15.08 
21.38 
21.47 
6.98 
23.05 
23.44 
19.11 
20.91 
14.12 
18.10 
21.59 
6.65 
6.60 
22.24 
21.99 
21.58 
21.33 
16.68 
21.88 
14.11 
9.98 
15.89 
6.14 
20.90 
21.38 
21.26 
13.70 
18.27 
17.58 
15.03 
15.94 
18.84 
11.91 
17.20 
5.56 
12.36 
12.83 
5.41 
15.41 
18.32 
11.11 
18.07 
17.68 
17.42 
16.64 
12.15 
17.05 
4.91 
7.58 
16.68 
15.40 
16.43 
8.33 
16.06 
15.81 
15.68 
14.45 
15.19 
15.07 
14.95 
13.63 
12.56 
14.59 
11.29 
10.15 
6.01 
11.58 
13.76 
13.76 
13.64 
13.42 
13.30 
3.73 
10.02 
12.97 
11.35 
12.32 
12.22 
12.12 
12.02 
11.81 
11.51 
5.07 
11.22 
11.02 
4.53 
3.20 
10.66 
10.48 
10.40 
9.06 
10.14 
10.07 
9.80 
9.73 
9.57 
9.50 
2.87 
2.85 
9.13 
7.25 
8.93 
8.24 
8.82 
8.77 
8.73 
8.68 
2.66 
8.25 
8.56 
8.18 
6.50 
4.83 
8.00 
4.28 
8.04 
6.22 
8.00 
7.98 
7.88 
7.87 
7.86 
7.77 
7.68 
4.46 
7.76 
7.77 
7.26 
7.61 
7.96 
7.88 
5.68 
3.91 
6.74 
7.95 
8.24 
9.18 
8.87 
8.20 
9.36 
9.31 
8.39 
9.39 
8.29 
9.57 
9.62 
9.67 
9.82 
9.96 
10.02 
10.08 
10.15 
8.37 
10.28 
10.07 
10.52 
6.63 
10.10 
10.75 
10.83 
11.11 
11.30 
11.38 
11.48 
11.07 
10.46 
6.40 
10.02 
11.96 
5.65 
7.89 
10.90 
10.47 
12.47 
10.01 
13.12 
13.12 
13.24 
3.74 
11.24 
12.91 
14.27 
14.27 
12.90 
8.40 
10.57 
14.77 
14.89 
15.01 
8.79 
15.39 
16.00 
16.13 
16.01 
16.52 
16.65 
15.90 
13.11 
4.68 
16.53 
17.69 
17.44 
17.83 
18.22 
17.30 
15.03 
13.93 
19.03 
18.75 
14.10 
16.40 
19.69 
16.91 
20.09 
20.08 
7.80 
20.19 
20.46 
21.16 
21.43 
21.41 
19.36 
19.61 
7.55 
13.21 
20.69 
23.18 
22.55 
16.52 
23.09 
23.81 
24.22 
23.58 
22.92 
23.49 
9.74 
6.56 
23.96 
23.91 
17.77 
25.04 
25.46 
24.45 
6.86 
6.90 
11.07 
25.45 
25.38 
7.07 
11.12 
25.63 
27.00 
17.56 
27.16 
10.87 
25.53 
10.46 
26.81 
27.53 
22.20 
23.57 
28.06 
25.00 
23.74 
12.42 
21.04 
22.25 
28.75 
28.14 
17.41 
7.81 
20.97 
29.17 
29.88 
21.92 
28.80 
7.96 
30.38 
27.74 
24.09 
17.93 
28.51 
22.67 
8.11 
25.41 
29.13 
31.00 
28.34 
30.54 
30.57 
21.34 
28.08 
8.24 
23.40 
9.61 
26.12 
31.18 
29.85 
28.68 
21.95 
27.68 
22.63 
8.32 
23.15 
8.33 
17.76 
29.72 
26.52 
31.24 
25.84 
31.06 
30.72 
23.81 
21.78 
31.54 
19.41 
25.29 
22.25 
31.15 
25.59 
19.19 
8.26 
26.55 
27.71 
9.23 
30.69 
24.63 
9.52 
26.93 
14.68 
28.38 
28.52 
22.47 
8.08 
24.75 
9.71 
30.52 
29.98 
17.13 
20.42 
8.43 
27.16 
27.45 
14.48 
22.23 
18.55 
14.54 
25.06 
13.98 
27.92 
24.25 
22.06 
24.30 
26.37 
22.56 
21.68 
7.47 
25.47 
28.32 
28.25 
28.01 
21.64 
15.62 
7.22 
13.11 
17.05 
14.12 
25.52 
19.72 
25.03 
26.68 
15.09 
10.00 
20.76 
15.99 
25.57 
25.16 
18.56 
16.47 
19.78 
7.43 
14.10 
6.42 
6.38 
6.33 
16.21 
15.53 
21.12 
16.85 
20.45 
23.59 
21.70 
22.61 
22.63 
18.02 
20.80 
5.75 
11.42 
19.58 
21.44 
20.47 
20.90 
18.13 
8.45 
11.83 
19.00 
19.83 
15.23 
12.56 
18.23 
18.63 
16.65 
18.90 
18.76 
18.63 
14.88 
10.40 
7.51 
17.83 
5.87 
11.31 
16.68 
16.55 
14.82 
8.62 
15.92 
9.91 
15.66 
14.47 
15.17 
14.93 
14.92 
13.42 
8.29 
14.44 
14.09 
11.52 
13.86 
3.73 
12.53 
5.27 
13.29 
13.07 
12.86 
12.75 
11.60 
11.50 
7.90 
3.34 
11.12 
11.02 
3.23 
10.95 
11.25 
11.36 
11.27 
11.09 
8.99 
9.21 
10.75 
10.67 
10.51 
10.34 
8.70 
8.73 
9.31 
10.07 
9.56 
9.32 
9.72 
9.40 
9.26 
9.39 
4.42 
9.47 
9.43 
2.96 
9.36 
9.15 
2.58 
9.26 
7.18 
6.65 
8.94 
9.17 
9.16 
8.55 
9.13 
9.04 
9.04 
9.03 
9.03 
5.99 
5.31 
8.03 
8.81 
8.73 
7.90 
6.98 
7.85 
8.73 
8.58 
9.21 
2.59 
9.10 
9.31 
8.48 
9.57 
2.66 
9.66 
8.38 
9.76 
9.82 
9.87 
7.12 
10.27 
9.51 
10.40 
10.47 
2.90 
8.27 
10.69 
10.77 
10.94 
10.74 
11.31 
11.30 
10.80 
11.48 
11.57 
11.76 
11.76 
8.50 
11.55 
12.26 
12.37 
12.47 
7.08 
10.88 
9.15 
9.45 
11.06 
3.70 
11.81 
13.13 
8.54 
13.81 
13.93 
14.05 
11.40 
14.29 
11.48 
14.54 
14.66 
14.30 
7.67 
15.39 
4.38 
6.03 
4.48 
14.40 
16.53 
16.02 
4.68 
17.43 
17.05 
7.95 
4.88 
18.49 
18.62 
15.69 
19.03 
16.06 
5.18 
17.24 
18.74 
19.69 
18.16 
9.48 
12.36 
16.40 
16.22 
19.61 
11.28 
18.41 
19.10 
16.59 
21.37 
11.37 
5.99 
17.43 
20.95 
23.00 
22.97 
22.94 
17.16 
23.77 
20.08 
16.66 
16.59 
22.37 
6.56 
17.91 
24.68 
20.89 
16.59 
20.90 
6.82 
15.39 
20.05 
16.47 
6.99 
13.09 
25.31 
26.35 
7.15 
17.82 
25.79 
20.53 
12.97 
27.32 
27.39 
26.32 
20.35 
26.13 
15.21 
28.23 
23.69 
21.77 
16.21 
19.56 
18.78 
28.58 
28.64 
12.26 
26.08 
8.67 
22.01 
16.22 
28.76 
29.13 
18.48 
29.38 
25.90 
28.11 
29.99 
8.74 
8.09 
11.46 
26.25 
17.71 
19.92 
22.96 
20.80 
27.88 
21.00 
29.09 
28.10 
28.11 
22.57 
24.44 
8.28 
13.34 
18.74 
22.29 
24.48 
21.79 
21.63 
8.32 
22.81 
25.51 
30.90 
22.82 
28.71 
25.68 
30.05 
29.88 
22.80 
17.91 
19.59 
15.71 
10.49 
14.18 
29.30 
25.09 
25.58 
30.77 
29.07 
15.29 
30.71 
8.21 
11.89 
11.70 
10.68 
12.00 
8.14 
8.12 
25.31 
18.44 
28.76 
8.04 
24.02 
28.98 
25.12 
21.09 
24.04 
20.85 
14.51 
7.86 
20.41 
19.04 
10.91 
7.75 
27.98 
12.30 
16.37 
9.43 
24.80 
27.85 
10.80 
25.60 
26.67 
28.39 
16.48 
24.85 
16.86 
27.29 
27.85 
27.61 
15.03 
7.14 
9.02 
26.32 
7.02 
26.14 
26.37 
25.96 
23.82 
16.53 
23.80 
24.48 
23.76 
24.59 
14.47 
6.56 
17.39 
7.84 
23.16 
21.99 
23.70 
12.45 
21.67 
15.29 
20.12 
23.12 
22.71 
21.26 
22.61 
10.85 
5.85 
5.80 
15.37 
17.99 
6.22 
9.71 
21.45 
20.76 
19.66 
13.72 
19.82 
19.96 
19.83 
19.70 
19.57 
10.60 
8.52 
17.44 
18.90 
18.76 
18.50 
15.78 
5.40 
9.68 
4.66 
15.81 
17.06 
16.93 
16.55 
16.42 
16.16 
10.72 
4.27 
7.08 
9.62 
4.13 
4.09 
4.04 
6.64 
14.45 
14.21 
13.42 
13.75 
14.08 
13.96 
13.84 
13.73 
13.61 
13.39 
13.39 
13.06 
12.64 
11.50 
12.64 
11.41 
10.40 
7.70 
8.33 
11.74 
11.25 
11.56 
11.47 
11.38 
4.76 
11.02 
11.04 
10.20 
10.69 
7.36 
10.46 
10.20 
7.76 
10.07 
9.20 
8.87 
9.72 
9.58 
8.11 
9.56 
9.52 
2.64 
9.43 
8.79 
9.27 
9.15 
7.83 
8.92 
8.64 
8.96 
9.19 
9.09 
8.90 
9.06 
8.80 
9.04 
9.04 
8.27 
9.03 
9.04 
9.04 
9.05 
9.06 
8.56 
9.09 
5.95 
7.68 
9.15 
9.18 
9.21 
8.12 
8.93 
9.40 
9.44 
9.39 
9.52 
9.66 
9.80 
9.85 
10.00 
10.05 
9.30 
10.18 
10.24 
10.31 
10.38 
10.45 
10.52 
10.69 
10.77 
10.85 
10.83 
11.11 
11.30 
6.47 
11.28 
11.67 
11.76 
12.06 
12.16 
12.26 
12.37 
10.70 
7.33 
12.68 
3.53 
12.90 
11.18 
7.47 
13.35 
11.25 
11.35 
13.92 
14.04 
3.92 
13.94 
14.40 
14.76 
10.08 
14.18 
4.19 
6.99 
15.51 
15.03 
10.87 
9.85 
14.78 
16.40 
16.65 
17.04 
16.66 
15.89 
17.69 
17.83 
17.44 
18.36 
18.49 
17.56 
16.88 
15.25 
8.44 
17.38 
19.42 
19.55 
10.52 
17.72 
13.06 
18.80 
20.19 
15.05 
20.59 
20.85 
20.25 
21.97 
22.10 
22.22 
19.25 
16.99 
6.09 
22.85 
23.12 
23.54 
19.88 
13.76 
23.58 
23.99 
14.13 
24.06 
24.47 
24.58 
23.91 
24.94 
25.04 
24.98 
19.26 
25.65 
25.43 
20.76 
10.01 
23.15 
19.87 
25.87 
22.58 
10.73 
26.60 
19.24 
7.30 
17.25 
24.62 
27.79 
25.90 
7.48 
19.97 
25.60 
26.81 
16.17 
14.73 
28.80 
20.10 
22.29 
28.14 
28.03 
29.40 
17.98 
25.67 
15.55 
24.75 
21.46 
29.50 
29.88 
26.40 
25.60 
25.97 
15.27 
26.36 
5503.72 
12.15 
26.78 
22.27 
28.00 
19.11 
30.06 
29.91 
26.73 
17.50 
19.70 
27.96 
30.50 
17.38 
19.57 
28.34 
29.70 
17.07 
17.92 
8.32 
28.54 
26.02 
28.71 
23.49 
24.84 
9.17 
8.33 
21.63 
30.38 
30.71 
18.42 
26.32 
20.76 
17.89 
9.30 
26.95 
31.14 
29.95 
12.46 
23.19 
21.33 
23.16 
27.67 
20.94 
25.11 
21.06 
24.39 
18.01 
17.82 
15.62 
23.28 
11.90 
9.88 
13.19 
13.00 
16.13 
15.44 
7.93 
8.40 
28.94 
23.92 
27.19 
7.80 
24.95 
29.51 
29.29 
15.91 
27.53 
24.03 
14.80 
10.35 
23.86 
25.11 
18.70 
27.58 
27.35 
25.66 
20.42 
7.29 
7.26 
20.55 
7.82 
26.97 
25.76 
26.79 
23.37 
25.35 
22.73 
20.60 
6.86 
10.58 
15.83 
22.92 
13.36 
18.87 
19.86 
24.85 
24.44 
18.68 
19.05 
24.11 
13.88 
12.15 
7.14 
20.82 
6.14 
20.16 
11.65 
15.69 
13.55 
17.83 
15.12 
20.51 
21.54 
21.84 
21.57 
21.44 
21.31 
17.96 
20.91 
19.81 
13.90 
15.58 
5.26 
19.56 
19.57 
19.43 
19.16 
18.90 
18.76 
18.63 
18.37 
17.07 
14.63 
17.83 
16.05 
14.04 
15.68 
8.73 
9.52 
8.58 
15.19 
15.43 
15.91 
13.28 
4.18 
7.07 
7.93 
4.04 
14.80 
14.56 
5.49 
10.72 
13.75 
12.09 
6.92 
3.69 
3.65 
9.52 
5.38 
3.53 
9.38 
6.06 
12.75 
11.71 
12.43 
12.23 
9.71 
11.84 
11.74 
11.65 
11.46 
11.08 
3.07 
9.57 
10.73 
10.94 
10.86 
8.73 
10.53 
5.27 
8.55 
4.47 
10.26 
10.01 
2.75 
9.90 
9.22 
7.48 
9.74 
9.61 
3.26 
6.82 
9.48 
9.44 
9.41 
9.38 
9.26 
9.24 
6.14 
9.19 
8.92 
9.16 
9.06 
9.05 
9.04 
8.95 
8.95 
8.95 
8.95 
7.94 
8.80 
8.98 
7.37 
9.01 
5.95 
5.97 
9.07 
8.75 
8.52 
9.15 
9.19 
9.22 
9.26 
6.94 
9.35 
9.39 
9.44 
9.58 
9.73 
9.78 
9.75 
6.44 
8.50 
2.85 
9.26 
6.25 
6.21 
10.31 
10.48 
9.99 
10.64 
10.82 
10.91 
10.99 
10.98 
11.37 
11.46 
11.66 
11.75 
12.06 
12.16 
12.16 
11.53 
12.68 
12.90 
13.01 
13.01 
13.34 
13.57 
9.26 
12.47 
13.92 
14.04 
14.27 
13.94 
14.52 
14.18 
14.77 
10.52 
9.31 
15.14 
11.53 
15.15 
11.97 
15.77 
11.92 
13.27 
4.58 
4.63 
4.68 
4.73 
4.78 
17.96 
18.09 
18.22 
18.36 
18.62 
18.76 
19.03 
18.34 
19.43 
16.68 
15.41 
5.39 
20.09 
20.22 
20.35 
5.59 
11.20 
18.01 
21.00 
21.27 
21.54 
21.81 
18.41 
20.58 
18.62 
22.58 
21.06 
16.97 
22.94 
23.35 
21.19 
23.88 
17.88 
24.26 
16.36 
6.56 
24.58 
24.22 
19.33 
22.23 
23.73 
24.45 
20.28 
12.45 
11.07 
20.84 
14.05 
21.79 
11.44 
7.15 
25.87 
20.30 
21.18 
26.59 
25.04 
20.23 
21.43 
26.55 
28.58 
24.56 
28.72 
26.81 
23.41 
28.91 
27.15 
22.74 
7.73 
22.17 
19.40 
22.76 
23.13 
24.67 
28.21 
25.25 
22.29 
7.96 
19.35 
22.06 
29.11 
26.47 
29.01 
27.54 
23.20 
25.75 
9.15 
28.65 
21.62 
17.10 
27.54 
11.24 
23.03 
30.12 
8.25 
21.39 
26.79 
19.56 
28.67 
18.91 
16.73 
8.31 
11.35 
14.72 
25.51 
23.15 
21.30 
16.75 
18.44 
10.35 
17.09 
17.42 
8.32 
9.33 
15.39 
18.07 
8.31 
12.84 
29.48 
30.82 
29.96 
28.10 
24.22 
9.93 
9.24 
8.22 
12.91 
11.21 
20.75 
21.40 
20.37 
12.15 
29.02 
30.16 
30.13 
29.93 
18.55 
17.69 
9.00 
7.98 
25.25 
29.69 
24.50 
7.88 
19.29 
15.11 
13.75 
29.07 
17.97 
7.72 
7.69 
24.25 
23.38 
27.74 
25.88 
20.92 
17.77 
12.84 
26.93 
25.73 
8.01 
26.39 
27.61 
7.26 
20.71 
25.61 
16.57 
8.54 
27.11 
16.55 
25.67 
26.84 
26.43 
22.72 
24.51 
19.42 
19.50 
21.43 
25.06 
21.87 
7.94 
11.11 
6.47 
15.55 
24.87 
24.60 
23.43 
20.92 
19.92 
16.40 
13.64 
6.05 
16.27 
17.79 
17.69 
20.05 
21.81 
22.11 
21.41 
19.30 
20.73 
7.24 
12.36 
17.57 
9.84 
5.36 
17.22 
8.12 
19.70 
19.57 
19.43 
18.23 
17.44 
18.90 
16.54 
17.07 
18.36 
17.20 
15.80 
10.48 
16.06 
16.31 
16.43 
16.92 
16.42 
4.97 
7.22 
16.39 
15.42 
15.89 
15.52 
4.09 
10.18 
15.03 
14.79 
14.55 
7.91 
13.19 
13.97 
11.32 
11.99 
13.40 
13.40 
10.72 
3.53 
3.49 
8.57 
12.54 
11.61 
12.33 
4.42 
3.26 
10.63 
11.84 
11.65 
11.46 
11.18 
10.61 
11.20 
5.49 
11.04 
10.01 
10.32 
8.48 
10.46 
10.20 
5.20 
10.26 
9.83 
10.04 
9.99 
9.93 
2.70 
4.00 
9.78 
8.07 
9.00 
9.22 
9.01 
9.41 
9.29 
2.57 
8.89 
2.55 
2.54 
2.53 
6.86 
2.52 
9.05 
9.04 
6.24 
2.51 
7.59 
8.61 
9.04 
9.05 
9.06 
9.07 
9.09 
2.54 
9.13 
9.15 
9.18 
9.18 
9.21 
9.24 
9.28 
9.31 
9.35 
9.39 
9.44 
9.48 
9.53 
9.58 
9.73 
9.51 
9.84 
7.35 
9.97 
10.03 
10.19 
8.96 
2.92 
8.42 
10.48 
10.56 
10.64 
10.82 
10.91 
10.99 
10.88 
11.37 
8.25 
3.27 
11.86 
11.96 
3.38 
12.16 
9.75 
12.47 
12.58 
10.54 
12.58 
13.02 
11.37 
13.24 
13.02 
11.00 
13.59 
9.95 
10.38 
13.94 
14.29 
14.41 
14.65 
15.01 
15.14 
10.32 
4.34 
13.68 
15.89 
15.03 
16.40 
5.84 
16.66 
17.04 
14.74 
16.01 
14.58 
15.34 
16.25 
18.36 
18.09 
5.08 
19.16 
19.29 
10.28 
18.05 
17.34 
18.99 
5.44 
20.36 
15.27 
20.62 
13.05 
21.30 
21.43 
20.54 
21.39 
17.28 
12.69 
15.12 
8.55 
15.75 
22.85 
22.07 
6.23 
15.34 
22.86 
18.55 
19.10 
18.43 
19.13 
24.16 
18.84 
22.66 
19.17 
24.42 
24.83 
15.64 
24.70 
13.87 
24.89 
22.75 
7.03 
11.87 
19.94 
26.76 
18.79 
23.69 
15.84 
27.73 
27.80 
26.41 
24.20 
26.39 
25.31 
28.33 
21.66 
20.07 
15.35 
10.28 
27.81 
29.03 
26.60 
21.51 
29.19 
26.25 
25.63 
16.85 
19.05 
21.59 
28.13 
23.99 
27.04 
26.57 
8.03 
26.30 
11.25 
15.63 
13.64 
30.61 
30.64 
25.96 
17.92 
24.49 
30.73 
8.22 
8.23 
8.24 
8.25 
8.26 
8.27 
22.76 
28.16 
30.19 
27.17 
25.83 
13.03 
8.32 
25.00 
25.34 
23.66 
15.74 
25.01 
8.33 
28.03 
20.96 
15.23 
21.45 
26.50 
8.31 
24.96 
9.48 
8.29 
30.48 
27.10 
12.64 
30.94 
30.41 
26.03 
22.49 
8.21 
8.20 
14.72 
27.76 
22.05 
16.33 
8.12 
30.49 
29.46 
8.06 
16.21 
27.02 
21.66 
14.63 
25.74 
30.19 
28.32 
13.19 
7.86 
29.34 
13.92 
27.09 
26.88 
18.59 
20.68 
27.37 
24.85 
28.07 
24.25 
7.53 
21.20 
25.70 
23.03 
7.40 
19.18 
17.83 
20.03 
9.35 
13.00 
23.20 
26.33 
21.62 
7.06 
22.10 
12.53 
26.37 
24.54 
23.51 
25.30 
17.71 
8.76 
11.19 
24.59 
24.03 
22.85 
23.82 
24.94 
7.64 
14.26 
16.75 
24.03 
14.93 
12.01 
22.79 
23.12 
16.22 
15.83 
20.86 
22.34 
20.19 
11.43 
5.75 
16.99 
15.89 
18.47 
5.56 
9.42 
17.29 
20.50 
20.23 
20.10 
13.02 
5.21 
5.16 
13.14 
19.30 
19.16 
15.48 
9.74 
14.21 
18.10 
15.40 
11.72 
10.48 
17.57 
12.06 
7.86 
9.39 
16.78 
16.65 
16.40 
9.79 
14.11 
15.77 
12.82 
4.09 
14.34 
6.52 
13.99 
13.99 
13.87 
12.19 
13.75 
13.52 
10.13 
9.50 
10.92 
12.43 
12.96 
6.86 
11.81 
12.64 
11.61 
6.10 
12.33 
12.13 
12.04 
9.46 
11.75 
11.56 
9.91 
11.28 
11.01 
11.12 
11.04 
10.86 
10.79 
10.53 
4.90 
10.29 
10.50 
10.35 
10.28 
10.22 
10.08 
9.93 
9.61 
9.74 
8.90 
9.65 
9.52 
9.48 
2.60 
9.24 
9.12 
8.66 
9.07 
9.13 
9.19 
9.09 
8.99 
9.06 
8.88 
9.04 
9.04 
9.03 
8.44 
9.04 
8.28 
8.63 
9.06 
8.31 
9.18 
9.19 
9.13 
7.61 
9.27 
9.38 
9.41 
4.51 
9.49 
4.99 
9.30 
9.61 
9.66 
9.71 
9.76 
9.82 
9.87 
7.76 
9.72 
9.32 
10.12 
10.19 
7.18 
10.15 
10.41 
10.29 
8.27 
3.04 
10.82 
10.52 
10.89 
11.18 
10.07 
11.36 
10.14 
8.29 
11.44 
11.95 
12.05 
11.95 
3.49 
3.53 
12.69 
13.01 
13.12 
13.24 
13.46 
3.78 
5.06 
12.12 
14.16 
12.90 
4.01 
14.64 
14.18 
8.28 
4.19 
4.24 
4.29 
5.19 
4.38 
16.14 
7.95 
16.15 
16.53 
5.52 
16.66 
17.05 
16.40 
17.44 
17.70 
17.96 
13.85 
7.16 
18.09 
14.03 
18.89 
18.88 
15.72 
18.17 
19.13 
6.41 
20.08 
20.21 
20.34 
20.03 
18.72 
18.69 
20.98 
5.84 
15.82 
18.99 
21.61 
6.04 
19.31 
21.66 
22.52 
22.79 
22.90 
23.01 
23.12 
22.47 
21.19 
6.51 
14.90 
20.24 
21.88 
20.26 
12.99 
6.78 
6.82 
19.81 
13.55 
23.62 
25.13 
23.31 
20.19 
12.08 
7.15 
26.20 
26.28 
26.35 
26.43 
26.34 
17.30 
18.82 
19.04 
19.59 
27.18 
18.71 
27.47 
18.97 
7.64 
7.67 
7.70 
27.43 
25.32 
16.41 
23.09 
28.46 
20.01 
23.22 
25.75 
28.96 
21.16 
27.04 
20.05 
11.88 
18.43 
30.02 
23.34 
23.04 
30.11 
27.45 
19.24 
14.56 
21.13 
25.02 
23.19 
23.03 
9.42 
24.75 
20.55 
18.71 
18.39 
27.49 
29.35 
25.99 
30.38 
17.75 
21.29 
17.59 
27.36 
21.64 
23.49 
13.55 
16.41 
30.05 
27.69 
15.23 
24.31 
31.04 
30.70 
28.50 
27.48 
9.13 
12.99 
12.31 
27.59 
23.54 
21.68 
8.24 
25.34 
17.10 
30.66 
30.30 
25.92 
24.89 
19.68 
23.67 
15.12 
17.27 
19.41 
24.55 
19.69 
14.83 
8.81 
23.75 
18.73 
28.15 
24.96 
26.24 
26.03 
19.37 
26.10 
21.93 
21.88 
15.26 
19.65 
13.53 
23.65 
27.85 
28.44 
25.27 
22.44 
26.28 
28.48 
11.41 
11.37 
21.80 
27.53 
25.20 
12.31 
25.37 
24.81 
19.95 
14.17 
11.89 
18.31 
17.61 
25.86 
25.61 
25.20 
6.73 
6.69 
6.65 
10.15 
11.63 
6.51 
24.48 
24.07 
21.99 
17.05 
15.76 
23.77 
23.65 
21.45 
7.87 
6.05 
13.78 
10.92 
22.34 
11.79 
19.35 
21.97 
14.99 
17.59 
19.60 
5.56 
5.51 
17.85 
19.67 
9.49 
20.10 
17.38 
19.16 
13.64 
5.11 
13.44 
12.81 
6.53 
14.06 
17.20 
17.84 
12.84 
8.66 
6.05 
4.61 
8.43 
16.55 
16.42 
15.44 
16.16 
15.79 
15.31 
4.22 
13.40 
8.59 
13.65 
8.79 
9.05 
11.82 
13.99 
13.98 
12.97 
10.98 
3.73 
3.69 
6.25 
13.40 
13.29 
12.96 
12.85 
10.55 
9.74 
12.54 
12.43 
9.49 
4.57 
12.04 
11.94 
11.65 
9.30 
8.55 
11.28 
10.91 
7.68 
8.48 
10.49 
9.76 
6.15 
9.99 
8.36 
2.82 
3.62 
9.38 
2.75 
6.67 
9.58 
9.52 
9.48 
9.43 
9.39 
6.99 
5.48 
9.10 
2.59 
7.57 
7.98 
8.81 
8.87 
8.85 
8.58 
7.29 
8.81 
7.61 
8.45 
8.02 
8.10 
8.36 
8.27 
8.70 
8.80 
5.33 
8.82 
7.30 
8.85 
6.48 
8.21 
