20050101
9.93 
8.37 
9.52 
10.40 
2.91 
2.92 
9.85 
10.56 
10.04 
9.89 
9.84 
9.31 
5.96 
9.51 
11.04 
9.92 
9.48 
10.83 
10.70 
11.58 
8.51 
3.27 
3.30 
9.72 
9.38 
3.39 
3.42 
3.45 
12.00 
11.02 
12.72 
13.03 
12.36 
3.66 
10.34 
3.73 
3.77 
3.81 
3.85 
11.22 
8.31 
12.22 
10.91 
4.06 
4.10 
4.14 
4.18 
4.23 
12.31 
16.33 
15.72 
14.10 
14.96 
10.54 
8.98 
17.09 
15.04 
14.37 
10.19 
13.28 
17.07 
11.89 
18.51 
18.11 
17.69 
17.68 
17.39 
16.83 
8.25 
19.28 
19.68 
20.09 
15.85 
19.35 
8.78 
19.59 
20.29 
18.39 
16.75 
5.74 
16.66 
21.63 
21.75 
21.72 
20.64 
17.59 
22.06 
22.63 
21.38 
16.44 
18.52 
18.00 
23.34 
22.52 
16.71 
18.35 
10.44 
6.57 
23.49 
20.26 
15.75 
21.23 
25.62 
24.12 
22.76 
22.68 
19.05 
19.29 
8.65 
20.89 
25.52 
24.79 
7.17 
25.43 
25.34 
24.42 
24.98 
9.83 
21.80 
20.53 
26.91 
26.97 
25.53 
21.91 
16.44 
28.21 
26.09 
27.99 
29.39 
11.43 
25.28 
20.94 
7.80 
7.83 
20.88 
7.88 
10.10 
23.70 
25.60 
14.42 
17.34 
28.93 
29.13 
26.60 
14.03 
25.81 
13.73 
21.59 
14.28 
27.09 
26.26 
27.65 
29.89 
29.73 
27.19 
8.23 
28.75 
23.98 
8.26 
8.27 
20.76 
29.15 
17.18 
23.69 
25.75 
30.03 
26.61 
21.14 
26.96 
21.14 
23.71 
26.45 
27.30 
22.17 
20.28 
8.31 
8.31 
14.80 
8.30 
26.92 
27.25 
26.39 
8.28 
24.32 
26.52 
28.90 
28.54 
21.87 
11.80 
26.78 
21.14 
23.85 
8.17 
10.03 
16.30 
14.58 
8.11 
8.09 
8.07 
12.64 
15.33 
13.10 
8.00 
7.98 
19.45 
26.18 
24.45 
7.89 
27.91 
28.37 
17.57 
14.34 
23.03 
13.94 
12.40 
20.56 
23.35 
21.13 
7.60 
18.04 
12.19 
17.29 
7.47 
7.44 
7.41 
7.37 
15.07 
7.31 
15.63 
25.22 
25.47 
24.42 
21.26 
21.84 
10.77 
18.47 
17.44 
18.33 
14.42 
6.86 
17.65 
15.19 
18.45 
17.90 
14.99 
23.71 
22.68 
22.58 
22.02 
18.52 
20.13 
16.96 
6.31 
17.40 
9.87 
6.17 
15.93 
6.08 
12.47 
22.22 
16.77 
5.90 
5.85 
14.29 
18.14 
8.90 
14.17 
10.64 
17.14 
13.62 
6.18 
5.42 
5.37 
5.33 
7.36 
17.22 
17.38 
16.17 
5.09 
18.37 
18.79 
16.26 
13.76 
5.77 
4.80 
10.48 
16.46 
16.47 
17.37 
16.99 
15.61 
8.74 
4.43 
11.31 
14.53 
14.18 
14.43 
10.71 
4.17 
9.47 
14.82 
11.19 
14.24 
13.56 
12.30 
9.47 
9.73 
8.75 
3.76 
12.61 
12.52 
12.09 
11.35 
12.45 
7.63 
3.51 
7.09 
11.04 
9.81 
4.94 
10.29 
3.32 
3.29 
3.26 
8.39 
10.95 
10.98 
11.51 
10.55 
10.10 
3.09 
10.67 
10.03 
9.30 
10.70 
6.91 
4.59 
10.55 
9.85 
10.00 
8.74 
6.46 
4.66 
2.87 
9.28 
9.25 
8.95 
9.77 
9.38 
9.46 
9.54 
9.53 
2.81 
7.95 
8.23 
9.51 
7.03 
7.68 
7.41 
2.81 
2.82 
2.83 
2.83 
2.84 
2.85 
2.86 
2.87 
2.88 
2.89 
7.90 
10.19 
10.33 
7.52 
7.84 
7.30 
3.00 
3.02 
3.04 
3.07 
6.72 
3.11 
3.13 
4.26 
3.18 
3.21 
4.35 
9.08 
3.30 
3.32 
3.35 
8.40 
6.68 
3.45 
6.14 
6.09 
3.55 
6.41 
11.05 
12.13 
11.23 
3.73 
3.77 
13.53 
13.98 
13.51 
12.93 
8.39 
4.01 
4.06 
10.14 
4.14 
14.88 
15.36 
14.99 
14.86 
13.99 
4.41 
14.96 
14.19 
7.33 
9.57 
7.72 
4.68 
4.73 
17.60 
17.99 
15.47 
16.91 
16.36 
17.42 
17.55 
13.03 
15.32 
5.21 
6.65 
19.82 
19.25 
19.51 
17.37 
20.04 
5.55 
19.86 
16.79 
15.59 
9.25 
21.06 
21.77 
21.60 
19.93 
19.29 
8.73 
22.52 
21.87 
20.77 
17.97 
11.47 
20.92 
19.63 
9.65 
20.44 
16.32 
21.73 
17.42 
14.50 
20.74 
6.70 
19.16 
21.95 
20.43 
23.24 
19.30 
18.73 
18.96 
26.17 
24.63 
19.98 
24.13 
25.19 
25.10 
7.25 
17.01 
23.17 
21.25 
23.13 
25.51 
18.26 
26.14 
20.53 
7.55 
11.59 
19.00 
22.40 
12.87 
7.70 
27.42 
11.80 
13.68 
27.22 
28.96 
28.66 
27.18 
24.00 
22.51 
7.95 
7.97 
7.99 
22.80 
28.79 
10.94 
8.07 
8.09 
13.39 
29.95 
29.29 
25.22 
24.04 
24.06 
13.49 
16.23 
21.55 
23.10 
21.06 
26.03 
29.46 
20.41 
31.02 
26.75 
23.51 
8.29 
28.14 
29.86 
28.49 
29.18 
26.79 
20.63 
8.32 
21.83 
18.58 
26.78 
26.27 
21.99 
28.31 
25.05 
16.67 
22.48 
21.79 
8.28 
8.28 
21.58 
22.94 
23.10 
27.69 
23.75 
18.45 
8.21 
13.82 
25.72 
8.17 
8.15 
8.14 
17.13 
20.68 
22.53 
8.07 
13.65 
24.99 
26.31 
22.22 
16.77 
15.22 
7.93 
7.91 
7.89 
7.86 
17.60 
17.74 
7.79 
26.05 
28.19 
8.88 
18.89 
7.65 
24.64 
25.08 
24.70 
7.54 
7.50 
7.47 
7.44 
7.41 
8.20 
27.73 
26.18 
16.28 
9.85 
24.17 
15.30 
15.41 
7.09 
24.03 
16.37 
6.98 
17.69 
22.91 
6.86 
13.98 
6.78 
20.19 
20.59 
12.95 
6.61 
15.95 
20.71 
24.35 
9.23 
18.74 
24.49 
23.92 
23.66 
21.42 
21.31 
6.13 
18.10 
6.03 
20.29 
21.66 
18.30 
16.14 
19.12 
20.76 
17.89 
15.33 
6.91 
18.85 
16.61 
18.20 
18.93 
11.11 
18.70 
17.74 
18.04 
17.92 
14.81 
9.96 
15.14 
11.42 
10.40 
13.76 
16.03 
16.05 
10.48 
4.71 
6.59 
4.62 
11.92 
4.53 
13.99 
4.43 
4.39 
16.99 
15.40 
4.26 
13.24 
8.35 
6.03 
13.88 
12.95 
10.75 
14.25 
12.76 
13.23 
12.34 
14.50 
12.93 
13.39 
13.29 
13.41 
13.31 
7.26 
12.68 
3.51 
12.71 
13.46 
13.37 
6.40 
3.35 
3.32 
3.29 
3.26 
7.58 
3.21 
3.18 
3.16 
3.13 
3.11 
3.09 
9.79 
4.60 
3.02 
6.08 
10.74 
9.84 
3.71 
10.41 
2.92 
7.70 
2.89 
10.17 
2.87 
2.86 
2.85 
9.97 
6.44 
9.29 
9.92 
9.63 
9.99 
4.92 
2.81 
5.19 
8.78 
8.87 
2.81 
2.81 
2.81 
5.13 
8.18 
2.83 
2.84 
2.85 
2.86 
2.87 
6.81 
2.89 
8.46 
10.48 
10.33 
10.28 
8.99 
2.99 
3.00 
8.73 
9.65 
3.07 
3.09 
8.73 
11.66 
10.93 
3.18 
8.75 
8.71 
3.27 
7.70 
3.32 
3.35 
9.23 
10.46 
11.49 
10.83 
11.98 
12.50 
13.57 
11.71 
13.56 
12.89 
7.53 
11.07 
3.81 
3.85 
13.63 
14.31 
12.80 
8.11 
11.24 
14.65 
13.33 
9.47 
12.21 
12.43 
5.42 
13.87 
5.65 
15.08 
11.30 
13.29 
4.59 
4.64 
4.68 
4.73 
4.78 
9.70 
4.87 
4.92 
18.91 
18.10 
18.09 
18.62 
14.49 
19.56 
19.42 
15.50 
11.39 
5.41 
5.45 
5.50 
15.15 
5.60 
5.65 
5.70 
12.32 
5.79 
5.84 
18.78 
19.93 
21.09 
21.80 
21.46 
17.78 
6.17 
19.96 
21.59 
24.16 
23.96 
21.90 
6.44 
21.63 
23.29 
24.81 
21.44 
22.48 
6.70 
13.75 
23.23 
22.04 
12.16 
24.13 
23.90 
22.20 
16.92 
21.05 
24.06 
23.31 
7.17 
25.26 
27.15 
25.90 
25.97 
23.73 
23.79 
21.36 
26.41 
24.64 
27.37 
26.26 
26.65 
26.54 
24.91 
7.67 
28.04 
26.58 
17.19 
28.70 
28.74 
27.94 
20.20 
23.79 
28.74 
29.46 
28.65 
20.20 
22.09 
8.01 
11.09 
25.24 
27.82 
29.21 
28.90 
28.58 
29.46 
8.15 
8.17 
10.57 
12.29 
17.77 
23.43 
28.23 
21.74 
21.07 
22.28 
24.51 
26.40 
26.41 
8.29 
8.29 
26.43 
26.27 
24.90 
24.05 
8.31 
8.31 
8.32 
25.93 
8.32 
11.22 
23.02 
24.90 
26.26 
8.30 
23.34 
8.30 
8.29 
28.44 
25.35 
15.61 
26.01 
20.02 
15.92 
19.83 
14.87 
16.73 
30.17 
27.08 
25.02 
12.41 
19.19 
8.12 
20.00 
13.69 
19.95 
29.26 
8.04 
23.60 
10.37 
7.98 
9.65 
21.78 
7.91 
7.89 
7.86 
13.23 
7.82 
12.83 
18.17 
20.98 
22.28 
7.68 
7.65 
7.63 
15.42 
20.71 
20.66 
9.49 
22.71 
24.96 
24.57 
24.01 
22.30 
14.20 
19.07 
12.96 
19.76 
7.16 
19.64 
20.71 
25.33 
10.89 
6.98 
6.94 
15.22 
13.09 
19.08 
19.96 
20.04 
22.95 
7.60 
11.79 
24.71 
22.74 
22.80 
21.30 
22.13 
21.72 
20.25 
20.30 
17.77 
6.17 
6.13 
7.88 
6.03 
5.99 
10.84 
21.70 
21.43 
21.17 
19.74 
20.21 
20.09 
16.67 
5.57 
6.23 
11.13 
5.42 
5.37 
5.33 
15.53 
13.63 
6.28 
5.14 
5.77 
9.75 
14.90 
4.95 
9.40 
4.85 
11.47 
10.35 
17.50 
17.76 
17.25 
12.05 
15.99 
16.37 
15.88 
13.90 
11.71 
4.30 
8.13 
7.70 
4.17 
4.13 
13.40 
13.07 
11.57 
12.05 
14.37 
14.03 
14.38 
10.78 
3.76 
3.73 
3.69 
10.34 
11.35 
11.48 
3.55 
3.51 
3.48 
3.45 
3.41 
10.05 
11.01 
11.14 
11.78 
11.09 
8.19 
4.62 
8.38 
8.33 
3.13 
10.10 
9.75 
8.33 
10.81 
8.14 
3.00 
10.07 
9.55 
9.32 
6.25 
6.79 
7.14 
6.83 
2.88 
2.87 
2.86 
2.85 
9.32 
9.40 
9.38 
6.69 
2.81 
5.20 
2.81 
2.81 
2.81 
2.81 
2.81 
2.81 
2.81 
2.81 
2.82 
6.89 
8.94 
9.61 
9.63 
9.09 
10.24 
9.24 
2.89 
4.69 
2.92 
5.30 
8.37 
10.32 
2.99 
7.53 
5.25 
3.04 
3.07 
3.09 
3.11 
3.13 
3.16 
3.18 
3.21 
3.24 
3.27 
11.50 
12.09 
5.02 
11.95 
9.83 
4.83 
11.47 
11.77 
10.67 
11.51 
10.07 
11.69 
8.68 
10.98 
10.84 
10.59 
12.16 
10.99 
11.08 
13.03 
13.72 
11.47 
14.77 
13.09 
13.80 
11.24 
4.27 
11.92 
14.36 
12.61 
11.96 
13.06 
4.54 
4.59 
17.73 
17.60 
16.17 
13.81 
4.83 
18.12 
18.65 
18.51 
16.89 
18.36 
16.58 
5.16 
11.01 
19.42 
13.82 
5.36 
19.65 
17.51 
20.76 
17.73 
14.53 
8.11 
18.21 
10.57 
5.79 
5.84 
21.60 
21.12 
19.59 
22.25 
20.71 
6.12 
6.17 
22.25 
16.53 
16.00 
23.19 
23.60 
22.00 
16.32 
16.87 
10.66 
6.61 
21.37 
6.70 
6.74 
14.93 
23.96 
22.76 
17.21 
20.51 
23.33 
11.24 
7.06 
7.10 
7.14 
18.97 
24.77 
23.86 
22.44 
24.49 
26.04 
24.12 
23.85 
24.08 
13.15 
7.52 
7.55 
27.82 
25.70 
19.55 
7.67 
26.70 
7.72 
26.79 
15.20 
18.95 
25.07 
23.08 
17.53 
20.95 
7.92 
25.77 
18.67 
26.68 
29.27 
23.34 
25.24 
22.03 
23.93 
22.42 
24.83 
29.80 
27.09 
29.16 
20.30 
25.44 
27.00 
8.22 
26.86 
19.35 
18.51 
18.69 
28.28 
26.58 
18.20 
26.93 
8.29 
8.30 
8.30 
19.77 
8.31 
8.31 
8.31 
8.32 
13.96 
16.18 
8.32 
16.69 
18.74 
8.31 
11.55 
14.96 
11.71 
8.29 
8.28 
8.28 
24.66 
24.99 
23.78 
12.85 
29.89 
23.56 
8.21 
17.22 
18.57 
8.17 
28.23 
28.38 
8.12 
10.49 
19.98 
13.67 
14.50 
19.39 
24.11 
25.10 
26.59 
23.00 
22.63 
25.63 
22.05 
11.23 
18.11 
7.82 
9.97 
11.12 
17.79 
26.29 
25.91 
14.17 
21.13 
7.60 
7.57 
7.54 
18.95 
7.47 
10.25 
7.41 
7.37 
7.34 
16.50 
16.94 
15.90 
12.91 
20.03 
20.12 
7.09 
25.49 
23.95 
22.59 
22.67 
17.79 
9.09 
8.73 
10.27 
8.95 
24.69 
24.91 
21.36 
15.95 
17.44 
24.81 
10.93 
6.40 
6.35 
6.31 
22.89 
21.57 
22.22 
16.38 
20.20 
19.35 
5.99 
15.88 
5.90 
5.85 
18.09 
5.75 
14.70 
5.66 
5.61 
12.14 
15.75 
5.47 
5.42 
5.37 
11.04 
10.54 
14.87 
5.18 
5.14 
5.09 
17.43 
13.16 
15.86 
4.90 
17.35 
12.91 
17.23 
7.29 
13.91 
13.55 
12.18 
12.46 
4.48 
15.38 
7.73 
4.35 
4.30 
16.01 
16.49 
15.17 
14.70 
14.94 
9.79 
5.40 
9.97 
14.72 
13.81 
13.59 
13.48 
12.48 
12.39 
13.73 
9.79 
3.62 
11.80 
11.18 
3.51 
3.48 
5.24 
5.09 
11.82 
10.29 
11.35 
10.96 
11.20 
11.93 
10.55 
8.88 
3.16 
8.08 
10.49 
9.65 
10.28 
10.42 
11.04 
10.12 
8.64 
7.45 
2.95 
9.66 
9.05 
6.76 
7.39 
5.97 
7.62 
2.86 
4.98 
2.84 
2.83 
9.29 
9.55 
7.05 
9.62 
8.88 
5.66 
5.56 
9.70 
9.52 
7.31 
4.01 
9.08 
4.48 
2.83 
2.83 
9.70 
10.19 
9.75 
9.56 
3.89 
2.88 
2.89 
7.14 
6.98 
2.93 
5.52 
10.04 
8.93 
10.42 
11.05 
10.04 
9.80 
8.98 
8.54 
6.51 
11.23 
8.30 
3.21 
9.02 
8.26 
11.60 
12.09 
11.76 
11.11 
11.09 
9.80 
9.55 
3.52 
3.55 
3.59 
3.62 
9.38 
10.78 
10.76 
5.79 
10.37 
3.85 
11.57 
13.97 
13.96 
4.01 
6.29 
9.79 
15.12 
14.16 
4.23 
4.27 
4.32 
15.84 
11.61 
12.83 
13.19 
4.54 
12.63 
7.33 
15.02 
10.32 
16.42 
4.83 
4.87 
4.92 
15.56 
18.50 
17.14 
18.21 
17.10 
13.49 
7.20 
5.31 
19.11 
19.09 
16.23 
19.19 
19.16 
18.99 
19.98 
14.71 
5.74 
19.30 
19.86 
18.34 
22.76 
20.49 
17.14 
20.40 
17.18 
18.49 
19.80 
24.66 
18.62 
20.56 
21.90 
24.49 
24.60 
23.76 
23.71 
23.65 
18.84 
17.49 
18.68 
21.79 
14.83 
16.50 
24.62 
22.28 
13.94 
7.02 
24.14 
26.50 
24.95 
7.17 
17.71 
26.49 
27.22 
26.47 
25.22 
19.15 
18.38 
13.27 
23.64 
27.53 
23.25 
24.47 
25.36 
27.26 
25.64 
13.08 
7.72 
7.75 
26.67 
27.56 
7.83 
9.88 
21.59 
28.07 
28.44 
29.16 
28.18 
13.26 
29.27 
29.47 
28.48 
29.02 
28.70 
19.87 
8.12 
27.24 
30.17 
30.36 
27.65 
29.37 
27.68 
25.82 
27.37 
12.51 
19.88 
8.26 
29.47 
31.02 
28.98 
29.84 
22.32 
27.29 
23.19 
8.31 
13.10 
8.31 
13.96 
30.38 
28.50 
31.23 
27.47 
28.83 
28.14 
23.86 
13.09 
29.15 
30.51 
30.67 
30.66 
31.33 
29.78 
27.72 
22.07 
13.87 
23.41 
8.22 
31.38 
24.55 
12.10 
26.72 
13.77 
26.34 
25.29 
8.11 
8.09 
26.57 
21.79 
20.58 
21.57 
17.82 
8.99 
14.55 
28.88 
26.48 
15.48 
18.82 
7.84 
15.21 
11.99 
18.34 
26.17 
22.78 
7.68 
12.50 
13.30 
13.59 
16.71 
12.19 
17.29 
22.04 
27.28 
26.39 
26.48 
22.30 
8.78 
7.27 
15.74 
12.75 
25.56 
7.13 
17.63 
19.67 
7.02 
6.98 
17.37 
16.02 
19.95 
10.32 
23.77 
24.79 
22.01 
9.33 
6.61 
6.57 
6.53 
6.48 
6.44 
6.40 
23.72 
16.72 
18.93 
24.15 
21.01 
16.68 
20.20 
12.32 
19.69 
13.36 
5.90 
18.34 
21.46 
20.61 
18.90 
14.61 
12.51 
8.71 
5.52 
11.98 
5.42 
5.37 
15.91 
20.93 
20.94 
19.43 
20.53 
16.74 
12.45 
10.88 
4.95 
4.90 
4.85 
14.22 
18.14 
18.01 
16.09 
16.23 
17.88 
14.35 
16.24 
14.88 
15.76 
14.90 
15.52 
12.98 
4.21 
12.90 
12.56 
10.93 
12.95 
4.00 
10.55 
3.92 
14.72 
13.81 
12.36 
11.59 
8.84 
3.69 
3.65 
3.62 
3.58 
3.55 
3.51 
3.48 
10.62 
12.32 
11.82 
12.56 
12.48 
11.37 
12.52 
11.83 
10.75 
9.78 
7.63 
7.98 
3.11 
3.09 
3.06 
3.04 
3.02 
3.00 
7.97 
10.22 
6.28 
10.32 
10.56 
2.90 
9.92 
9.14 
2.87 
3.88 
7.49 
8.21 
6.62 
9.01 
9.00 
10.46 
10.26 
9.80 
10.16 
10.43 
8.50 
5.20 
6.67 
9.07 
9.45 
9.74 
8.46 
8.48 
10.72 
9.72 
9.75 
2.87 
2.88 
10.68 
9.68 
3.68 
2.93 
2.95 
2.97 
2.99 
9.55 
9.80 
12.18 
10.29 
10.06 
8.34 
3.13 
3.16 
3.18 
5.63 
9.73 
12.14 
12.73 
11.06 
13.42 
11.43 
10.14 
11.07 
13.70 
12.20 
12.72 
12.05 
8.87 
9.38 
11.89 
3.73 
3.77 
3.81 
3.85 
3.89 
10.16 
4.67 
14.42 
12.89 
4.10 
14.64 
10.55 
16.45 
16.09 
16.21 
13.99 
15.96 
14.33 
14.19 
4.54 
4.59 
12.08 
6.88 
4.73 
4.78 
15.62 
11.63 
14.78 
17.30 
14.46 
5.07 
6.75 
19.16 
19.98 
16.64 
17.87 
13.64 
5.41 
19.07 
19.76 
13.86 
5.60 
5.65 
15.15 
20.94 
11.08 
18.53 
14.19 
21.42 
21.83 
21.05 
22.52 
6.12 
6.17 
6.21 
23.28 
24.46 
21.18 
21.43 
16.55 
24.44 
23.14 
23.55 
13.71 
21.21 
6.70 
18.68 
24.98 
19.31 
14.57 
19.95 
6.95 
21.55 
8.81 
8.85 
7.10 
21.84 
26.83 
25.43 
17.28 
17.83 
24.98 
27.53 
27.60 
27.50 
28.24 
24.64 
12.02 
18.41 
25.14 
28.55 
27.43 
25.81 
24.01 
28.93 
28.48 
27.51 
26.89 
7.83 
26.63 
7.88 
8.92 
25.90 
29.84 
29.71 
16.66 
26.37 
27.94 
29.84 
30.04 
21.89 
8.10 
22.27 
29.46 
27.95 
17.90 
23.38 
8.19 
27.00 
25.82 
20.02 
25.33 
14.23 
14.58 
8.27 
10.84 
19.91 
14.45 
16.16 
19.76 
20.45 
17.20 
9.85 
17.55 
26.96 
28.50 
17.21 
14.81 
23.53 
26.61 
18.06 
8.31 
18.56 
10.86 
16.33 
8.29 
8.28 
27.23 
27.05 
17.99 
29.24 
28.54 
8.23 
25.78 
8.21 
8.20 
8.18 
8.17 
8.15 
8.14 
8.12 
23.06 
20.15 
23.01 
8.06 
28.55 
25.80 
26.28 
26.42 
23.34 
24.32 
14.49 
18.85 
12.24 
23.83 
12.02 
7.79 
12.46 
22.82 
21.10 
7.68 
23.19 
20.13 
20.09 
7.57 
7.54 
18.12 
7.47 
22.48 
7.41 
25.50 
27.40 
25.03 
17.76 
7.24 
7.20 
7.16 
7.13 
26.05 
15.62 
25.24 
24.20 
17.85 
18.59 
22.83 
22.42 
14.08 
6.74 
6.70 
11.69 
14.30 
20.33 
14.63 
12.85 
6.44 
21.21 
9.27 
21.47 
22.59 
22.33 
21.31 
19.25 
12.54 
6.03 
5.99 
5.94 
9.00 
5.85 
5.80 
21.49 
20.50 
17.20 
11.07 
18.28 
18.03 
19.90 
15.13 
16.71 
7.00 
16.78 
19.42 
19.84 
19.44 
15.65 
5.04 
13.56 
4.95 
4.90 
15.37 
15.53 
16.19 
16.59 
16.99 
14.06 
4.57 
4.53 
6.11 
4.43 
4.39 
4.35 
4.30 
4.26 
15.65 
14.21 
14.46 
14.94 
14.71 
14.94 
13.44 
12.07 
11.87 
13.25 
13.71 
12.93 
10.95 
12.18 
13.85 
6.23 
9.31 
11.61 
11.84 
12.29 
4.71 
10.64 
9.74 
7.70 
3.32 
9.12 
7.94 
9.51 
10.35 
5.88 
10.72 
9.07 
4.09 
10.24 
9.50 
7.41 
3.02 
3.00 
6.34 
10.50 
8.75 
7.48 
9.71 
8.92 
6.27 
2.88 
7.53 
9.83 
2.85 
2.84 
6.99 
8.92 
8.54 
9.45 
7.69 
10.35 
5.93 
6.85 
2.81 
5.38 
8.88 
2.81 
9.54 
8.72 
9.11 
6.99 
10.07 
10.09 
10.21 
2.87 
7.65 
2.89 
9.50 
10.48 
6.35 
2.95 
10.13 
9.60 
10.32 
10.09 
9.36 
8.53 
10.45 
8.34 
4.52 
9.04 
7.19 
3.21 
3.24 
3.27 
12.11 
9.72 
12.39 
9.65 
3.42 
7.68 
12.64 
12.52 
12.50 
11.29 
9.52 
9.93 
8.79 
3.73 
13.20 
3.81 
4.99 
6.98 
3.93 
13.61 
9.86 
4.06 
12.28 
13.81 
4.18 
4.23 
5.73 
4.32 
4.36 
4.41 
4.45 
4.50 
10.12 
4.59 
4.64 
4.68 
4.73 
13.67 
16.15 
18.12 
14.65 
13.01 
18.50 
17.95 
17.53 
18.47 
18.18 
16.50 
14.66 
5.36 
5.41 
19.78 
19.05 
20.17 
11.22 
5.65 
5.70 
18.75 
19.45 
17.64 
21.45 
21.57 
21.24 
21.65 
21.01 
22.48 
15.75 
17.06 
6.26 
17.54 
23.19 
23.14 
13.75 
6.48 
13.58 
22.76 
17.81 
14.88 
23.21 
22.82 
14.29 
22.52 
24.69 
22.85 
24.70 
26.41 
21.30 
19.42 
9.38 
15.96 
21.09 
26.25 
18.10 
20.47 
27.13 
24.89 
13.35 
24.85 
25.74 
25.64 
25.20 
7.55 
19.12 
28.55 
24.41 
7.67 
10.89 
15.30 
25.95 
29.20 
28.40 
22.87 
24.94 
28.37 
13.83 
22.68 
22.03 
7.97 
26.17 
28.42 
27.26 
23.54 
28.16 
23.59 
24.47 
26.88 
15.64 
24.53 
25.75 
30.55 
29.20 
26.83 
23.43 
25.15 
19.52 
27.06 
29.63 
15.96 
26.06 
24.53 
29.16 
29.68 
15.66 
13.26 
8.31 
16.69 
27.99 
24.74 
22.00 
24.05 
8.32 
8.32 
8.31 
27.63 
28.48 
24.03 
25.39 
20.94 
8.29 
15.97 
8.28 
20.90 
25.33 
21.56 
8.24 
28.18 
27.31 
30.87 
10.92 
24.70 
8.17 
23.13 
10.69 
8.12 
24.76 
8.09 
8.07 
11.28 
8.04 
12.08 
8.00 
18.97 
18.10 
20.26 
25.97 
7.89 
7.86 
7.84 
27.99 
23.58 
16.99 
11.93 
25.96 
22.40 
17.51 
19.80 
9.76 
22.70 
18.50 
12.98 
7.47 
11.74 
7.41 
7.37 
7.34 
12.07 
12.35 
9.36 
19.93 
24.91 
24.35 
18.27 
10.93 
11.69 
6.98 
11.27 
18.43 
18.99 
17.81 
12.65 
6.74 
14.11 
20.03 
6.61 
23.93 
23.05 
14.72 
17.74 
20.90 
8.96 
7.53 
6.26 
6.22 
6.17 
16.68 
14.04 
6.03 
13.73 
5.94 
21.84 
21.58 
21.02 
21.92 
20.64 
18.50 
14.95 
18.28 
14.90 
5.47 
14.99 
8.03 
16.61 
19.27 
15.01 
5.18 
16.03 
17.28 
14.47 
4.99 
4.95 
4.90 
4.85 
4.80 
16.19 
13.62 
12.88 
16.23 
15.60 
13.09 
4.48 
4.43 
4.39 
4.35 
4.30 
14.92 
11.67 
4.17 
11.49 
6.80 
4.04 
4.00 
3.96 
3.92 
3.88 
3.84 
3.80 
3.76 
3.73 
3.69 
3.65 
11.89 
10.72 
6.66 
6.82 
11.76 
11.78 
3.41 
3.38 
3.35 
7.23 
11.58 
10.48 
3.24 
3.21 
11.48 
3.16 
3.13 
6.55 
5.44 
3.06 
3.04 
6.11 
3.00 
2.98 
8.60 
2.95 
2.93 
2.92 
2.90 
10.77 
9.33 
10.14 
10.21 
9.44 
2.84 
10.14 
9.01 
9.73 
8.34 
7.69 
2.81 
7.22 
8.87 
9.24 
9.52 
9.43 
9.99 
2.81 
2.82 
2.83 
2.83 
2.84 
2.85 
8.07 
2.87 
10.46 
10.59 
9.97 
2.92 
2.93 
4.85 
2.97 
2.99 
10.04 
9.22 
8.97 
6.58 
3.09 
3.11 
3.13 
3.16 
3.18 
3.21 
4.35 
11.01 
12.11 
12.20 
11.76 
11.53 
7.83 
3.45 
3.48 
3.52 
10.13 
12.27 
12.80 
11.14 
6.47 
3.73 
12.30 
13.19 
14.66 
3.89 
14.31 
12.80 
4.01 
4.06 
4.10 
10.59 
15.12 
14.75 
14.99 
14.98 
11.77 
6.89 
4.45 
14.44 
4.54 
13.39 
14.26 
4.68 
12.01 
4.78 
4.83 
4.87 
4.92 
8.32 
5.02 
17.82 
16.71 
7.22 
16.53 
16.50 
19.68 
17.99 
17.82 
17.79 
8.78 
15.73 
5.60 
7.82 
5.70 
12.03 
12.11 
5.84 
21.45 
20.97 
21.38 
20.30 
19.50 
19.15 
18.03 
19.96 
21.59 
17.69 
6.35 
23.29 
23.55 
23.97 
24.23 
24.18 
23.02 
20.11 
13.05 
22.34 
22.11 
25.24 
23.56 
23.49 
25.19 
23.33 
7.02 
7.06 
7.10 
7.14 
18.31 
7.21 
7.25 
26.56 
25.97 
21.74 
20.15 
24.19 
24.25 
7.49 
22.03 
25.92 
25.65 
27.71 
26.26 
22.78 
25.52 
13.28 
21.40 
7.78 
18.27 
21.69 
25.28 
27.86 
27.73 
28.95 
26.95 
23.93 
7.99 
8.01 
19.94 
24.22 
27.82 
22.23 
30.95 
24.49 
26.56 
11.39 
28.99 
18.08 
20.32 
21.53 
8.22 
26.17 
26.19 
16.28 
8.26 
25.71 
24.01 
22.82 
30.18 
24.37 
16.17 
26.27 
28.49 
30.21 
29.01 
26.11 
21.32 
8.32 
17.55 
16.87 
8.31 
8.31 
8.31 
8.30 
8.30 
8.30 
8.29 
23.65 
27.23 
25.85 
27.20 
8.25 
15.23 
8.23 
8.22 
8.21 
8.20 
18.91 
28.42 
22.79 
8.14 
8.12 
25.44 
24.56 
23.86 
23.15 
8.04 
8.02 
8.00 
22.19 
27.40 
7.93 
15.51 
7.89 
7.86 
7.84 
20.43 
10.14 
7.76 
7.74 
19.43 
15.54 
20.35 
14.13 
23.09 
8.40 
7.54 
27.90 
22.54 
7.44 
15.33 
23.19 
7.34 
22.73 
24.47 
7.24 
7.20 
21.49 
7.13 
24.43 
26.46 
25.24 
25.32 
22.35 
6.90 
8.77 
13.03 
22.34 
6.74 
6.70 
6.65 
6.61 
22.36 
24.14 
19.69 
6.44 
10.72 
10.81 
15.65 
13.28 
6.22 
17.98 
18.80 
22.60 
22.19 
20.29 
21.81 
21.40 
17.02 
14.00 
5.75 
9.48 
5.66 
5.61 
5.57 
18.74 
10.14 
19.50 
19.09 
19.11 
18.44 
16.66 
16.83 
12.49 
17.55 
15.95 
14.63 
4.95 
15.75 
18.27 
15.40 
14.11 
16.85 
13.14 
4.62 
11.67 
17.37 
15.12 
13.76 
10.57 
4.35 
15.89 
14.80 
15.65 
12.06 
4.13 
12.11 
14.24 
12.38 
14.14 
14.49 
12.78 
9.28 
3.80 
3.76 
13.39 
11.74 
11.76 
6.88 
6.18 
3.55 
13.12 
12.71 
13.36 
12.53 
10.99 
8.32 
11.45 
3.29 
11.81 
3.24 
5.62 
3.18 
11.31 
10.26 
3.11 
11.22 
10.18 
11.00 
9.50 
9.83 
2.98 
2.97 
9.98 
9.75 
10.28 
2.90 
5.42 
10.08 
10.05 
8.63 
4.05 
2.84 
2.83 
2.83 
2.82 
2.81 
6.40 
8.78 
2.81 
2.81 
2.81 
8.51 
10.53 
8.52 
8.80 
8.08 
2.83 
2.83 
10.16 
10.37 
8.16 
9.84 
10.33 
9.62 
6.55 
8.27 
6.41 
2.93 
7.14 
9.18 
2.99 
3.00 
3.02 
3.04 
3.07 
3.09 
9.62 
9.48 
7.64 
3.18 
3.21 
7.90 
3.27 
3.30 
10.03 
3.35 
11.01 
8.15 
3.45 
3.48 
3.52 
3.55 
10.75 
12.47 
3.66 
8.57 
3.73 
3.77 
12.29 
12.16 
10.19 
3.93 
3.97 
13.60 
9.82 
4.10 
14.29 
4.18 
4.23 
9.51 
12.04 
13.25 
11.12 
13.33 
13.56 
4.54 
4.59 
4.64 
4.68 
4.73 
14.72 
13.65 
15.87 
18.25 
16.50 
5.02 
16.05 
18.21 
12.57 
19.29 
10.67 
5.31 
13.64 
5.41 
13.40 
5.50 
13.43 
15.54 
12.74 
12.10 
11.74 
20.18 
17.35 
20.41 
18.29 
20.34 
10.08 
19.95 
6.12 
18.03 
6.21 
21.59 
20.77 
19.02 
6.39 
15.15 
22.25 
21.10 
20.25 
23.96 
23.59 
24.63 
23.14 
17.64 
23.96 
23.08 
21.24 
22.77 
20.26 
7.02 
18.61 
20.47 
7.14 
7.17 
25.76 
26.32 
18.49 
20.86 
22.57 
27.44 
27.17 
24.25 
23.47 
22.86 
24.42 
21.80 
26.37 
13.01 
7.67 
14.59 
27.92 
28.14 
26.50 
7.80 
25.24 
21.90 
24.81 
7.90 
17.25 
23.56 
26.65 
21.24 
8.01 
25.55 
10.43 
19.31 
8.09 
9.47 
9.82 
28.44 
29.65 
14.99 
25.94 
8.19 
21.02 
11.98 
8.23 
8.24 
8.25 
8.26 
8.27 
12.38 
28.29 
25.74 
25.74 
21.30 
8.30 
8.31 
8.31 
18.75 
18.24 
8.32 
8.32 
8.32 
27.81 
22.33 
8.31 
27.28 
25.91 
8.30 
8.30 
8.29 
8.28 
29.11 
25.85 
13.21 
30.43 
27.35 
16.59 
8.22 
8.21 
8.20 
8.18 
8.17 
11.73 
8.14 
8.12 
27.48 
25.75 
8.07 
16.88 
22.45 
24.45 
10.20 
26.42 
27.06 
17.22 
7.91 
7.89 
25.22 
7.84 
27.15 
14.84 
12.46 
21.31 
27.63 
7.68 
26.19 
7.63 
7.60 
23.03 
24.97 
22.10 
7.47 
7.44 
16.32 
7.37 
7.34 
19.78 
23.65 
23.26 
25.31 
19.86 
7.13 
7.09 
17.24 
16.53 
23.39 
23.15 
6.90 
6.86 
24.02 
19.80 
24.31 
23.27 
22.23 
6.61 
6.57 
21.80 
6.48 
6.44 
6.40 
6.35 
16.42 
21.37 
6.22 
6.17 
16.68 
18.55 
6.03 
5.99 
5.94 
5.90 
15.70 
8.00 
5.75 
5.71 
15.76 
20.55 
19.71 
18.17 
5.47 
5.42 
5.37 
9.64 
19.41 
15.15 
11.21 
5.14 
12.00 
5.04 
15.17 
4.95 
14.96 
17.87 
4.80 
4.76 
6.26 
17.89 
14.82 
14.84 
4.53 
9.24 
16.37 
9.95 
4.35 
16.01 
13.34 
15.77 
13.85 
6.15 
4.09 
12.60 
9.01 
3.96 
3.92 
3.88 
13.36 
13.93 
3.76 
13.61 
13.18 
3.65 
3.62 
12.13 
13.00 
12.59 
3.48 
11.67 
11.90 
12.03 
11.84 
11.45 
11.17 
11.09 
9.51 
9.14 
3.18 
3.16 
11.74 
10.69 
11.22 
10.86 
11.10 
9.98 
9.54 
10.46 
9.36 
6.85 
10.13 
8.39 
2.90 
2.89 
10.55 
8.74 
9.93 
9.16 
9.42 
8.84 
5.32 
7.80 
2.81 
9.44 
9.34 
2.81 
2.81 
2.81 
2.81 
2.81 
2.81 
10.46 
10.01 
10.68 
10.79 
9.88 
10.09 
10.68 
8.65 
9.99 
9.27 
9.68 
5.00 
2.93 
9.80 
10.04 
9.32 
3.00 
11.34 
9.56 
8.05 
3.09 
3.11 
3.13 
5.25 
5.39 
11.88 
11.55 
10.50 
3.30 
3.32 
9.69 
10.17 
9.30 
9.48 
3.48 
9.95 
3.55 
3.59 
3.62 
10.26 
8.90 
3.73 
3.77 
3.81 
3.85 
12.71 
11.54 
11.06 
4.01 
4.06 
4.10 
4.14 
4.18 
13.06 
13.16 
13.76 
13.50 
4.41 
4.45 
4.50 
4.54 
4.59 
4.64 
17.34 
11.10 
15.77 
16.02 
4.87 
17.45 
16.50 
17.69 
14.70 
15.08 
17.10 
15.84 
14.98 
13.82 
19.53 
20.78 
20.77 
15.91 
5.55 
5.60 
5.65 
21.41 
20.94 
20.92 
18.97 
17.60 
16.80 
11.51 
6.03 
13.32 
18.39 
20.92 
6.21 
21.74 
14.92 
23.34 
23.45 
22.62 
22.57 
22.82 
22.13 
22.07 
6.66 
6.70 
19.64 
20.51 
21.08 
6.86 
13.67 
11.63 
6.98 
7.02 
22.35 
22.91 
23.80 
21.91 
19.36 
16.95 
9.43 
20.69 
17.94 
24.29 
23.19 
7.45 
25.14 
22.53 
26.59 
25.65 
21.18 
26.59 
18.75 
7.70 
7.72 
7.75 
25.32 
22.83 
19.66 
23.76 
25.32 
24.34 
22.85 
17.79 
22.91 
21.75 
27.39 
25.89 
17.75 
20.16 
29.90 
28.05 
31.48 
29.46 
27.78 
14.82 
9.20 
14.34 
30.59 
24.62 
26.69 
18.15 
31.84 
16.81 
24.68 
21.62 
25.90 
26.25 
20.95 
22.84 
10.53 
16.86 
8.31 
8.31 
8.31 
23.71 
18.75 
8.32 
26.96 
24.39 
8.31 
14.98 
28.47 
30.00 
14.45 
21.96 
8.28 
8.28 
8.27 
8.26 
23.10 
22.91 
14.20 
10.78 
8.21 
25.06 
27.77 
21.28 
27.04 
22.77 
23.25 
8.11 
8.09 
19.44 
8.06 
17.19 
14.45 
8.00 
9.33 
10.15 
19.42 
25.80 
25.59 
17.47 
7.84 
19.42 
11.32 
18.00 
22.15 
18.59 
7.68 
9.66 
9.46 
23.59 
24.53 
18.99 
25.08 
26.68 
24.63 
17.97 
22.69 
27.90 
24.87 
22.34 
22.28 
23.84 
22.63 
17.20 
16.65 
13.84 
20.08 
22.10 
25.40 
20.03 
6.86 
17.33 
6.78 
6.74 
6.70 
6.65 
21.83 
23.46 
22.74 
10.37 
14.80 
18.28 
15.58 
17.03 
6.26 
6.22 
17.68 
6.13 
13.89 
6.03 
5.99 
17.66 
15.94 
5.85 
8.88 
5.75 
5.71 
11.87 
7.77 
9.57 
18.03 
5.47 
11.90 
5.37 
5.33 
11.93 
8.67 
8.88 
17.12 
16.87 
12.45 
4.99 
4.95 
4.90 
8.27 
4.80 
17.23 
16.98 
15.70 
15.33 
15.60 
12.21 
4.48 
4.43 
4.39 
4.35 
4.30 
4.26 
4.21 
13.73 
13.87 
9.04 
4.04 
4.00 
3.96 
7.48 
13.92 
13.59 
12.47 
12.82 
13.06 
3.69 
10.23 
9.39 
7.69 
6.34 
12.27 
11.86 
11.14 
3.41 
9.21 
12.15 
9.19 
3.29 
3.26 
3.24 
8.34 
3.18 
4.95 
3.13 
3.11 
3.09 
3.06 
3.04 
3.02 
10.41 
6.05 
9.93 
9.79 
9.28 
2.92 
9.68 
5.33 
2.88 
6.51 
8.90 
10.46 
9.88 
2.83 
8.46 
10.38 
10.18 
5.94 
7.77 
8.60 
7.12 
9.33 
8.32 
9.80 
8.98 
4.57 
5.59 
7.54 
10.23 
9.33 
10.56 
