20050101
10.66 
10.69 
10.52 
11.14 
3.09 
3.11 
11.46 
10.91 
11.05 
10.60 
11.35 
10.80 
9.33 
8.15 
10.55 
11.64 
10.15 
11.57 
11.74 
10.65 
8.92 
11.00 
10.75 
11.68 
12.08 
3.57 
11.80 
11.67 
12.85 
12.94 
13.26 
14.59 
12.99 
3.84 
3.87 
3.91 
5.11 
3.99 
4.03 
12.61 
15.21 
9.43 
4.19 
12.51 
4.27 
4.31 
4.35 
12.14 
12.11 
17.26 
16.88 
16.74 
14.93 
4.66 
4.71 
17.75 
18.01 
15.47 
15.18 
10.04 
17.56 
12.78 
19.03 
19.57 
18.73 
19.41 
18.13 
17.83 
5.36 
20.33 
20.89 
20.73 
17.24 
19.67 
5.64 
21.22 
21.78 
5.78 
19.05 
5.87 
18.36 
19.97 
22.80 
22.16 
22.88 
20.08 
15.42 
23.53 
23.02 
21.41 
6.37 
22.55 
23.12 
24.01 
21.74 
22.78 
15.55 
6.66 
8.95 
23.63 
14.53 
22.19 
26.00 
24.14 
25.37 
26.27 
24.06 
23.97 
12.53 
20.17 
26.51 
26.26 
21.35 
23.74 
23.14 
25.87 
27.11 
26.34 
15.16 
23.27 
24.17 
27.26 
25.46 
23.82 
7.62 
27.99 
28.04 
28.43 
28.65 
9.97 
24.82 
24.01 
15.34 
27.84 
22.07 
7.90 
7.92 
28.85 
27.51 
26.51 
26.54 
29.49 
30.38 
29.89 
26.65 
25.47 
26.01 
30.16 
22.95 
28.65 
26.95 
25.93 
29.91 
31.13 
29.77 
17.71 
29.28 
17.04 
25.16 
8.26 
19.14 
27.60 
27.26 
18.64 
26.93 
30.04 
25.03 
27.97 
25.38 
25.90 
18.65 
29.35 
28.31 
27.79 
27.79 
8.30 
8.29 
8.29 
8.29 
24.48 
13.27 
27.05 
8.26 
26.17 
25.99 
22.01 
26.99 
28.35 
15.26 
19.38 
8.19 
23.30 
14.01 
14.68 
12.26 
20.48 
23.03 
14.61 
8.08 
27.75 
29.44 
23.08 
25.79 
7.99 
11.21 
27.57 
22.08 
7.90 
14.01 
25.55 
23.64 
7.81 
14.40 
16.74 
7.74 
11.60 
11.06 
12.04 
22.46 
7.60 
22.19 
18.45 
15.73 
16.52 
25.16 
23.10 
23.88 
14.67 
7.32 
27.67 
25.45 
22.90 
21.35 
25.89 
7.12 
24.75 
25.17 
21.67 
21.27 
20.39 
6.89 
18.47 
24.02 
21.85 
21.77 
25.51 
23.35 
22.47 
22.69 
23.07 
17.95 
22.25 
22.15 
20.35 
19.17 
15.84 
13.46 
6.19 
9.50 
21.60 
11.81 
6.01 
5.97 
19.97 
21.05 
21.08 
19.05 
5.74 
5.69 
5.65 
5.60 
5.56 
6.23 
9.17 
7.83 
7.77 
17.96 
19.94 
10.79 
19.42 
19.29 
18.35 
18.50 
15.14 
4.96 
4.91 
17.61 
17.63 
16.06 
17.12 
9.61 
4.64 
4.60 
12.32 
16.03 
14.28 
15.42 
15.06 
14.58 
4.30 
16.08 
16.45 
15.73 
15.14 
10.99 
8.54 
14.81 
13.42 
3.94 
14.50 
12.91 
13.50 
13.40 
11.62 
12.77 
5.36 
3.66 
12.95 
11.88 
8.77 
9.46 
3.50 
3.47 
3.45 
11.54 
8.43 
11.82 
11.65 
11.79 
11.21 
5.73 
10.99 
11.65 
12.20 
10.43 
10.59 
3.15 
11.30 
10.76 
10.91 
9.79 
9.96 
3.07 
3.05 
11.04 
11.50 
10.80 
10.58 
11.05 
10.55 
11.02 
10.43 
10.13 
2.99 
10.51 
10.61 
10.61 
9.65 
10.72 
3.00 
3.01 
3.01 
3.02 
3.03 
3.03 
3.04 
3.05 
3.07 
3.08 
7.43 
10.13 
10.96 
8.42 
8.45 
9.60 
3.19 
3.21 
3.23 
10.91 
3.27 
3.30 
3.32 
3.34 
3.37 
7.50 
10.19 
8.45 
5.72 
10.60 
9.59 
3.57 
10.16 
6.60 
3.66 
3.70 
5.41 
10.87 
10.72 
13.32 
10.65 
3.91 
3.95 
15.58 
14.99 
14.51 
15.69 
14.60 
13.62 
4.23 
11.50 
10.72 
15.52 
16.39 
14.62 
15.36 
15.09 
4.57 
16.35 
4.66 
16.06 
4.75 
4.80 
4.84 
4.89 
18.11 
18.78 
17.82 
17.12 
17.92 
18.45 
14.82 
5.26 
7.56 
5.36 
8.67 
21.46 
21.30 
19.41 
12.99 
21.10 
9.64 
21.34 
20.42 
14.30 
5.87 
22.26 
21.63 
20.83 
21.70 
14.95 
16.87 
23.11 
21.83 
21.62 
22.66 
9.18 
24.12 
20.92 
6.49 
23.80 
16.75 
22.56 
14.82 
6.70 
22.02 
13.24 
8.93 
23.73 
25.28 
22.92 
6.98 
20.29 
16.91 
25.70 
26.27 
7.17 
24.10 
26.00 
25.07 
7.31 
20.70 
22.93 
15.45 
26.23 
26.30 
22.99 
22.37 
16.17 
17.23 
7.62 
26.12 
23.79 
26.90 
7.73 
24.10 
13.23 
14.11 
27.29 
27.50 
28.05 
28.60 
25.39 
24.91 
27.51 
14.67 
8.00 
23.31 
29.52 
20.43 
8.07 
8.09 
8.11 
29.13 
30.53 
26.41 
27.81 
24.72 
26.81 
17.51 
26.66 
25.81 
25.48 
16.35 
29.64 
23.96 
30.87 
26.39 
27.60 
8.28 
25.20 
29.52 
29.87 
27.11 
29.70 
20.90 
8.30 
9.51 
19.86 
23.31 
27.79 
27.10 
23.12 
26.57 
18.46 
20.00 
12.41 
8.27 
8.26 
8.26 
26.33 
17.88 
28.37 
28.53 
16.81 
8.20 
8.19 
8.18 
17.27 
11.59 
8.14 
27.00 
9.82 
8.95 
8.08 
8.74 
17.28 
22.39 
19.97 
19.43 
15.48 
7.95 
14.40 
9.95 
21.67 
12.45 
22.62 
14.09 
15.25 
20.13 
7.74 
8.22 
17.99 
7.66 
7.63 
7.60 
7.57 
7.54 
15.73 
27.23 
21.32 
7.42 
20.88 
25.81 
23.92 
26.34 
25.94 
18.11 
7.19 
12.58 
21.55 
7.08 
7.04 
7.01 
18.18 
9.20 
6.89 
6.86 
10.03 
12.71 
24.33 
18.98 
6.66 
20.88 
24.27 
17.09 
12.14 
24.91 
23.87 
24.23 
21.80 
20.01 
6.23 
17.21 
13.92 
20.68 
22.09 
16.41 
18.57 
18.77 
15.55 
16.79 
19.94 
5.74 
7.30 
12.19 
19.06 
17.80 
14.54 
17.87 
18.04 
17.37 
16.42 
15.19 
16.21 
8.36 
5.14 
13.02 
17.01 
16.22 
6.03 
5.98 
12.83 
7.46 
13.70 
4.73 
4.69 
13.41 
4.98 
9.26 
16.41 
16.29 
4.42 
14.32 
15.08 
15.09 
14.01 
14.27 
12.96 
11.67 
15.15 
11.61 
14.11 
13.54 
13.56 
13.81 
13.71 
10.77 
13.18 
5.67 
8.97 
13.24 
7.63 
13.39 
12.65 
9.85 
9.25 
3.50 
3.47 
5.14 
3.42 
3.39 
3.37 
3.34 
3.32 
3.29 
7.98 
6.51 
9.72 
3.21 
6.91 
11.49 
11.14 
9.80 
6.89 
3.10 
4.86 
3.08 
10.61 
10.48 
10.26 
3.03 
7.79 
9.42 
10.66 
11.61 
10.63 
8.40 
7.63 
2.99 
6.85 
10.32 
2.99 
2.99 
8.02 
3.00 
9.39 
9.79 
3.02 
3.03 
3.03 
3.04 
3.05 
3.07 
3.08 
6.45 
11.12 
9.48 
11.41 
11.55 
10.80 
10.14 
10.09 
10.95 
10.09 
9.12 
9.89 
10.98 
11.77 
3.37 
7.29 
10.51 
12.17 
10.96 
9.53 
3.54 
13.36 
10.93 
12.66 
12.63 
13.61 
12.59 
13.35 
13.67 
13.32 
12.61 
3.91 
11.28 
3.99 
4.03 
10.83 
15.69 
14.72 
8.18 
11.29 
16.03 
12.70 
4.73 
9.39 
11.98 
11.69 
13.82 
12.00 
15.96 
13.09 
4.71 
13.94 
15.89 
16.40 
4.89 
4.93 
4.98 
5.03 
5.07 
19.02 
18.73 
18.57 
18.69 
14.31 
20.21 
19.91 
7.74 
9.95 
5.54 
5.59 
5.64 
10.81 
5.73 
10.36 
5.82 
19.76 
19.26 
5.96 
18.26 
20.49 
17.85 
21.16 
19.72 
19.51 
6.28 
17.52 
21.20 
23.80 
24.54 
22.12 
17.62 
23.10 
23.83 
24.89 
24.50 
22.99 
6.79 
6.83 
21.30 
21.54 
10.86 
22.84 
19.15 
24.80 
19.77 
24.29 
16.59 
22.45 
15.70 
23.08 
27.31 
20.53 
25.10 
24.16 
25.23 
22.09 
23.49 
27.59 
19.72 
25.85 
24.88 
26.80 
26.85 
20.95 
26.26 
28.18 
10.51 
27.76 
29.17 
27.67 
23.78 
28.95 
29.15 
30.05 
29.22 
19.99 
8.00 
8.02 
8.04 
24.22 
28.37 
25.81 
27.55 
28.95 
28.46 
12.28 
8.16 
15.42 
25.77 
26.30 
20.11 
27.37 
23.24 
24.97 
25.85 
28.45 
26.90 
9.31 
9.83 
20.02 
28.13 
28.83 
26.76 
26.76 
14.51 
8.30 
8.30 
9.86 
16.93 
12.79 
26.41 
27.44 
23.99 
8.29 
26.56 
16.04 
8.28 
10.17 
28.07 
18.07 
18.93 
26.32 
16.15 
24.22 
21.80 
13.36 
29.68 
21.24 
27.75 
10.73 
17.75 
13.96 
24.40 
21.46 
13.56 
23.64 
8.04 
25.47 
11.77 
27.98 
12.06 
13.06 
14.75 
20.17 
20.99 
13.81 
18.37 
18.34 
10.67 
18.44 
19.25 
20.90 
19.17 
7.66 
13.36 
11.81 
11.61 
14.76 
25.45 
20.37 
20.82 
21.60 
19.05 
7.36 
8.49 
25.35 
12.71 
18.94 
20.69 
27.70 
25.98 
17.39 
7.04 
7.01 
6.97 
19.41 
6.89 
7.98 
6.82 
20.73 
20.65 
6.70 
24.62 
22.78 
23.64 
18.66 
20.62 
23.50 
19.97 
21.28 
19.79 
6.28 
8.85 
8.95 
19.72 
11.72 
13.62 
17.01 
20.97 
22.06 
21.50 
20.64 
17.29 
17.33 
5.69 
5.65 
5.60 
5.56 
5.51 
5.46 
8.25 
9.04 
5.32 
5.28 
5.23 
5.19 
15.31 
5.09 
5.05 
5.00 
4.96 
5.85 
18.41 
18.55 
17.51 
17.26 
4.69 
15.73 
16.77 
16.52 
15.90 
16.04 
5.17 
6.00 
13.97 
4.30 
13.15 
15.84 
15.49 
13.82 
15.03 
14.57 
14.34 
11.21 
14.26 
6.78 
13.37 
7.70 
3.79 
11.29 
11.88 
4.25 
3.66 
5.38 
3.59 
13.10 
11.83 
11.65 
10.51 
11.82 
12.38 
9.69 
7.85 
5.83 
3.32 
12.34 
12.07 
11.71 
6.07 
10.18 
9.53 
9.59 
11.64 
11.69 
11.05 
7.95 
9.89 
5.34 
9.44 
3.05 
5.97 
6.34 
10.80 
10.68 
11.05 
8.13 
5.32 
10.24 
6.18 
2.99 
2.99 
2.99 
5.50 
4.54 
10.34 
3.00 
3.01 
5.72 
11.27 
11.39 
11.31 
11.93 
11.47 
11.31 
10.55 
10.98 
3.11 
5.70 
4.43 
3.15 
3.17 
6.31 
8.47 
3.23 
11.42 
4.40 
10.10 
3.32 
3.34 
3.37 
5.81 
10.93 
3.45 
8.29 
11.14 
3.54 
12.27 
11.59 
4.73 
6.99 
13.50 
13.37 
9.41 
13.22 
13.09 
13.53 
4.61 
14.42 
3.99 
12.99 
14.74 
13.54 
13.04 
15.56 
14.94 
16.16 
15.41 
15.65 
14.89 
9.59 
8.66 
13.57 
16.48 
10.55 
16.46 
5.36 
4.75 
17.48 
17.60 
18.39 
18.25 
4.98 
13.87 
19.72 
19.85 
19.42 
17.88 
19.67 
12.62 
8.04 
20.05 
18.89 
5.50 
17.38 
15.02 
18.76 
19.17 
20.46 
12.14 
21.58 
5.87 
9.07 
17.86 
19.77 
21.55 
22.58 
21.62 
22.64 
6.23 
6.28 
21.57 
19.17 
6.41 
23.59 
23.38 
17.62 
18.81 
13.79 
21.85 
6.70 
18.97 
18.56 
6.83 
14.33 
25.77 
23.57 
22.18 
22.59 
23.97 
13.02 
13.90 
7.17 
7.20 
15.04 
26.74 
26.81 
22.87 
26.27 
27.18 
26.23 
26.63 
26.86 
24.39 
23.94 
17.39 
27.93 
27.48 
27.36 
9.91 
11.98 
21.54 
26.18 
12.24 
19.10 
25.79 
26.34 
22.78 
8.60 
16.17 
25.45 
25.31 
28.09 
28.46 
27.46 
24.73 
22.18 
28.56 
23.08 
8.12 
29.84 
18.83 
29.19 
29.38 
26.12 
28.37 
8.21 
21.85 
23.76 
8.24 
26.88 
27.75 
20.52 
13.97 
28.64 
13.29 
8.29 
8.29 
27.97 
8.30 
19.17 
24.35 
19.00 
11.41 
12.10 
24.69 
20.37 
23.65 
27.78 
21.22 
27.42 
27.76 
8.28 
13.96 
21.18 
24.62 
27.02 
25.46 
10.13 
26.46 
18.02 
8.20 
13.00 
19.69 
8.17 
27.21 
28.91 
8.12 
8.11 
23.86 
8.08 
8.06 
8.04 
8.71 
27.32 
7.99 
22.99 
22.62 
25.66 
21.02 
28.48 
12.28 
21.60 
20.55 
20.17 
18.95 
29.57 
26.48 
21.37 
23.68 
19.26 
23.25 
24.88 
22.82 
24.44 
14.51 
13.13 
7.42 
7.39 
26.31 
21.43 
7.29 
20.82 
13.33 
20.86 
7.15 
23.85 
26.23 
23.37 
16.13 
17.05 
14.88 
22.90 
22.01 
6.82 
24.10 
25.29 
23.28 
22.56 
22.78 
24.11 
22.76 
12.46 
21.31 
10.15 
11.96 
22.27 
23.86 
23.91 
21.35 
23.53 
22.81 
20.13 
10.23 
8.22 
19.52 
12.27 
8.05 
5.79 
5.74 
5.69 
18.15 
5.60 
6.71 
10.81 
17.58 
19.60 
19.77 
14.17 
5.28 
5.23 
19.69 
17.64 
5.09 
7.49 
18.11 
17.59 
18.54 
13.90 
17.76 
15.93 
11.91 
17.27 
8.12 
14.08 
4.55 
4.51 
5.22 
17.05 
16.43 
16.44 
15.95 
15.47 
5.67 
4.17 
7.36 
14.79 
15.16 
13.17 
15.41 
14.14 
7.70 
14.05 
10.88 
11.82 
14.21 
14.11 
12.35 
12.93 
5.82 
3.59 
6.60 
11.83 
12.19 
12.32 
12.25 
12.28 
12.52 
9.21 
3.34 
5.90 
11.32 
5.01 
12.12 
11.55 
11.80 
10.94 
11.19 
10.64 
3.14 
9.76 
10.91 
11.37 
10.94 
4.14 
10.68 
3.04 
8.29 
4.68 
9.90 
10.37 
10.94 
10.83 
10.05 
10.91 
6.56 
2.99 
10.42 
11.19 
11.39 
11.30 
11.41 
6.59 
9.21 
5.64 
11.09 
11.61 
11.63 
11.54 
11.27 
4.93 
7.01 
5.26 
9.14 
11.06 
4.43 
11.95 
11.20 
12.16 
12.32 
11.06 
12.34 
12.09 
9.99 
9.22 
12.19 
6.82 
3.40 
11.67 
7.06 
12.89 
12.97 
12.51 
13.03 
13.23 
13.10 
13.08 
3.70 
3.73 
3.77 
3.80 
8.41 
7.78 
3.91 
3.95 
3.99 
4.03 
11.66 
15.09 
14.60 
4.19 
8.61 
13.34 
15.29 
4.35 
4.40 
4.44 
4.48 
17.13 
14.82 
16.99 
6.61 
4.71 
8.56 
14.57 
7.77 
9.43 
14.21 
13.37 
15.91 
13.42 
16.27 
19.98 
19.41 
19.11 
20.22 
5.36 
14.36 
5.45 
20.15 
20.27 
18.94 
19.93 
20.49 
22.08 
21.16 
19.65 
5.87 
22.26 
20.27 
15.08 
21.85 
22.27 
20.70 
20.95 
18.12 
17.44 
7.25 
24.32 
19.26 
19.82 
22.91 
19.36 
25.17 
23.67 
25.53 
24.50 
20.42 
19.21 
22.52 
18.71 
19.10 
17.22 
26.43 
25.54 
22.50 
7.09 
20.83 
27.01 
24.27 
11.72 
19.58 
27.81 
28.05 
26.78 
25.50 
26.57 
27.47 
10.36 
26.75 
28.33 
27.88 
28.44 
28.66 
28.72 
27.75 
7.73 
7.75 
18.34 
24.01 
27.29 
7.85 
9.24 
22.61 
30.18 
30.56 
29.05 
26.51 
29.80 
26.40 
30.72 
27.31 
30.26 
30.11 
23.94 
8.12 
27.43 
31.41 
31.94 
31.27 
30.77 
26.48 
30.11 
30.82 
11.16 
28.94 
8.25 
19.47 
31.39 
30.88 
30.37 
31.41 
22.09 
27.10 
24.17 
27.80 
15.72 
8.30 
30.39 
21.07 
32.11 
31.76 
31.24 
29.34 
29.33 
26.74 
21.56 
29.31 
31.71 
31.36 
31.86 
31.85 
30.12 
17.19 
20.28 
27.84 
8.21 
30.73 
24.52 
24.33 
25.86 
8.15 
30.80 
29.57 
8.11 
8.09 
22.64 
27.93 
8.04 
20.68 
26.13 
22.34 
20.43 
25.35 
27.87 
15.74 
14.86 
14.32 
23.47 
13.07 
11.35 
13.86 
19.93 
7.71 
7.68 
26.38 
21.95 
27.46 
23.54 
13.25 
28.13 
27.73 
28.00 
26.11 
26.71 
20.16 
7.32 
19.72 
7.26 
16.96 
7.19 
7.15 
22.70 
13.95 
15.37 
10.92 
21.76 
22.01 
6.89 
25.72 
24.83 
25.54 
21.93 
14.35 
6.66 
6.62 
6.58 
6.53 
6.49 
24.60 
7.65 
18.64 
23.82 
21.86 
15.76 
14.92 
21.09 
21.75 
19.07 
8.72 
10.92 
22.65 
22.69 
20.64 
5.79 
21.30 
18.69 
18.30 
15.59 
16.50 
18.69 
15.30 
16.34 
20.89 
20.49 
19.38 
18.84 
13.20 
12.28 
17.53 
15.24 
12.16 
11.27 
17.73 
18.68 
18.42 
15.01 
18.43 
11.04 
17.53 
16.64 
17.16 
16.53 
16.42 
14.92 
16.31 
15.82 
12.27 
13.52 
15.00 
4.17 
7.72 
12.89 
15.51 
14.23 
15.41 
13.79 
14.73 
8.21 
6.22 
3.79 
3.76 
3.72 
3.69 
3.66 
10.54 
12.75 
6.49 
13.24 
12.29 
12.75 
12.35 
12.49 
12.62 
11.61 
3.34 
3.32 
3.29 
11.15 
3.25 
11.65 
7.55 
3.19 
6.38 
11.94 
3.14 
12.04 
11.61 
8.61 
3.08 
3.07 
3.05 
3.04 
10.63 
10.90 
3.60 
9.69 
3.01 
5.80 
11.59 
11.29 
11.48 
11.48 
11.29 
9.94 
9.94 
10.92 
8.03 
10.65 
10.86 
10.49 
11.39 
11.51 
11.15 
5.60 
3.07 
11.44 
11.97 
11.22 
11.16 
3.14 
6.15 
10.00 
11.25 
11.10 
12.07 
12.24 
12.61 
12.06 
6.43 
10.63 
3.37 
3.40 
12.83 
12.80 
13.31 
12.22 
13.92 
12.70 
11.91 
13.54 
14.18 
10.16 
13.71 
14.37 
13.11 
13.66 
5.83 
3.91 
3.95 
3.99 
4.03 
4.07 
5.18 
8.83 
14.47 
14.09 
13.09 
13.68 
10.19 
17.01 
15.50 
17.77 
17.13 
16.10 
11.96 
15.82 
4.71 
16.17 
16.42 
10.82 
4.89 
17.98 
17.29 
8.56 
13.42 
12.83 
16.93 
18.16 
7.50 
20.36 
20.77 
19.48 
17.88 
12.82 
5.54 
14.01 
20.66 
15.06 
10.59 
7.40 
12.21 
20.35 
5.92 
20.27 
11.61 
22.01 
23.64 
19.62 
23.57 
20.44 
22.24 
8.81 
23.39 
24.90 
23.75 
24.96 
21.42 
25.48 
25.43 
25.53 
13.12 
14.79 
6.79 
8.77 
26.00 
15.69 
23.57 
19.24 
22.09 
23.97 
22.40 
16.70 
7.17 
24.60 
27.49 
27.57 
18.64 
24.37 
28.11 
27.85 
28.42 
28.82 
27.70 
27.76 
24.78 
22.47 
24.21 
29.68 
29.56 
23.84 
27.29 
29.88 
30.10 
28.95 
22.51 
22.03 
29.93 
7.90 
7.92 
26.10 
30.77 
30.46 
21.05 
22.79 
30.38 
30.40 
31.12 
24.78 
8.11 
23.44 
29.84 
30.37 
31.60 
29.38 
24.22 
18.89 
25.63 
24.43 
29.28 
27.22 
28.44 
14.47 
18.96 
22.94 
28.64 
27.96 
24.68 
29.17 
29.18 
8.30 
19.52 
25.90 
29.18 
28.32 
14.69 
8.30 
17.44 
18.47 
28.12 
25.36 
29.66 
28.79 
18.10 
8.27 
14.98 
29.61 
31.50 
28.21 
31.98 
25.26 
25.24 
22.99 
21.08 
29.83 
24.31 
21.20 
8.14 
9.32 
27.66 
8.09 
22.30 
8.06 
22.42 
24.96 
24.76 
27.63 
21.80 
23.13 
24.63 
24.60 
24.39 
25.72 
26.02 
28.36 
7.79 
16.24 
20.43 
7.71 
23.22 
27.73 
17.23 
13.66 
8.92 
7.54 
7.51 
7.48 
19.65 
10.92 
28.54 
27.31 
24.92 
23.19 
7.26 
7.22 
18.88 
15.54 
11.05 
9.37 
16.84 
21.18 
16.40 
25.57 
25.16 
23.47 
6.82 
15.60 
19.05 
9.57 
18.90 
10.74 
6.58 
6.53 
10.73 
10.20 
22.78 
22.99 
21.80 
20.62 
20.07 
6.19 
19.26 
17.80 
6.06 
6.01 
5.97 
5.92 
21.64 
22.27 
15.07 
18.65 
10.81 
19.75 
19.35 
20.39 
18.84 
10.88 
16.20 
20.33 
20.63 
20.36 
20.09 
17.90 
19.02 
18.35 
14.29 
16.08 
15.17 
18.40 
16.82 
18.42 
18.56 
4.73 
4.69 
4.64 
4.60 
8.37 
13.62 
13.90 
8.55 
15.81 
15.33 
15.83 
16.32 
15.60 
16.09 
14.78 
15.03 
14.80 
14.70 
14.47 
14.49 
14.73 
13.71 
14.64 
14.42 
13.87 
11.77 
13.57 
14.03 
10.10 
13.74 
13.00 
13.13 
11.65 
13.28 
13.09 
7.95 
12.83 
12.55 
11.75 
12.62 
10.70 
12.28 
12.01 
11.95 
3.21 
6.81 
9.89 
11.94 
11.79 
10.46 
11.51 
11.27 
11.33 
11.30 
10.97 
11.43 
10.04 
3.03 
11.07 
11.15 
11.23 
11.21 
11.11 
9.65 
8.97 
11.00 
10.22 
7.33 
11.29 
9.47 
11.12 
10.46 
11.25 
8.45 
11.19 
11.61 
11.63 
6.67 
11.11 
10.85 
11.28 
11.91 
11.76 
3.14 
12.35 
9.29 
11.76 
11.81 
11.77 
11.32 
12.30 
12.57 
12.12 
11.05 
11.42 
11.60 
10.29 
5.79 
13.21 
12.75 
13.16 
12.05 
3.60 
4.84 
14.18 
14.06 
14.38 
13.80 
13.79 
12.17 
12.49 
8.19 
14.66 
3.99 
12.16 
14.51 
4.11 
14.48 
14.83 
4.23 
12.97 
15.53 
9.32 
8.39 
16.51 
7.52 
15.35 
16.10 
9.90 
16.20 
4.71 
4.75 
4.80 
4.84 
9.03 
16.37 
16.61 
19.72 
19.31 
15.58 
19.98 
20.11 
19.95 
20.36 
20.35 
19.34 
19.74 
20.01 
9.15 
21.26 
21.39 
21.37 
17.95 
16.43 
7.61 
17.81 
22.11 
22.08 
22.50 
22.77 
22.88 
23.30 
21.88 
23.37 
22.71 
23.28 
19.17 
15.81 
23.75 
24.17 
22.69 
14.36 
18.10 
23.29 
23.86 
11.41 
25.66 
25.59 
26.33 
22.19 
25.69 
26.60 
25.70 
27.42 
25.70 
24.79 
7.17 
22.61 
25.67 
27.24 
22.64 
25.04 
28.78 
27.34 
19.02 
23.61 
25.35 
26.41 
24.95 
26.02 
19.30 
24.09 
24.98 
7.70 
7.73 
7.75 
27.55 
30.32 
28.48 
30.06 
29.25 
29.63 
22.47 
29.70 
23.74 
7.98 
25.68 
26.23 
30.21 
29.37 
29.23 
27.19 
27.90 
30.50 
30.35 
23.14 
30.05 
30.93 
30.94 
29.75 
29.25 
25.81 
8.23 
28.25 
26.71 
26.03 
26.04 
21.04 
30.71 
31.58 
27.62 
23.65 
15.72 
14.34 
24.00 
26.59 
26.25 
28.83 
11.75 
8.30 
14.51 
25.54 
25.02 
26.22 
18.46 
22.07 
25.51 
11.37 
8.26 
19.11 
27.19 
21.84 
8.23 
29.21 
30.92 
29.87 
8.19 
24.50 
24.14 
25.32 
22.90 
22.54 
25.60 
16.66 
19.21 
17.31 
24.99 
17.26 
8.01 
20.63 
26.41 
9.31 
26.85 
22.21 
24.05 
7.86 
24.32 
23.77 
15.42 
7.76 
23.14 
22.08 
13.09 
7.66 
17.23 
22.41 
22.36 
14.09 
16.06 
25.39 
25.16 
24.94 
7.39 
7.36 
7.32 
7.29 
7.26 
26.04 
24.32 
23.92 
24.01 
27.05 
23.37 
24.44 
15.10 
16.98 
20.96 
22.01 
22.09 
6.78 
8.02 
6.70 
18.90 
21.04 
19.22 
6.53 
19.99 
9.42 
6.41 
6.36 
6.32 
6.28 
6.23 
13.23 
10.87 
7.32 
6.81 
23.49 
22.47 
23.25 
21.79 
22.27 
21.41 
21.00 
20.59 
18.15 
5.60 
17.51 
19.12 
10.74 
20.17 
19.91 
9.11 
17.57 
19.54 
15.55 
17.23 
5.09 
5.05 
14.46 
7.64 
11.86 
17.61 
18.29 
17.51 
17.52 
16.75 
16.24 
14.46 
16.78 
11.09 
4.47 
16.42 
15.93 
4.34 
15.09 
7.30 
13.18 
4.17 
13.22 
14.20 
13.50 
7.07 
3.98 
3.94 
14.50 
4.67 
3.83 
10.13 
13.53 
12.21 
4.80 
13.92 
12.51 
10.79 
3.56 
3.53 
4.68 
12.32 
13.09 
11.54 
9.79 
12.97 
11.55 
9.10 
3.29 
9.21 
3.25 
3.23 
11.70 
10.33 
10.89 
3.15 
3.14 
3.12 
3.10 
3.09 
11.92 
11.89 
11.46 
11.24 
11.41 
10.22 
11.17 
11.15 
11.23 
10.63 
9.66 
2.99 
3.96 
8.49 
10.90 
10.23 
10.71 
11.01 
9.38 
9.88 
5.05 
5.93 
3.03 
3.03 
6.27 
3.05 
11.40 
11.73 
11.28 
11.02 
5.31 
3.14 
3.15 
3.17 
11.96 
11.71 
9.23 
9.17 
4.81 
3.30 
3.32 
3.34 
6.30 
3.40 
3.42 
11.53 
12.14 
13.18 
13.16 
11.94 
11.04 
8.25 
3.66 
3.70 
3.73 
13.80 
13.90 
13.66 
9.05 
12.12 
11.98 
14.76 
14.75 
12.61 
15.45 
13.40 
4.19 
5.69 
4.27 
14.05 
16.02 
16.51 
16.63 
15.87 
13.44 
15.59 
15.44 
17.11 
7.32 
12.24 
17.21 
16.54 
17.32 
13.81 
4.98 
15.78 
9.18 
15.86 
5.17 
19.27 
18.55 
16.28 
9.60 
17.49 
20.60 
20.01 
18.83 
12.56 
10.45 
17.55 
19.43 
12.88 
12.66 
10.65 
14.91 
5.96 
19.62 
22.46 
22.73 
21.46 
21.11 
20.75 
16.20 
21.72 
22.60 
21.61 
6.45 
23.38 
24.11 
24.37 
24.63 
24.89 
24.66 
21.54 
6.79 
17.50 
16.43 
23.00 
21.45 
23.82 
25.54 
22.33 
20.59 
23.30 
7.17 
13.66 
24.17 
25.57 
7.31 
27.71 
27.11 
26.51 
15.33 
21.08 
20.29 
27.09 
24.44 
26.86 
27.93 
26.46 
27.36 
19.93 
17.25 
24.10 
11.19 
20.60 
7.83 
18.27 
26.51 
28.09 
28.30 
29.53 
29.39 
28.91 
26.03 
20.21 
8.04 
25.59 
12.03 
27.02 
26.01 
29.99 
26.22 
8.15 
28.67 
29.03 
8.19 
21.82 
25.28 
29.09 
28.07 
15.66 
25.85 
24.82 
27.42 
17.42 
31.23 
28.82 
26.75 
24.34 
31.42 
31.08 
27.80 
28.49 
27.45 
27.45 
27.80 
22.27 
19.34 
26.75 
24.16 
11.57 
27.25 
10.52 
8.28 
16.89 
29.80 
24.79 
28.22 
12.03 
18.56 
26.98 
25.76 
9.23 
8.19 
19.86 
28.09 
26.70 
28.57 
13.61 
29.03 
25.92 
24.18 
23.13 
18.65 
8.02 
8.01 
7.99 
24.02 
24.33 
9.63 
21.70 
20.65 
20.28 
7.84 
7.81 
7.79 
7.76 
7.74 
7.71 
7.68 
13.22 
11.67 
25.44 
7.57 
7.54 
14.72 
18.53 
7.45 
23.44 
7.39 
24.32 
16.78 
7.29 
7.26 
22.57 
18.55 
12.74 
26.47 
21.97 
26.64 
22.64 
15.10 
6.93 
19.18 
21.53 
22.74 
18.49 
10.58 
6.70 
24.78 
24.84 
11.16 
13.46 
11.67 
9.27 
21.22 
20.04 
6.32 
17.23 
23.29 
23.80 
22.92 
22.20 
23.00 
22.59 
19.62 
20.71 
5.88 
11.01 
17.58 
16.16 
15.04 
5.65 
15.30 
20.96 
20.84 
20.15 
20.03 
18.50 
9.68 
18.41 
13.84 
18.03 
14.62 
10.56 
14.70 
18.78 
17.59 
16.26 
15.89 
16.57 
4.77 
6.95 
17.27 
15.86 
4.60 
15.76 
4.51 
15.79 
14.30 
15.56 
15.08 
9.08 
13.28 
14.75 
9.59 
15.26 
15.03 
14.68 
14.34 
3.98 
3.94 
14.38 
13.94 
8.83 
14.31 
9.60 
3.72 
14.13 
12.82 
13.61 
13.63 
12.13 
9.14 
12.08 
11.36 
13.09 
7.32 
6.85 
3.37 
10.71 
10.96 
3.29 
11.97 
11.40 
11.75 
10.18 
7.11 
4.27 
3.15 
9.90 
5.20 
11.21 
9.69 
10.15 
11.10 
11.17 
10.07 
5.27 
3.03 
3.02 
3.01 
3.01 
3.00 
10.24 
11.29 
3.67 
2.99 
2.99 
10.23 
11.29 
10.53 
10.93 
9.49 
3.01 
3.02 
9.73 
11.12 
11.05 
10.66 
11.57 
10.91 
11.05 
10.69 
10.82 
3.12 
3.14 
11.55 
3.17 
3.19 
8.78 
3.23 
3.25 
3.27 
3.30 
5.60 
12.09 
3.89 
3.40 
3.42 
6.00 
3.48 
7.91 
10.78 
9.55 
3.60 
3.63 
3.66 
3.70 
3.73 
14.03 
13.79 
3.84 
12.72 
3.91 
3.95 
10.78 
13.10 
14.63 
4.11 
4.15 
9.27 
14.45 
8.31 
15.53 
4.35 
7.27 
11.48 
15.24 
13.31 
12.64 
16.09 
14.91 
8.88 
4.75 
10.21 
4.84 
4.89 
16.50 
16.48 
18.36 
19.17 
19.02 
13.33 
17.88 
19.39 
19.38 
19.92 
13.37 
5.45 
20.01 
18.11 
20.39 
16.58 
13.30 
18.69 
5.78 
18.46 
20.80 
20.76 
16.96 
22.50 
21.09 
21.51 
22.23 
19.41 
10.25 
6.28 
20.32 
19.17 
24.59 
17.62 
19.75 
6.54 
24.37 
23.83 
21.53 
24.02 
24.92 
25.50 
24.46 
21.95 
24.31 
24.06 
23.00 
7.02 
18.72 
7.09 
20.99 
25.19 
14.16 
14.54 
22.08 
27.47 
25.87 
7.37 
7.40 
25.90 
26.80 
26.36 
13.77 
22.08 
27.54 
26.75 
26.46 
23.96 
7.70 
14.36 
28.69 
28.74 
28.78 
28.14 
22.72 
29.59 
27.06 
15.45 
20.11 
24.25 
30.11 
28.94 
25.02 
22.99 
19.57 
8.07 
8.09 
10.52 
8.12 
27.25 
29.86 
26.08 
28.86 
25.60 
23.20 
28.39 
26.33 
26.52 
12.73 
27.40 
14.99 
8.26 
27.08 
30.54 
30.20 
28.82 
26.41 
17.79 
8.30 
18.31 
12.27 
11.58 
8.30 
8.30 
17.79 
8.30 
27.10 
29.50 
28.64 
29.49 
31.03 
23.61 
9.65 
26.52 
29.79 
19.61 
31.65 
30.09 
26.81 
24.73 
8.20 
8.19 
8.18 
8.17 
8.15 
8.14 
11.04 
28.18 
28.84 
8.08 
8.06 
17.63 
28.04 
20.83 
8.84 
27.09 
18.52 
7.92 
10.80 
25.42 
15.51 
28.23 
27.68 
17.29 
20.81 
24.67 
16.67 
11.06 
27.40 
20.60 
27.80 
27.91 
26.68 
23.43 
20.37 
23.83 
21.77 
21.88 
25.81 
25.58 
27.00 
24.62 
26.53 
24.98 
23.26 
23.19 
25.74 
17.00 
24.60 
19.64 
11.15 
26.30 
23.63 
26.28 
25.86 
24.49 
24.72 
10.00 
15.65 
23.01 
22.91 
6.49 
10.36 
22.47 
23.30 
6.32 
19.23 
22.22 
20.27 
9.20 
21.29 
22.85 
18.97 
9.12 
5.92 
7.81 
5.83 
18.61 
19.39 
20.74 
12.63 
20.36 
17.36 
14.25 
5.46 
18.47 
18.50 
20.21 
19.10 
19.26 
18.31 
17.37 
16.98 
13.06 
17.97 
15.17 
15.73 
4.86 
17.63 
17.37 
17.12 
15.45 
7.35 
16.77 
16.14 
16.66 
15.79 
16.30 
15.93 
15.70 
12.76 
8.40 
4.21 
14.65 
4.85 
4.09 
4.05 
14.70 
14.71 
11.70 
14.15 
14.51 
9.63 
3.79 
14.10 
14.22 
13.46 
10.94 
13.28 
13.08 
12.35 
13.02 
13.04 
13.07 
12.46 
4.26 
8.32 
3.37 
3.34 
12.62 
11.73 
12.18 
12.22 
12.06 
11.70 
11.84 
10.19 
11.24 
9.80 
9.66 
11.80 
3.09 
3.08 
11.30 
10.58 
11.33 
11.21 
11.38 
6.99 
10.95 
3.01 
3.00 
10.82 
6.18 
9.45 
10.71 
10.32 
9.65 
8.78 
3.00 
11.12 
10.84 
10.86 
10.88 
10.90 
10.83 
10.95 
9.71 
11.31 
10.55 
10.59 
3.11 
3.12 
7.62 
10.35 
3.17 
5.21 
10.90 
10.65 
9.17 
5.63 
3.30 
3.32 
9.69 
3.37 
12.65 
13.04 
12.70 
11.39 
3.51 
13.05 
12.81 
11.80 
13.32 
13.85 
11.72 
3.73 
3.77 
5.28 
13.09 
8.59 
3.91 
3.95 
3.99 
4.03 
14.03 
14.50 
14.60 
6.12 
13.60 
13.95 
13.31 
4.35 
13.39 
14.62 
4.48 
14.58 
14.56 
12.99 
4.66 
7.05 
14.60 
4.80 
16.01 
12.11 
17.44 
16.61 
17.41 
15.47 
16.82 
12.64 
5.21 
5.26 
14.73 
17.24 
18.48 
7.88 
20.15 
20.56 
20.68 
20.37 
16.82 
15.30 
9.77 
22.02 
21.10 
21.66 
20.72 
18.41 
17.60 
18.46 
22.38 
7.11 
12.25 
20.69 
10.68 
22.14 
20.83 
21.71 
23.85 
24.11 
22.47 
24.15 
24.25 
23.06 
6.75 
6.79 
6.83 
19.35 
25.44 
6.94 
21.37 
7.02 
7.06 
12.86 
19.34 
18.08 
26.09 
24.84 
26.07 
22.31 
7.34 
22.59 
26.17 
25.73 
26.30 
25.35 
28.27 
26.47 
28.22 
28.10 
27.14 
26.00 
20.27 
26.43 
18.14 
14.25 
29.98 
24.39 
20.15 
29.08 
29.12 
27.61 
28.50 
17.74 
28.57 
27.91 
29.32 
28.49 
10.46 
21.32 
30.11 
30.65 
31.88 
29.84 
28.31 
21.09 
25.24 
11.64 
29.58 
28.39 
27.71 
23.41 
31.70 
23.60 
28.96 
28.63 
22.94 
30.54 
28.82 
21.23 
8.29 
8.29 
8.30 
8.30 
8.30 
16.07 
16.58 
26.59 
29.52 
27.62 
12.61 
28.47 
28.64 
31.56 
22.24 
26.54 
10.17 
23.94 
17.56 
12.55 
16.68 
20.62 
23.71 
23.52 
8.20 
14.38 
28.63 
15.38 
30.13 
25.30 
28.37 
22.00 
25.75 
27.10 
27.58 
27.56 
23.59 
8.01 
12.77 
9.84 
24.84 
28.39 
27.33 
25.93 
26.91 
9.87 
21.39 
26.28 
26.06 
19.59 
22.25 
7.68 
7.66 
26.16 
22.75 
23.37 
26.51 
25.78 
27.73 
7.45 
26.77 
24.71 
25.65 
7.32 
13.75 
25.94 
23.23 
24.15 
20.47 
7.12 
21.65 
19.29 
24.11 
21.27 
18.77 
17.40 
6.86 
6.82 
11.59 
11.06 
23.60 
24.62 
23.26 
19.37 
14.25 
17.79 
9.89 
20.28 
6.36 
10.66 
20.62 
6.23 
7.26 
7.06 
6.10 
14.53 
16.26 
21.72 
20.86 
13.61 
5.83 
8.44 
13.22 
7.45 
5.65 
5.60 
14.34 
20.12 
11.02 
12.23 
17.79 
7.29 
17.43 
19.12 
17.07 
15.44 
15.62 
16.33 
17.03 
4.96 
18.00 
18.41 
17.10 
17.90 
17.78 
14.54 
4.64 
4.60 
15.12 
16.41 
8.49 
15.17 
15.81 
10.02 
14.85 
13.03 
4.21 
4.17 
4.13 
4.93 
14.80 
14.81 
14.82 
10.55 
13.69 
6.15 
5.42 
12.05 
10.95 
9.42 
14.13 
13.37 
13.06 
3.59 
9.63 
13.56 
12.51 
7.21 
11.82 
9.54 
5.39 
3.37 
3.34 
8.38 
6.58 
3.27 
7.63 
3.23 
3.21 
11.74 
11.59 
9.94 
10.80 
11.55 
9.93 
8.71 
10.84 
3.07 
8.24 
10.75 
11.60 
10.90 
10.00 
4.17 
11.13 
11.02 
10.33 
10.91 
11.00 
11.19 
10.90 
9.55 
10.81 
10.92 
8.90 
5.43 
7.57 
10.30 
9.83 
10.83 
