20050101
9.93 
7.28 
10.36 
9.56 
2.87 
2.89 
10.80 
10.56 
9.76 
9.71 
10.42 
10.09 
9.08 
10.98 
10.55 
9.93 
9.99 
11.24 
10.61 
11.48 
9.94 
3.23 
3.26 
10.15 
4.97 
10.09 
3.39 
3.42 
12.54 
10.19 
12.62 
13.04 
12.82 
3.63 
8.73 
3.70 
9.54 
3.78 
3.82 
13.54 
11.35 
12.83 
3.98 
4.03 
4.07 
4.11 
5.71 
6.00 
13.32 
15.75 
15.75 
13.40 
13.75 
4.47 
11.83 
17.00 
14.57 
15.45 
10.91 
12.17 
17.24 
8.01 
15.90 
17.75 
16.80 
18.14 
17.72 
15.79 
15.49 
18.78 
20.29 
19.86 
15.64 
19.13 
9.03 
19.80 
18.77 
18.31 
19.44 
5.72 
18.20 
21.10 
22.11 
22.23 
20.71 
20.08 
21.39 
21.80 
21.91 
15.63 
14.03 
19.63 
23.58 
21.68 
16.19 
16.74 
12.91 
6.55 
23.27 
23.05 
17.76 
19.74 
25.08 
25.33 
24.46 
24.88 
18.04 
22.31 
13.16 
22.30 
26.76 
27.17 
17.62 
24.88 
26.59 
25.68 
26.25 
19.55 
22.09 
22.48 
25.69 
27.08 
23.98 
23.21 
13.08 
27.66 
23.70 
28.11 
28.50 
9.90 
26.24 
24.94 
7.80 
7.82 
23.72 
7.87 
16.19 
28.23 
27.25 
17.46 
16.13 
30.24 
30.11 
27.08 
17.76 
24.41 
17.63 
25.99 
14.78 
25.53 
25.38 
28.46 
30.87 
30.38 
28.69 
11.30 
29.23 
23.95 
8.26 
8.27 
24.33 
28.78 
22.98 
22.13 
26.41 
31.19 
28.98 
17.54 
24.71 
23.00 
29.15 
26.76 
27.61 
23.17 
9.85 
8.31 
8.31 
12.57 
16.49 
23.65 
28.76 
26.87 
9.81 
27.19 
26.49 
29.72 
25.27 
25.94 
10.94 
26.58 
24.35 
20.25 
8.17 
8.15 
18.33 
15.08 
8.11 
8.09 
8.07 
21.60 
24.79 
24.76 
8.00 
7.97 
15.88 
27.82 
25.43 
9.74 
29.05 
27.83 
13.52 
13.15 
25.18 
19.11 
14.56 
14.85 
21.65 
15.61 
12.24 
10.55 
13.00 
9.81 
7.46 
7.43 
13.00 
8.84 
18.49 
7.30 
11.35 
24.68 
25.26 
21.93 
21.05 
24.22 
10.27 
24.22 
22.53 
15.57 
12.63 
16.72 
18.71 
19.91 
19.67 
21.79 
20.13 
25.05 
23.55 
22.52 
22.73 
21.86 
22.07 
19.97 
15.30 
19.02 
6.20 
6.15 
20.09 
6.06 
13.17 
21.70 
17.74 
5.87 
5.83 
17.88 
18.50 
10.60 
19.01 
16.75 
17.64 
12.86 
8.40 
5.40 
5.35 
7.80 
10.22 
17.28 
18.39 
18.81 
7.76 
18.96 
18.56 
16.05 
16.73 
10.06 
4.78 
9.26 
17.02 
17.02 
16.90 
16.40 
15.77 
11.30 
4.78 
15.91 
15.42 
15.67 
14.10 
11.00 
4.14 
9.29 
15.31 
14.50 
14.96 
13.81 
12.56 
9.74 
9.10 
3.77 
3.73 
13.51 
12.97 
13.09 
11.91 
11.71 
12.48 
6.87 
8.40 
11.89 
12.54 
9.04 
10.00 
3.29 
3.26 
7.98 
9.02 
10.66 
11.68 
11.02 
11.05 
10.99 
5.48 
11.35 
10.61 
9.70 
10.03 
7.80 
4.35 
10.46 
10.60 
10.19 
10.43 
10.30 
4.24 
5.61 
10.02 
9.72 
10.25 
10.22 
10.02 
9.82 
9.54 
9.44 
2.78 
8.60 
9.97 
8.69 
9.79 
7.70 
8.53 
8.63 
2.79 
2.79 
2.80 
2.81 
7.14 
4.86 
2.84 
2.85 
2.86 
8.75 
9.82 
10.05 
7.73 
8.71 
4.66 
2.97 
2.99 
5.81 
3.03 
7.24 
3.08 
3.10 
8.96 
3.15 
3.18 
3.21 
11.13 
4.18 
3.29 
8.68 
8.12 
9.65 
3.42 
6.09 
3.49 
5.88 
4.74 
11.73 
12.70 
12.58 
3.70 
3.74 
14.00 
14.22 
13.42 
12.96 
13.52 
11.65 
4.03 
9.84 
6.01 
15.62 
15.50 
15.38 
15.63 
13.66 
4.38 
16.37 
14.86 
12.71 
10.40 
10.10 
4.66 
4.70 
18.68 
18.03 
16.97 
17.49 
15.88 
18.41 
15.84 
11.61 
15.11 
12.06 
6.62 
19.32 
19.16 
19.71 
17.86 
19.53 
7.67 
20.21 
17.01 
16.54 
8.49 
21.42 
20.37 
21.08 
20.30 
19.37 
12.59 
22.44 
19.69 
21.30 
18.37 
11.74 
19.78 
20.80 
16.11 
21.31 
10.82 
22.44 
17.53 
11.94 
17.68 
13.01 
19.11 
23.33 
20.86 
23.66 
17.01 
15.79 
6.97 
25.62 
25.71 
23.35 
25.54 
25.30 
23.57 
7.24 
18.12 
23.45 
23.51 
23.91 
24.14 
23.37 
25.59 
23.82 
7.54 
22.59 
24.32 
23.20 
14.03 
7.69 
26.36 
18.51 
9.29 
27.52 
26.72 
27.60 
26.97 
23.80 
22.48 
7.94 
10.00 
7.99 
25.83 
27.73 
19.26 
8.07 
8.08 
8.10 
31.10 
29.59 
23.99 
24.01 
23.35 
17.06 
14.35 
22.38 
24.27 
24.45 
26.68 
29.26 
22.95 
30.99 
25.87 
21.27 
8.30 
29.82 
29.83 
27.78 
29.83 
28.64 
8.32 
8.32 
25.74 
18.39 
26.76 
24.53 
20.60 
28.45 
23.66 
19.90 
11.54 
17.50 
12.89 
16.80 
23.78 
26.15 
25.29 
28.68 
23.55 
21.84 
8.21 
8.20 
25.69 
12.93 
8.15 
8.14 
18.64 
24.05 
20.97 
8.07 
15.67 
24.28 
26.28 
25.57 
21.31 
21.79 
7.93 
7.91 
12.43 
7.86 
21.44 
12.85 
8.29 
21.66 
28.31 
15.56 
13.85 
15.98 
19.60 
22.05 
23.16 
7.53 
9.15 
10.77 
19.80 
17.77 
9.83 
22.10 
25.80 
22.62 
20.93 
23.14 
13.97 
19.76 
7.08 
25.27 
16.17 
6.96 
16.37 
23.01 
9.87 
18.56 
6.76 
20.93 
18.96 
11.19 
6.60 
13.41 
22.52 
23.81 
19.39 
15.14 
23.80 
23.24 
22.97 
20.74 
20.04 
6.11 
16.69 
14.21 
20.96 
20.85 
11.47 
15.79 
20.21 
18.21 
15.94 
14.55 
5.59 
20.34 
12.15 
19.25 
16.75 
16.08 
16.53 
16.29 
16.32 
18.25 
10.94 
12.61 
12.66 
9.36 
10.09 
15.67 
16.87 
16.49 
4.73 
4.68 
4.64 
4.59 
14.38 
11.64 
12.92 
4.41 
4.36 
16.28 
15.67 
4.23 
13.88 
9.49 
4.10 
13.79 
14.15 
8.95 
14.39 
13.36 
12.69 
11.47 
13.84 
13.62 
13.40 
12.64 
12.87 
12.02 
5.27 
12.27 
5.71 
12.51 
12.21 
10.04 
4.69 
3.32 
7.37 
3.26 
3.23 
8.32 
5.27 
3.15 
3.12 
3.10 
4.44 
8.30 
10.48 
3.01 
9.03 
7.74 
11.12 
10.22 
5.56 
5.53 
2.89 
8.84 
2.86 
10.91 
7.46 
2.82 
4.66 
9.05 
8.76 
10.11 
9.37 
9.99 
8.98 
8.97 
2.77 
2.77 
9.79 
9.52 
6.33 
2.78 
2.78 
9.55 
10.21 
4.17 
2.81 
2.82 
2.82 
6.81 
7.58 
2.86 
6.51 
9.91 
10.33 
10.94 
8.33 
2.95 
9.85 
5.97 
8.99 
3.03 
3.06 
10.32 
10.48 
11.34 
3.15 
3.18 
10.55 
9.51 
10.59 
3.29 
3.32 
11.86 
11.52 
12.55 
11.27 
12.74 
13.16 
12.40 
12.92 
13.13 
11.59 
10.90 
12.44 
3.78 
3.82 
12.06 
14.33 
13.41 
8.86 
9.99 
14.67 
13.48 
12.99 
13.34 
12.72 
7.70 
11.21 
4.38 
14.25 
14.86 
9.56 
4.56 
4.61 
4.66 
7.29 
4.75 
12.53 
4.85 
4.90 
18.82 
17.34 
18.81 
17.58 
8.42 
19.20 
19.33 
17.37 
16.23 
8.19 
10.23 
8.74 
17.80 
5.58 
5.62 
5.67 
15.91 
13.38 
5.82 
18.71 
21.49 
20.41 
21.72 
21.84 
15.31 
6.15 
17.61 
16.78 
23.93 
24.19 
18.59 
6.42 
22.03 
22.60 
24.26 
20.91 
22.26 
6.68 
11.49 
23.49 
24.05 
6.85 
22.15 
24.00 
18.75 
20.60 
24.89 
21.56 
21.63 
7.16 
25.86 
26.43 
25.19 
26.25 
25.33 
22.26 
19.00 
26.52 
24.76 
25.98 
25.54 
27.10 
25.15 
25.21 
7.66 
27.15 
25.69 
14.98 
28.99 
28.86 
29.42 
16.46 
28.66 
29.72 
30.26 
30.30 
22.88 
24.10 
8.01 
8.03 
23.00 
29.15 
29.52 
27.84 
30.42 
29.93 
15.31 
8.16 
8.18 
13.14 
19.97 
27.84 
28.36 
23.09 
18.66 
23.79 
23.80 
27.57 
25.87 
8.29 
15.47 
27.26 
28.63 
26.41 
24.88 
8.31 
8.32 
8.32 
27.10 
9.51 
13.44 
20.27 
26.92 
27.25 
8.31 
23.83 
8.30 
8.29 
22.95 
26.35 
16.62 
24.45 
26.65 
15.91 
22.02 
8.22 
16.20 
26.22 
29.77 
26.35 
16.82 
19.51 
8.12 
21.68 
10.97 
19.76 
28.71 
8.04 
22.90 
8.00 
14.39 
24.49 
24.12 
10.77 
7.89 
7.86 
19.26 
7.81 
7.79 
19.98 
18.10 
17.40 
15.19 
7.65 
7.62 
7.59 
21.00 
22.11 
7.50 
20.02 
20.96 
25.84 
25.44 
22.75 
13.19 
18.05 
14.24 
22.16 
22.58 
22.35 
16.62 
25.27 
22.13 
16.43 
6.92 
16.15 
14.81 
23.32 
22.12 
21.25 
18.17 
12.60 
12.54 
23.70 
22.83 
20.25 
23.25 
23.14 
22.58 
22.01 
19.93 
15.89 
6.15 
6.11 
6.06 
6.01 
5.97 
11.24 
17.65 
21.35 
20.94 
18.79 
19.12 
19.15 
13.89 
5.54 
5.49 
12.07 
5.40 
5.35 
5.30 
16.42 
13.57 
14.84 
5.11 
5.06 
9.84 
16.03 
7.17 
7.90 
4.82 
14.41 
6.80 
18.18 
17.54 
16.52 
10.72 
14.65 
16.03 
16.16 
13.94 
11.15 
9.12 
4.23 
7.53 
5.33 
4.10 
13.91 
13.68 
7.79 
14.27 
14.50 
14.39 
14.06 
10.82 
7.84 
3.69 
3.66 
11.46 
12.56 
11.71 
11.31 
3.48 
3.45 
3.41 
3.38 
10.90 
11.23 
11.05 
10.98 
11.41 
10.93 
3.18 
9.50 
9.15 
3.10 
11.48 
11.22 
9.22 
11.29 
10.46 
2.97 
11.03 
10.69 
9.14 
10.41 
10.00 
10.24 
6.95 
2.85 
2.84 
9.47 
5.39 
9.97 
9.67 
10.21 
9.09 
6.71 
9.35 
7.51 
2.77 
2.77 
2.77 
7.51 
2.78 
2.78 
2.78 
2.79 
2.79 
9.86 
9.70 
10.09 
10.48 
9.13 
10.36 
7.98 
8.85 
8.60 
7.70 
9.05 
9.85 
6.09 
9.09 
10.48 
3.01 
3.03 
5.00 
11.00 
3.10 
3.13 
3.15 
3.18 
3.21 
3.23 
11.71 
11.48 
5.59 
11.86 
9.85 
9.82 
11.91 
12.74 
12.62 
11.64 
11.84 
13.13 
10.93 
11.79 
13.00 
13.32 
13.20 
12.85 
12.61 
14.10 
14.68 
14.09 
14.44 
14.31 
15.03 
13.94 
4.24 
12.09 
14.03 
11.05 
14.00 
15.61 
4.52 
10.65 
17.00 
17.12 
16.86 
17.64 
6.24 
13.94 
18.82 
18.42 
17.74 
18.54 
17.58 
13.88 
10.82 
17.67 
5.28 
5.33 
20.13 
15.32 
19.82 
19.94 
16.76 
5.62 
18.13 
11.69 
9.28 
8.90 
20.93 
21.04 
22.05 
22.02 
21.54 
6.86 
6.15 
19.43 
19.07 
6.29 
23.11 
22.76 
21.16 
16.12 
14.79 
14.55 
6.60 
19.89 
10.01 
7.68 
14.09 
24.05 
21.58 
21.50 
20.62 
24.40 
18.99 
7.05 
7.09 
7.13 
13.37 
25.21 
24.13 
21.57 
24.27 
26.48 
24.57 
23.64 
25.53 
16.78 
7.51 
7.54 
27.43 
27.33 
24.03 
7.66 
28.33 
8.89 
28.94 
14.68 
16.39 
28.74 
21.19 
18.69 
22.95 
7.92 
25.90 
20.34 
20.37 
27.02 
21.10 
22.15 
18.61 
23.90 
22.91 
22.08 
30.27 
27.23 
30.66 
27.27 
28.14 
26.46 
8.22 
24.61 
25.48 
16.61 
15.43 
20.73 
28.08 
23.48 
29.30 
18.54 
8.30 
8.31 
21.29 
13.27 
10.54 
21.98 
16.17 
18.91 
24.37 
20.27 
24.87 
18.04 
8.31 
11.04 
8.30 
15.97 
8.29 
8.28 
8.28 
18.16 
26.49 
22.22 
8.24 
30.53 
17.58 
8.21 
21.46 
23.82 
8.17 
29.39 
28.51 
8.12 
22.52 
16.23 
21.63 
11.78 
20.39 
23.57 
25.06 
25.37 
21.62 
7.93 
17.00 
7.89 
7.86 
20.44 
8.31 
7.79 
7.76 
14.09 
27.09 
25.53 
19.65 
22.93 
17.06 
21.83 
20.62 
19.41 
17.05 
7.43 
14.15 
10.32 
7.33 
22.85 
26.06 
8.86 
21.51 
24.37 
22.84 
7.08 
25.11 
24.54 
21.09 
21.81 
18.38 
6.84 
10.30 
14.68 
6.72 
24.94 
26.25 
23.80 
19.03 
19.25 
23.66 
16.30 
6.38 
12.16 
6.29 
21.76 
21.50 
22.15 
19.33 
20.28 
19.13 
16.51 
18.48 
5.87 
5.83 
20.94 
10.38 
15.94 
5.64 
5.59 
16.79 
19.09 
11.79 
7.50 
9.53 
14.04 
13.12 
16.73 
5.16 
5.11 
5.06 
19.09 
16.16 
16.45 
4.87 
18.57 
17.53 
16.11 
11.37 
15.62 
15.12 
15.14 
11.26 
4.45 
15.41 
11.12 
4.32 
4.27 
15.79 
15.67 
15.19 
15.31 
14.61 
10.89 
3.97 
6.57 
14.62 
12.46 
13.27 
14.51 
11.18 
12.30 
12.43 
11.02 
3.58 
12.14 
11.31 
7.30 
3.45 
7.39 
3.38 
11.31 
10.72 
11.87 
11.69 
10.50 
11.53 
11.06 
8.21 
3.12 
3.10 
10.99 
7.52 
10.77 
10.61 
10.75 
10.70 
8.94 
9.75 
2.92 
10.04 
10.56 
10.05 
7.51 
7.30 
2.84 
2.82 
5.85 
4.46 
8.21 
9.11 
9.92 
5.43 
9.98 
9.43 
8.42 
5.23 
8.88 
9.61 
8.97 
7.52 
9.81 
6.72 
2.79 
2.80 
9.70 
10.18 
10.58 
9.93 
4.87 
2.85 
2.86 
9.22 
9.63 
2.90 
7.16 
10.80 
10.66 
10.90 
10.28 
10.34 
11.17 
10.45 
9.73 
3.10 
10.74 
8.82 
4.78 
7.63 
8.90 
11.91 
12.20 
12.49 
12.17 
11.52 
9.61 
8.95 
3.49 
3.52 
3.56 
7.39 
11.71 
9.61 
11.68 
3.74 
11.98 
3.82 
11.03 
14.10 
13.87 
3.98 
7.54 
12.08 
15.26 
14.43 
4.20 
4.24 
6.97 
16.48 
12.04 
14.87 
13.49 
11.07 
14.33 
10.10 
15.58 
13.37 
16.86 
12.13 
4.85 
4.90 
15.62 
18.82 
17.73 
17.45 
18.53 
16.18 
13.94 
5.28 
19.02 
20.41 
14.75 
19.11 
18.37 
19.78 
20.33 
15.38 
5.72 
20.55 
20.22 
19.45 
21.64 
22.20 
16.78 
21.99 
12.59 
19.64 
20.04 
23.35 
20.09 
21.11 
18.59 
23.95 
24.21 
23.69 
23.32 
23.27 
19.58 
14.44 
19.58 
19.50 
18.31 
21.58 
24.88 
23.35 
13.91 
7.01 
24.41 
27.09 
25.71 
7.16 
17.51 
26.43 
27.16 
26.41 
23.18 
23.25 
22.15 
12.26 
21.77 
28.64 
26.71 
26.10 
26.82 
27.38 
26.60 
13.56 
11.75 
12.45 
28.14 
28.53 
7.82 
8.36 
23.42 
29.38 
29.76 
28.61 
27.97 
16.98 
30.41 
30.11 
26.57 
28.64 
27.30 
20.69 
8.12 
29.25 
30.47 
30.83 
30.51 
29.68 
29.87 
25.96 
28.19 
8.24 
23.78 
8.26 
29.95 
31.50 
29.97 
31.52 
26.40 
26.06 
24.87 
8.31 
17.54 
8.31 
14.64 
31.20 
24.54 
31.71 
28.98 
30.51 
26.07 
19.23 
15.81 
30.14 
30.47 
31.49 
31.48 
31.12 
28.38 
27.00 
13.70 
8.24 
26.62 
8.22 
30.67 
27.75 
8.18 
24.99 
13.08 
25.29 
25.60 
8.11 
8.09 
26.88 
24.48 
23.60 
20.70 
8.00 
14.05 
23.48 
27.32 
27.62 
12.93 
20.98 
10.02 
7.81 
9.97 
7.76 
18.77 
20.90 
12.18 
15.65 
10.95 
11.74 
17.35 
19.46 
14.78 
26.13 
27.06 
25.02 
25.44 
22.75 
7.30 
7.26 
19.78 
7.19 
26.16 
7.12 
17.43 
21.24 
8.29 
6.96 
16.37 
20.30 
23.72 
16.49 
25.45 
23.77 
22.58 
18.41 
10.98 
6.55 
11.33 
6.47 
7.04 
6.84 
23.80 
13.46 
19.32 
22.86 
19.13 
15.73 
22.23 
18.39 
14.58 
5.92 
8.52 
14.76 
21.24 
22.28 
16.23 
11.82 
5.59 
7.68 
5.49 
8.83 
6.10 
5.35 
17.23 
17.67 
17.96 
18.93 
18.81 
17.33 
16.41 
9.36 
15.78 
10.53 
6.66 
12.45 
18.44 
18.18 
16.13 
16.27 
17.91 
12.64 
17.15 
15.66 
15.91 
15.79 
14.46 
12.90 
4.18 
15.43 
13.19 
9.45 
10.54 
3.97 
11.51 
3.89 
14.51 
13.61 
13.05 
10.84 
5.79 
3.66 
3.62 
3.58 
3.55 
4.69 
4.22 
10.40 
11.68 
12.75 
12.24 
12.05 
11.05 
11.28 
11.51 
11.63 
10.66 
3.94 
3.12 
3.10 
3.08 
8.88 
3.03 
8.21 
4.81 
2.97 
4.09 
7.29 
2.92 
10.98 
9.16 
2.87 
7.88 
2.85 
2.84 
3.84 
9.62 
8.96 
2.80 
9.29 
10.10 
10.09 
10.26 
9.88 
10.15 
9.33 
9.60 
2.77 
2.78 
9.07 
8.72 
9.55 
9.20 
5.37 
10.07 
10.37 
7.07 
2.84 
2.85 
10.30 
10.62 
10.19 
9.95 
2.92 
8.90 
6.38 
8.80 
10.76 
11.40 
10.30 
10.65 
8.95 
6.64 
3.13 
3.15 
6.68 
10.95 
12.14 
12.12 
11.59 
12.49 
11.75 
11.21 
9.19 
13.07 
13.17 
13.27 
12.07 
11.51 
3.63 
12.14 
3.70 
4.52 
3.78 
3.82 
9.55 
10.09 
4.86 
14.33 
11.63 
4.07 
14.91 
10.96 
15.50 
10.18 
15.63 
14.77 
15.13 
14.00 
12.98 
4.52 
8.50 
15.85 
4.66 
4.70 
10.74 
16.06 
10.12 
12.85 
17.62 
15.86 
8.55 
6.18 
19.75 
19.48 
17.26 
20.57 
15.95 
5.38 
19.84 
19.96 
17.23 
11.17 
5.62 
11.76 
18.97 
11.18 
19.78 
11.48 
21.93 
22.50 
21.72 
22.74 
6.10 
6.15 
14.41 
23.05 
24.08 
22.34 
22.14 
12.63 
24.83 
23.54 
23.17 
7.86 
24.31 
9.22 
18.63 
25.55 
19.10 
12.13 
17.49 
6.93 
19.08 
7.01 
11.75 
9.20 
10.55 
27.42 
26.35 
19.21 
20.59 
25.59 
27.97 
28.37 
28.44 
28.35 
25.59 
12.34 
18.54 
23.09 
29.00 
26.54 
26.43 
21.45 
28.72 
28.77 
27.97 
26.34 
7.82 
26.76 
7.87 
7.90 
23.83 
29.96 
28.48 
17.15 
24.47 
28.07 
29.63 
30.51 
22.88 
8.10 
17.65 
28.40 
27.23 
19.58 
24.71 
8.19 
22.70 
27.50 
25.63 
25.14 
21.73 
23.79 
16.29 
14.08 
16.31 
21.95 
21.79 
24.87 
23.68 
24.36 
8.31 
10.54 
22.15 
27.62 
18.22 
21.12 
26.76 
28.12 
22.31 
24.18 
21.45 
17.34 
8.30 
8.29 
8.28 
30.44 
27.87 
28.20 
30.23 
31.23 
13.51 
28.64 
16.38 
8.20 
13.79 
8.17 
8.15 
8.14 
8.12 
25.41 
16.40 
22.81 
8.05 
28.85 
24.25 
22.02 
25.37 
24.49 
22.94 
19.03 
23.03 
22.99 
16.74 
13.69 
7.79 
12.28 
20.11 
7.70 
7.68 
20.15 
24.26 
20.89 
7.56 
7.53 
14.94 
7.46 
25.90 
7.40 
21.66 
27.51 
26.95 
17.88 
7.23 
7.19 
7.15 
7.12 
25.19 
21.72 
25.02 
24.78 
22.61 
20.14 
24.84 
24.27 
20.06 
8.30 
14.39 
12.44 
10.35 
9.67 
10.86 
17.31 
6.42 
21.91 
10.16 
21.56 
24.04 
22.86 
20.94 
14.22 
6.06 
6.01 
5.97 
5.92 
14.70 
5.83 
6.36 
21.70 
21.72 
17.86 
17.32 
19.63 
18.52 
19.82 
12.13 
15.81 
11.54 
12.84 
19.88 
19.48 
18.81 
17.74 
14.67 
14.56 
10.88 
4.87 
18.57 
14.02 
16.24 
17.79 
16.77 
17.03 
4.54 
4.50 
4.45 
8.12 
4.36 
4.32 
4.27 
4.23 
15.79 
14.96 
14.84 
15.20 
14.73 
14.96 
14.04 
13.48 
13.71 
13.49 
14.28 
12.29 
8.66 
8.92 
12.87 
12.56 
10.75 
10.99 
12.07 
13.04 
9.28 
11.70 
11.52 
10.00 
3.29 
8.95 
11.31 
9.73 
10.86 
9.10 
10.53 
10.95 
3.08 
10.93 
9.51 
3.01 
2.99 
2.97 
9.60 
10.69 
10.27 
8.82 
10.09 
9.49 
10.48 
8.22 
9.68 
10.39 
2.82 
6.85 
8.48 
9.93 
9.46 
9.26 
7.98 
8.88 
8.97 
5.87 
9.42 
7.06 
9.43 
7.43 
9.72 
10.01 
10.03 
8.03 
10.07 
10.09 
10.12 
6.63 
8.14 
2.86 
9.87 
10.38 
9.95 
9.24 
10.70 
9.99 
10.80 
10.48 
9.37 
9.91 
11.14 
11.00 
10.77 
11.04 
10.71 
10.18 
10.15 
3.23 
12.12 
11.59 
11.87 
11.44 
5.26 
11.29 
12.75 
12.32 
12.30 
12.18 
10.65 
11.93 
11.59 
3.70 
13.89 
3.78 
12.98 
6.14 
3.90 
13.75 
9.79 
4.03 
15.14 
13.60 
4.15 
4.20 
4.24 
9.04 
4.33 
4.38 
4.42 
4.47 
13.72 
12.94 
4.61 
4.66 
8.58 
17.51 
16.98 
17.76 
16.96 
15.62 
18.82 
18.68 
19.08 
18.80 
19.06 
13.53 
15.57 
14.97 
5.38 
19.69 
20.24 
20.23 
11.17 
10.38 
9.73 
19.99 
20.84 
19.49 
21.52 
21.79 
19.97 
21.87 
21.99 
21.95 
20.55 
17.61 
6.24 
17.64 
23.73 
22.76 
20.07 
16.74 
20.41 
23.17 
19.96 
21.00 
24.72 
23.71 
21.57 
22.94 
24.30 
23.27 
22.87 
26.18 
24.16 
18.57 
7.09 
10.06 
19.25 
27.34 
9.86 
22.89 
26.25 
23.68 
12.34 
21.98 
25.53 
27.08 
26.31 
9.71 
13.75 
26.66 
25.04 
9.67 
13.73 
16.12 
27.59 
27.97 
29.03 
23.68 
27.10 
28.49 
11.28 
14.35 
25.05 
7.97 
26.48 
28.04 
27.56 
22.83 
28.81 
20.67 
25.29 
28.55 
23.97 
23.65 
26.91 
29.66 
29.17 
28.50 
14.19 
27.00 
14.72 
28.73 
29.77 
18.51 
20.91 
19.38 
30.66 
29.64 
8.30 
13.43 
8.31 
16.17 
26.59 
22.49 
13.78 
26.76 
8.32 
8.32 
8.32 
30.16 
26.23 
23.66 
25.70 
25.18 
8.29 
8.28 
8.28 
24.80 
27.86 
22.22 
13.18 
27.81 
31.20 
30.50 
18.06 
23.65 
19.89 
25.48 
11.03 
17.29 
25.75 
8.09 
8.07 
13.13 
16.50 
15.29 
8.00 
23.34 
21.79 
18.55 
25.60 
18.99 
7.86 
7.84 
25.43 
27.74 
17.64 
20.11 
26.08 
25.53 
7.65 
8.45 
17.73 
21.50 
22.61 
24.21 
13.74 
17.99 
8.72 
7.37 
7.33 
17.29 
14.13 
17.34 
19.07 
26.80 
22.02 
24.06 
12.53 
21.65 
6.96 
15.25 
8.00 
23.41 
16.33 
18.16 
6.72 
17.38 
22.33 
6.60 
22.14 
20.81 
19.63 
19.39 
15.14 
21.81 
6.29 
16.13 
7.71 
6.15 
15.43 
19.23 
12.87 
13.24 
8.73 
22.35 
21.79 
21.82 
21.70 
19.12 
19.01 
18.46 
19.06 
16.54 
5.45 
18.29 
8.84 
19.03 
19.73 
18.78 
5.16 
15.69 
18.55 
16.01 
4.97 
11.15 
4.87 
14.64 
6.08 
13.65 
17.15 
15.62 
17.15 
16.65 
15.65 
4.45 
7.50 
11.61 
4.32 
4.27 
16.15 
14.83 
4.14 
12.83 
7.46 
11.47 
3.97 
3.93 
6.63 
3.85 
5.39 
3.77 
3.73 
7.67 
3.66 
5.36 
12.34 
12.47 
8.00 
11.54 
12.40 
11.68 
3.38 
3.35 
3.32 
6.66 
11.79 
11.10 
3.20 
4.57 
11.68 
3.12 
7.22 
3.08 
7.72 
4.39 
3.01 
8.93 
8.12 
2.95 
7.00 
2.92 
2.90 
2.89 
7.44 
10.11 
9.99 
9.86 
10.20 
8.98 
2.81 
10.22 
8.83 
10.01 
8.90 
9.62 
2.78 
5.69 
8.42 
8.88 
9.42 
9.98 
9.07 
7.17 
2.79 
2.79 
2.80 
2.81 
5.03 
10.02 
2.84 
9.81 
10.12 
8.94 
2.89 
2.90 
2.92 
2.93 
2.95 
9.94 
9.42 
9.76 
9.43 
9.29 
3.08 
3.10 
3.13 
3.15 
3.18 
10.65 
11.13 
10.90 
11.89 
11.87 
8.95 
11.00 
3.42 
9.79 
5.61 
10.48 
12.83 
12.49 
10.95 
10.60 
3.70 
13.33 
13.77 
13.54 
3.86 
13.19 
13.18 
3.98 
4.03 
8.55 
13.13 
15.62 
15.26 
15.38 
15.26 
12.43 
4.38 
4.42 
16.12 
4.52 
13.06 
15.72 
12.24 
8.71 
4.75 
4.80 
4.85 
4.90 
4.94 
4.99 
18.27 
17.45 
9.92 
17.28 
17.67 
19.04 
18.75 
18.16 
18.56 
11.44 
13.52 
5.58 
12.83 
5.67 
16.06 
17.33 
5.82 
18.71 
21.64 
21.61 
19.93 
20.94 
18.03 
14.33 
20.50 
22.13 
13.96 
6.33 
22.91 
23.17 
23.28 
23.69 
22.70 
22.95 
21.31 
12.86 
22.60 
23.17 
24.69 
24.95 
22.63 
24.64 
22.95 
14.13 
7.05 
7.09 
7.13 
14.68 
14.73 
7.24 
27.00 
26.08 
23.68 
18.95 
21.49 
20.38 
7.48 
23.98 
25.54 
26.60 
26.82 
25.54 
14.20 
25.98 
16.12 
20.19 
7.77 
15.89 
20.14 
27.44 
27.14 
27.86 
28.40 
27.08 
25.43 
7.99 
8.01 
19.92 
26.74 
28.64 
21.01 
29.54 
27.87 
26.19 
8.15 
30.32 
22.33 
8.19 
22.53 
8.22 
26.49 
26.16 
21.90 
8.26 
26.88 
23.99 
21.09 
30.15 
25.20 
18.21 
25.39 
28.98 
31.88 
28.81 
20.78 
23.00 
8.32 
16.51 
8.32 
8.32 
10.19 
8.31 
13.77 
21.10 
8.30 
8.29 
28.06 
28.05 
30.60 
28.71 
8.25 
8.24 
8.23 
13.84 
9.91 
8.20 
22.63 
29.07 
22.08 
15.95 
22.72 
25.07 
28.09 
23.15 
16.52 
8.04 
8.02 
8.00 
19.63 
20.95 
11.13 
9.09 
7.89 
11.39 
7.84 
26.78 
10.30 
7.76 
7.73 
25.58 
11.51 
25.81 
17.77 
20.05 
21.00 
7.53 
27.19 
26.46 
7.43 
15.80 
25.44 
7.33 
26.46 
26.06 
7.23 
7.19 
16.25 
19.27 
26.16 
26.07 
24.38 
25.10 
24.85 
10.08 
15.60 
22.21 
20.54 
6.72 
6.68 
6.64 
6.60 
24.64 
24.85 
23.50 
6.42 
13.76 
14.15 
19.42 
17.65 
8.17 
19.13 
22.49 
22.98 
22.41 
21.26 
21.88 
22.06 
18.86 
18.90 
5.73 
16.37 
16.13 
10.17 
10.67 
19.65 
16.01 
20.81 
20.55 
20.42 
19.05 
17.14 
17.98 
13.65 
14.91 
17.48 
14.03 
4.92 
11.59 
18.70 
17.01 
15.20 
17.53 
10.38 
4.59 
9.46 
16.65 
13.66 
12.94 
11.98 
4.32 
16.28 
14.83 
15.31 
13.05 
5.63 
11.33 
14.38 
8.60 
13.93 
14.50 
13.71 
10.00 
3.77 
3.73 
12.96 
12.10 
10.70 
12.34 
7.85 
3.51 
12.71 
12.61 
12.94 
11.91 
10.59 
3.32 
10.75 
3.26 
12.01 
10.33 
5.57 
4.14 
11.51 
9.87 
3.08 
10.44 
9.90 
11.10 
7.69 
10.32 
2.95 
2.93 
10.55 
8.44 
9.62 
2.87 
7.69 
9.99 
9.86 
2.82 
2.82 
2.81 
2.80 
2.79 
2.79 
2.78 
10.07 
9.52 
2.77 
2.77 
6.05 
9.15 
9.98 
8.62 
9.63 
8.46 
2.79 
2.80 
9.05 
10.09 
9.10 
10.21 
9.77 
9.71 
2.86 
9.31 
9.82 
2.90 
8.86 
9.57 
2.95 
2.97 
2.99 
3.01 
3.03 
9.48 
5.23 
11.07 
7.68 
3.15 
3.18 
3.21 
3.23 
3.26 
9.74 
9.30 
11.65 
3.39 
3.42 
3.45 
3.49 
3.52 
13.26 
12.16 
3.63 
13.24 
3.70 
8.42 
11.75 
13.43 
3.86 
3.90 
3.94 
12.93 
12.10 
4.07 
13.84 
4.15 
4.20 
7.88 
13.07 
13.54 
4.38 
15.99 
13.86 
4.52 
4.56 
7.16 
10.18 
4.70 
16.99 
7.81 
15.92 
18.42 
16.02 
4.99 
16.11 
16.63 
13.74 
19.34 
15.18 
5.28 
18.88 
10.16 
14.33 
7.75 
8.95 
16.76 
9.52 
17.55 
15.77 
19.67 
14.34 
21.81 
19.86 
17.58 
15.44 
11.47 
12.44 
19.18 
11.37 
20.91 
21.93 
20.03 
6.38 
13.56 
24.06 
22.44 
20.19 
23.74 
23.99 
25.04 
22.60 
19.03 
23.74 
22.38 
21.66 
23.03 
22.79 
7.01 
19.87 
15.06 
7.13 
15.17 
23.41 
26.43 
20.92 
20.65 
12.62 
27.22 
27.28 
23.70 
23.10 
21.99 
24.21 
20.09 
24.15 
10.81 
7.66 
15.41 
27.71 
28.26 
25.28 
9.82 
27.22 
26.59 
22.58 
7.90 
7.92 
22.68 
26.78 
15.28 
14.12 
14.48 
13.32 
22.52 
8.08 
13.72 
8.12 
30.10 
28.42 
25.55 
24.03 
8.19 
23.39 
8.22 
8.23 
8.24 
8.25 
8.26 
8.27 
8.28 
25.36 
26.39 
26.57 
16.50 
8.31 
8.31 
8.31 
17.03 
27.27 
8.32 
8.32 
8.32 
24.71 
16.85 
8.31 
26.91 
8.31 
8.30 
8.30 
8.29 
8.28 
30.10 
25.31 
23.94 
26.48 
25.27 
21.34 
8.22 
8.21 
8.20 
8.18 
14.29 
13.08 
8.14 
8.12 
29.65 
28.43 
8.07 
10.76 
27.16 
26.28 
15.77 
26.72 
29.21 
24.28 
7.91 
7.89 
26.02 
7.84 
27.61 
19.52 
7.76 
16.43 
26.58 
7.68 
24.98 
7.62 
7.59 
20.67 
22.28 
24.71 
7.46 
11.23 
12.83 
22.65 
7.33 
13.85 
25.57 
23.05 
26.23 
20.63 
10.03 
7.08 
17.04 
19.07 
25.42 
24.05 
6.89 
6.84 
23.48 
22.76 
25.35 
23.21 
17.94 
6.60 
6.55 
22.36 
8.32 
11.36 
6.38 
9.55 
18.66 
21.91 
9.68 
6.15 
14.52 
19.38 
9.89 
5.97 
10.95 
8.23 
16.96 
10.88 
5.73 
5.69 
17.42 
21.04 
20.34 
16.82 
5.45 
5.40 
5.35 
8.77 
18.22 
17.14 
5.16 
15.01 
10.32 
14.13 
17.23 
4.92 
14.22 
16.34 
11.93 
4.73 
4.68 
17.15 
16.01 
15.26 
4.50 
8.56 
15.54 
11.86 
11.40 
15.06 
14.83 
14.71 
13.53 
8.70 
4.06 
14.15 
12.88 
3.93 
3.89 
3.85 
12.93 
13.50 
3.73 
12.74 
13.41 
12.87 
3.58 
12.90 
12.80 
12.92 
3.45 
11.37 
11.81 
11.83 
12.16 
12.07 
11.79 
10.60 
9.93 
8.37 
3.15 
3.12 
11.35 
10.79 
10.83 
10.67 
10.71 
10.85 
9.93 
9.51 
10.12 
7.35 
10.41 
7.28 
2.87 
2.86 
10.26 
4.31 
9.74 
10.36 
9.60 
8.85 
6.73 
2.79 
2.78 
8.89 
9.70 
9.52 
7.96 
2.77 
7.78 
2.78 
2.78 
10.09 
9.28 
9.93 
9.68 
9.79 
8.89 
9.93 
8.02 
10.55 
8.35 
9.59 
2.89 
2.90 
5.94 
9.09 
7.99 
2.97 
10.96 
9.28 
9.81 
3.06 
3.08 
3.10 
7.68 
3.15 
11.28 
11.65 
11.13 
3.26 
3.29 
10.84 
11.65 
5.68 
12.03 
3.45 
11.57 
3.52 
3.56 
11.19 
12.59 
9.39 
3.70 
3.74 
3.78 
11.06 
14.11 
13.87 
13.06 
11.19 
4.03 
4.07 
4.11 
4.15 
12.02 
10.66 
14.28 
4.33 
4.38 
4.42 
4.47 
4.52 
4.56 
4.61 
17.51 
8.84 
16.21 
9.65 
4.85 
18.69 
16.82 
18.68 
15.84 
8.76 
16.34 
14.80 
5.23 
15.01 
19.72 
20.27 
18.99 
15.70 
9.38 
12.17 
5.62 
21.03 
20.72 
20.40 
16.40 
15.17 
11.40 
17.28 
6.01 
10.56 
18.18 
20.24 
7.56 
21.21 
6.29 
22.34 
22.29 
23.33 
22.34 
21.66 
20.66 
19.49 
6.64 
6.68 
19.74 
19.03 
20.06 
12.29 
11.39 
10.15 
6.97 
7.01 
24.25 
20.91 
24.08 
20.88 
21.44 
21.84 
13.68 
24.11 
25.99 
25.89 
24.80 
22.21 
24.92 
23.65 
27.21 
27.60 
22.98 
27.05 
24.75 
7.69 
11.25 
8.92 
27.64 
26.84 
26.04 
27.44 
27.14 
26.67 
26.88 
20.65 
26.27 
21.56 
28.54 
25.35 
8.05 
20.99 
30.03 
26.65 
29.91 
29.76 
27.40 
18.22 
13.12 
14.84 
29.18 
21.01 
27.17 
18.99 
29.42 
19.70 
30.63 
19.55 
25.02 
29.98 
26.06 
28.45 
13.26 
15.82 
10.19 
8.31 
8.32 
21.47 
26.42 
15.66 
29.66 
28.29 
8.31 
20.94 
29.13 
30.82 
18.53 
26.88 
8.28 
8.28 
8.27 
8.26 
9.96 
14.20 
8.23 
17.24 
13.31 
24.69 
25.69 
28.22 
28.37 
25.29 
26.62 
17.44 
8.09 
26.20 
25.66 
26.82 
13.43 
8.00 
11.35 
7.95 
25.13 
26.44 
26.40 
25.68 
20.10 
13.69 
13.82 
11.95 
23.79 
7.70 
7.68 
12.48 
17.77 
26.70 
23.82 
25.43 
26.69 
27.29 
24.42 
9.05 
26.43 
26.69 
24.49 
13.64 
21.09 
24.93 
23.88 
22.02 
7.08 
9.14 
22.77 
25.42 
25.50 
23.97 
6.84 
8.71 
6.76 
12.25 
6.68 
6.64 
25.21 
24.48 
22.21 
11.73 
12.90 
21.30 
22.88 
21.10 
6.24 
6.20 
20.19 
6.11 
21.03 
12.57 
11.46 
18.93 
19.26 
17.55 
5.78 
5.73 
5.69 
16.42 
15.32 
5.54 
18.66 
5.45 
13.95 
10.65 
5.30 
16.70 
8.91 
5.16 
16.91 
18.01 
14.40 
4.97 
4.92 
4.87 
9.54 
4.78 
17.66 
17.28 
16.77 
16.77 
15.64 
15.15 
4.45 
4.41 
7.92 
4.32 
4.27 
4.23 
4.18 
15.43 
14.72 
10.04 
11.00 
3.97 
3.93 
3.89 
14.51 
14.39 
12.94 
14.06 
14.07 
3.66 
12.66 
11.26 
10.21 
8.42 
13.02 
12.93 
12.94 
3.38 
10.48 
12.67 
11.36 
3.26 
3.23 
5.71 
11.46 
3.15 
10.92 
8.01 
3.08 
3.05 
10.00 
3.01 
7.88 
10.98 
10.65 
10.12 
10.83 
10.32 
7.85 
9.59 
9.65 
2.85 
2.84 
9.56 
10.18 
10.06 
9.40 
9.02 
10.37 
9.99 
6.88 
9.43 
9.33 
9.97 
10.24 
8.51 
10.43 
9.99 
6.80 
2.79 
2.79 
8.67 
9.97 
10.37 
