20050101
9.74 
7.64 
9.89 
9.84 
5.49 
8.57 
9.95 
10.00 
9.68 
9.46 
10.15 
10.20 
10.26 
7.71 
10.10 
10.16 
8.71 
10.67 
10.74 
10.82 
10.31 
5.03 
3.11 
9.16 
3.17 
7.80 
3.94 
3.26 
12.07 
5.80 
12.26 
12.88 
12.77 
3.48 
10.54 
12.45 
10.07 
3.63 
3.67 
13.20 
13.64 
13.64 
12.29 
10.58 
7.70 
3.96 
14.10 
8.38 
14.34 
15.17 
15.05 
13.85 
13.85 
14.69 
10.76 
16.17 
16.54 
16.67 
16.30 
4.62 
16.94 
13.85 
16.29 
16.54 
16.01 
18.11 
18.11 
10.36 
17.02 
18.77 
19.30 
19.57 
17.37 
17.21 
5.36 
17.44 
20.37 
19.65 
20.62 
9.47 
21.17 
15.38 
22.00 
21.69 
21.08 
19.73 
22.35 
23.21 
22.29 
17.77 
9.45 
22.34 
22.91 
14.65 
16.11 
6.38 
12.43 
6.47 
19.68 
21.17 
17.84 
20.42 
23.65 
25.63 
24.31 
22.66 
14.65 
22.52 
6.95 
22.52 
25.65 
26.22 
22.27 
25.58 
27.44 
22.81 
24.67 
16.75 
21.71 
19.32 
27.25 
26.00 
23.60 
23.66 
7.54 
27.91 
16.37 
24.05 
27.58 
7.69 
18.54 
24.08 
17.28 
20.66 
22.04 
14.38 
7.88 
28.52 
29.40 
25.92 
14.02 
29.69 
25.35 
27.06 
26.42 
30.33 
20.91 
25.83 
13.70 
22.67 
13.74 
18.15 
23.41 
30.70 
30.72 
21.43 
28.55 
12.31 
8.26 
8.27 
22.34 
25.22 
25.74 
14.91 
24.91 
21.86 
25.43 
8.32 
27.30 
21.37 
29.33 
23.40 
27.30 
23.23 
8.32 
8.32 
8.32 
8.31 
24.89 
19.30 
30.29 
26.89 
24.68 
24.67 
28.71 
30.89 
30.71 
14.65 
8.22 
22.38 
25.06 
17.12 
26.53 
10.34 
8.14 
11.32 
8.10 
16.32 
8.07 
8.05 
22.28 
15.71 
12.84 
7.96 
7.94 
28.46 
18.07 
9.37 
26.66 
26.12 
22.91 
7.76 
17.68 
27.91 
8.34 
21.03 
11.41 
13.68 
17.75 
7.52 
7.49 
13.84 
18.37 
7.39 
7.36 
8.62 
9.72 
8.22 
7.21 
27.64 
27.08 
23.30 
23.23 
26.34 
19.09 
18.86 
19.73 
23.92 
21.16 
15.73 
20.36 
23.09 
15.06 
15.61 
23.73 
24.40 
23.68 
22.20 
23.32 
22.60 
22.49 
21.33 
6.20 
6.15 
6.11 
6.06 
22.71 
5.96 
14.27 
21.77 
20.92 
7.79 
11.91 
20.42 
21.29 
17.48 
16.24 
15.72 
12.96 
14.40 
14.17 
5.28 
5.23 
14.55 
17.15 
18.64 
18.78 
18.38 
7.18 
15.76 
18.12 
16.83 
15.55 
14.53 
4.64 
6.74 
17.08 
16.71 
16.21 
16.69 
16.20 
15.95 
4.27 
15.46 
15.22 
14.63 
14.74 
14.04 
4.00 
3.95 
14.50 
12.23 
12.13 
13.48 
11.71 
10.29 
3.66 
8.06 
3.58 
13.05 
12.09 
12.63 
11.69 
12.12 
12.33 
7.01 
11.94 
11.85 
11.46 
10.67 
10.99 
8.84 
6.43 
10.37 
11.07 
11.09 
10.92 
9.90 
10.50 
10.06 
5.05 
8.26 
9.88 
8.54 
9.86 
2.80 
8.31 
9.63 
9.77 
10.09 
9.60 
9.92 
5.44 
9.06 
9.47 
9.62 
9.25 
9.58 
9.64 
9.45 
9.35 
8.47 
3.58 
6.45 
9.59 
9.33 
8.46 
8.03 
9.26 
9.44 
9.11 
2.63 
2.64 
7.22 
2.66 
9.12 
8.35 
2.69 
2.70 
9.51 
9.91 
9.50 
9.64 
9.68 
8.91 
2.81 
2.83 
9.33 
7.81 
8.32 
5.55 
2.95 
10.48 
7.97 
5.91 
10.21 
10.87 
8.50 
3.14 
10.81 
10.30 
11.08 
8.13 
6.15 
5.08 
10.19 
12.15 
11.83 
12.67 
12.66 
7.52 
3.59 
12.98 
13.53 
13.20 
13.31 
13.53 
10.04 
3.88 
10.44 
6.96 
13.99 
14.22 
14.22 
14.22 
4.19 
4.24 
15.78 
15.67 
4.38 
7.02 
16.67 
6.27 
4.57 
11.22 
17.19 
15.65 
12.01 
14.07 
16.80 
17.58 
12.26 
8.75 
12.86 
16.20 
18.76 
18.89 
19.16 
11.12 
19.13 
10.73 
20.79 
18.94 
18.07 
17.75 
13.84 
21.29 
19.10 
20.23 
15.52 
10.76 
21.91 
21.58 
21.40 
16.87 
8.40 
19.32 
20.18 
18.91 
23.13 
6.38 
21.65 
13.11 
6.52 
6.56 
6.61 
21.98 
23.65 
19.65 
20.68 
21.71 
21.32 
9.61 
25.47 
26.04 
22.92 
24.93 
22.59 
25.42 
13.83 
11.28 
25.65 
19.36 
18.11 
24.88 
24.79 
25.01 
22.28 
7.50 
26.19 
24.10 
24.32 
7.63 
15.46 
26.48 
23.37 
7.75 
27.80 
25.84 
24.21 
25.93 
21.45 
17.96 
23.20 
14.16 
7.97 
23.30 
27.70 
25.04 
11.43 
10.94 
23.27 
29.54 
29.23 
24.70 
14.41 
25.08 
15.46 
10.57 
16.84 
25.49 
18.73 
20.10 
24.18 
17.08 
19.80 
28.10 
17.10 
8.30 
22.37 
26.10 
22.21 
30.34 
27.30 
8.32 
13.58 
22.89 
20.52 
20.52 
14.08 
12.22 
23.38 
24.22 
21.68 
8.30 
24.54 
22.33 
27.39 
25.35 
13.34 
13.16 
25.64 
8.24 
8.22 
8.21 
8.20 
25.38 
18.95 
24.49 
8.14 
16.20 
24.41 
8.09 
8.07 
19.12 
17.75 
29.62 
25.90 
7.96 
9.28 
7.92 
10.06 
18.54 
12.51 
7.82 
12.44 
7.76 
19.18 
23.44 
18.92 
21.52 
7.62 
19.61 
11.83 
18.20 
13.39 
13.51 
9.06 
7.39 
7.36 
9.11 
26.10 
21.98 
26.27 
27.00 
26.27 
11.59 
19.54 
19.00 
24.82 
22.98 
6.90 
9.23 
25.41 
19.34 
18.80 
9.19 
21.91 
14.52 
16.31 
6.52 
18.15 
18.52 
22.55 
12.87 
7.66 
21.48 
22.43 
22.02 
21.31 
21.05 
16.50 
10.67 
17.78 
18.99 
20.48 
19.50 
20.54 
19.99 
19.73 
19.04 
15.82 
5.48 
19.38 
14.12 
19.14 
19.42 
16.97 
15.77 
16.74 
12.73 
14.51 
15.33 
4.94 
14.59 
4.84 
12.94 
12.46 
17.35 
16.20 
4.60 
6.30 
10.35 
4.45 
16.08 
14.00 
15.22 
14.14 
4.22 
5.24 
14.98 
5.84 
12.06 
13.93 
7.16 
12.56 
14.38 
12.13 
13.14 
13.04 
12.82 
11.73 
10.01 
11.76 
12.94 
12.52 
10.52 
11.59 
9.42 
12.23 
10.29 
11.53 
12.05 
11.86 
9.28 
3.16 
9.34 
9.85 
3.08 
9.52 
8.40 
7.77 
10.37 
2.94 
6.30 
8.50 
9.56 
9.69 
10.01 
9.96 
10.09 
10.13 
9.09 
9.86 
2.73 
9.33 
2.70 
9.35 
8.44 
2.67 
2.66 
9.07 
8.43 
9.29 
8.58 
9.00 
8.30 
8.81 
2.62 
3.92 
9.15 
9.16 
7.94 
2.62 
2.62 
9.37 
9.38 
8.79 
2.65 
2.66 
8.24 
9.24 
9.89 
8.59 
5.76 
10.18 
9.86 
10.18 
8.77 
8.82 
10.15 
10.20 
10.54 
9.39 
5.70 
10.26 
10.79 
10.96 
9.31 
3.02 
10.79 
10.09 
10.95 
7.18 
7.83 
9.70 
11.28 
11.88 
9.01 
12.16 
12.26 
12.78 
12.04 
12.56 
11.71 
10.09 
12.98 
8.20 
7.17 
13.31 
13.86 
13.75 
12.85 
8.87 
14.33 
13.64 
13.29 
13.99 
13.75 
13.63 
10.64 
4.24 
14.57 
14.57 
4.38 
4.42 
4.47 
14.92 
14.66 
4.62 
13.36 
8.83 
4.76 
17.71 
17.85 
18.11 
18.90 
14.10 
19.04 
18.50 
16.31 
14.51 
15.58 
12.92 
17.46 
15.76 
16.01 
5.51 
7.98 
14.47 
13.70 
5.71 
20.55 
20.67 
19.76 
21.05 
17.62 
7.78 
7.09 
14.48 
19.52 
21.43 
23.21 
23.02 
6.33 
21.86 
21.96 
24.69 
19.68 
23.51 
6.61 
6.65 
24.59 
25.16 
17.68 
15.38 
19.10 
14.07 
19.24 
26.04 
15.70 
25.41 
14.53 
24.77 
24.68 
27.68 
27.28 
25.07 
22.85 
13.59 
27.57 
25.18 
28.04 
25.96 
22.39 
27.24 
25.48 
15.59 
27.25 
24.65 
7.72 
25.25 
27.63 
29.01 
14.01 
24.09 
17.76 
28.69 
28.57 
21.05 
28.64 
8.00 
8.02 
24.87 
29.12 
27.29 
21.08 
26.50 
29.57 
24.53 
8.16 
8.18 
8.19 
8.21 
29.70 
29.89 
23.98 
23.32 
28.24 
23.17 
25.21 
24.38 
8.30 
16.26 
28.80 
30.00 
24.75 
25.09 
11.03 
8.32 
8.33 
17.13 
19.00 
10.53 
26.44 
24.07 
25.75 
8.31 
24.39 
8.30 
8.30 
16.24 
8.28 
8.28 
25.50 
24.31 
21.08 
8.24 
8.22 
8.21 
14.77 
22.51 
8.17 
11.86 
21.27 
8.12 
13.99 
8.09 
12.94 
29.69 
25.97 
27.44 
29.08 
28.21 
27.50 
22.11 
7.89 
7.87 
14.00 
21.13 
16.76 
7.76 
13.04 
26.92 
27.52 
12.93 
7.62 
13.68 
7.56 
24.60 
24.05 
13.84 
24.25 
22.72 
25.59 
24.22 
26.26 
7.25 
21.91 
23.61 
23.06 
20.90 
25.95 
26.66 
25.93 
19.97 
23.85 
6.86 
20.84 
19.50 
24.28 
20.59 
23.77 
19.64 
19.40 
23.32 
23.68 
22.96 
23.16 
23.51 
21.28 
22.54 
19.57 
15.73 
15.35 
9.62 
6.01 
16.71 
17.64 
16.08 
5.82 
20.51 
11.33 
21.56 
20.44 
20.17 
18.64 
19.37 
5.43 
14.54 
17.34 
15.99 
17.66 
5.18 
10.67 
14.75 
15.44 
4.99 
4.94 
14.59 
18.12 
11.00 
6.03 
12.49 
17.09 
8.89 
17.46 
16.46 
15.83 
13.38 
7.29 
15.83 
15.10 
14.03 
15.22 
13.33 
4.09 
11.83 
10.35 
3.95 
8.81 
13.14 
7.08 
13.48 
13.59 
13.37 
13.26 
12.72 
11.43 
3.54 
3.51 
3.47 
11.27 
10.98 
11.61 
3.33 
3.29 
3.26 
11.46 
11.67 
10.99 
10.91 
9.07 
9.78 
10.29 
3.02 
7.67 
6.39 
2.94 
10.62 
10.65 
8.08 
10.71 
9.92 
8.31 
9.54 
10.04 
9.54 
8.96 
8.11 
9.96 
9.30 
4.55 
2.68 
8.67 
9.27 
9.42 
9.66 
9.64 
8.58 
4.90 
9.34 
8.64 
8.81 
7.85 
2.61 
9.68 
4.28 
7.95 
2.62 
2.63 
2.63 
9.14 
9.51 
9.45 
9.92 
9.06 
9.62 
8.85 
7.46 
8.57 
9.05 
9.91 
10.14 
4.80 
9.51 
10.02 
9.98 
2.88 
9.82 
10.35 
2.95 
9.34 
3.00 
8.51 
10.41 
5.32 
11.15 
11.52 
5.05 
11.40 
10.07 
10.05 
10.95 
11.65 
11.54 
12.15 
11.73 
12.88 
11.81 
10.09 
12.87 
12.98 
12.43 
13.09 
12.86 
13.19 
13.30 
13.53 
13.64 
13.87 
13.99 
13.87 
10.93 
13.98 
14.10 
4.24 
13.36 
16.16 
11.25 
9.49 
16.05 
16.42 
16.05 
17.70 
12.08 
12.05 
16.68 
17.19 
13.65 
17.84 
17.84 
11.56 
15.14 
13.90 
14.14 
11.64 
19.02 
15.83 
19.55 
18.28 
17.41 
5.51 
19.77 
15.61 
5.66 
16.10 
20.11 
21.10 
15.66 
17.96 
16.74 
6.00 
6.05 
16.42 
21.32 
6.19 
20.79 
19.98 
22.98 
20.33 
6.43 
17.43 
6.52 
6.56 
6.61 
22.77 
6.69 
5165.84 
21.63 
17.43 
18.30 
21.24 
19.56 
15.79 
7.03 
7.07 
7.11 
25.09 
23.23 
9.49 
23.21 
24.25 
17.13 
16.70 
13.80 
22.55 
7.47 
7.50 
26.69 
23.61 
19.36 
7.63 
25.92 
18.00 
21.87 
7.75 
7.77 
20.83 
18.19 
21.07 
21.78 
7.90 
26.38 
24.57 
21.59 
27.84 
25.52 
22.01 
27.26 
25.61 
8.10 
21.95 
26.53 
25.88 
27.93 
15.44 
28.14 
24.61 
20.06 
20.58 
25.16 
21.12 
13.00 
27.24 
27.42 
26.24 
22.01 
24.39 
9.66 
10.51 
24.41 
20.69 
8.32 
27.47 
16.46 
8.33 
12.05 
20.01 
8.32 
25.08 
9.16 
12.88 
8.31 
8.30 
8.30 
8.29 
8.28 
17.57 
26.85 
13.32 
8.25 
28.16 
19.19 
8.21 
8.20 
12.90 
8.17 
25.16 
25.98 
8.12 
11.80 
24.72 
23.01 
15.10 
29.66 
26.77 
22.72 
28.21 
21.15 
7.92 
7.89 
7.87 
19.17 
17.30 
17.60 
20.71 
7.74 
7.71 
28.68 
28.29 
23.62 
23.73 
22.36 
16.72 
7.49 
7.46 
7.43 
7.39 
16.64 
25.36 
15.39 
25.05 
24.98 
7.98 
10.19 
20.25 
24.19 
7.02 
15.90 
21.08 
18.15 
15.87 
8.08 
18.09 
20.36 
11.07 
6.65 
22.43 
24.50 
23.63 
19.07 
16.23 
21.94 
17.58 
6.29 
21.03 
6.20 
18.27 
23.10 
21.79 
16.50 
19.06 
19.69 
18.99 
14.68 
17.62 
13.92 
19.27 
14.17 
14.65 
13.14 
5.48 
17.01 
20.93 
16.51 
19.70 
16.16 
18.76 
16.88 
13.94 
15.58 
4.99 
4.94 
17.86 
15.13 
14.76 
14.26 
17.60 
17.34 
17.21 
13.70 
15.09 
14.72 
14.73 
14.49 
4.31 
13.30 
13.31 
4.18 
4.13 
14.62 
14.74 
14.39 
14.16 
14.61 
12.35 
3.83 
13.26 
13.92 
12.82 
13.59 
13.04 
12.19 
11.66 
12.62 
13.26 
10.23 
12.22 
11.92 
8.86 
5.94 
3.26 
3.23 
10.18 
9.01 
11.01 
11.61 
11.24 
10.87 
10.80 
9.49 
6.67 
5.02 
10.24 
2.90 
10.21 
9.88 
10.01 
9.68 
8.63 
9.68 
2.76 
10.31 
9.64 
10.05 
8.32 
8.20 
2.68 
2.67 
7.15 
6.69 
9.14 
9.64 
9.28 
7.43 
9.17 
9.16 
5.41 
8.19 
7.93 
6.10 
9.42 
9.17 
9.44 
8.93 
6.05 
7.47 
9.25 
9.45 
9.39 
9.30 
7.64 
8.29 
9.48 
9.51 
9.19 
9.68 
7.28 
9.77 
9.73 
10.06 
10.30 
10.26 
10.41 
9.73 
10.07 
2.95 
10.86 
10.46 
8.41 
8.18 
9.02 
10.85 
11.33 
11.41 
11.50 
11.38 
9.34 
10.23 
11.45 
10.40 
8.61 
10.57 
11.19 
9.58 
12.34 
11.69 
12.44 
7.50 
12.98 
11.53 
13.42 
3.84 
13.64 
9.07 
14.33 
14.22 
4.05 
4.10 
6.75 
15.05 
14.46 
15.91 
9.08 
11.50 
16.54 
16.17 
16.17 
16.30 
16.93 
13.61 
13.33 
4.76 
11.46 
17.71 
16.66 
16.78 
16.50 
17.43 
14.98 
7.20 
18.62 
18.74 
14.44 
18.99 
17.44 
16.85 
20.78 
17.78 
5.61 
20.30 
17.97 
19.97 
19.50 
21.37 
21.05 
20.13 
6.00 
17.38 
13.13 
22.98 
20.98 
15.63 
19.52 
23.59 
23.39 
22.73 
21.29 
22.16 
19.15 
6.61 
19.95 
20.04 
21.54 
24.31 
24.56 
22.43 
6.91 
6.95 
10.03 
25.81 
24.93 
7.11 
11.67 
26.14 
26.87 
21.09 
24.74 
20.40 
21.12 
7.40 
22.39 
27.05 
25.31 
26.36 
25.09 
25.15 
23.05 
12.64 
16.67 
24.53 
28.08 
25.46 
16.82 
7.83 
7.85 
29.32 
28.36 
27.06 
26.59 
15.03 
25.32 
26.36 
27.40 
26.76 
24.93 
20.24 
8.11 
28.56 
31.11 
30.97 
24.23 
28.31 
31.20 
24.80 
23.29 
11.29 
25.86 
8.26 
24.53 
27.59 
25.39 
30.14 
22.70 
23.21 
19.49 
8.32 
22.04 
8.32 
8.32 
26.28 
20.18 
31.53 
27.46 
29.15 
27.11 
27.28 
8.31 
28.11 
29.45 
25.38 
21.82 
28.23 
24.50 
20.77 
8.26 
8.25 
20.56 
8.22 
27.44 
26.41 
10.71 
11.54 
8.15 
18.07 
29.32 
16.51 
8.09 
26.37 
21.64 
20.60 
29.79 
16.69 
18.67 
10.28 
10.92 
25.58 
16.70 
21.00 
16.80 
7.79 
10.92 
7.74 
18.97 
24.22 
21.85 
13.23 
16.15 
15.45 
19.51 
19.95 
10.73 
26.87 
27.45 
26.24 
23.25 
14.42 
7.25 
7.21 
20.39 
7.14 
26.35 
20.98 
18.36 
25.14 
19.49 
6.90 
12.71 
21.79 
24.53 
24.43 
24.49 
23.77 
16.69 
6.56 
12.68 
6.47 
6.43 
6.38 
15.46 
15.98 
22.84 
9.66 
21.72 
22.35 
21.94 
19.61 
22.00 
20.71 
17.83 
10.61 
17.91 
12.20 
20.99 
21.01 
17.91 
13.71 
11.65 
11.99 
12.88 
18.31 
13.24 
5.23 
9.26 
16.88 
19.31 
18.78 
17.72 
17.86 
17.86 
4.84 
14.50 
17.48 
16.71 
15.82 
14.82 
17.21 
16.46 
7.55 
16.33 
6.68 
15.59 
15.46 
15.34 
14.63 
13.45 
11.70 
4.04 
14.16 
10.03 
12.22 
9.18 
3.83 
10.58 
5.51 
13.59 
13.15 
12.39 
12.29 
9.52 
3.51 
7.37 
3.43 
11.08 
7.80 
3.33 
12.35 
12.15 
11.76 
11.47 
11.39 
11.11 
11.52 
10.85 
10.68 
9.36 
10.06 
2.97 
10.50 
2.92 
10.37 
8.73 
9.14 
10.01 
9.22 
5.53 
9.68 
2.76 
10.04 
9.19 
2.71 
7.87 
9.00 
2.68 
4.88 
9.00 
8.81 
8.87 
9.21 
9.28 
9.53 
9.17 
9.34 
9.33 
9.33 
8.28 
8.72 
5.24 
9.08 
8.66 
9.02 
7.89 
3.96 
9.07 
8.83 
3.37 
9.33 
2.69 
8.32 
9.78 
10.09 
10.23 
5.38 
9.14 
9.55 
10.61 
10.76 
10.63 
9.76 
10.85 
8.94 
8.62 
10.20 
3.00 
7.45 
11.57 
11.65 
11.93 
11.23 
11.81 
11.10 
7.86 
11.37 
12.48 
12.37 
12.47 
9.34 
11.52 
12.77 
13.20 
13.41 
12.01 
3.63 
9.80 
11.87 
9.97 
6.59 
13.53 
14.44 
6.55 
15.14 
13.87 
13.75 
13.40 
15.17 
12.67 
14.58 
14.57 
12.25 
4.38 
15.92 
10.07 
4.52 
5.58 
17.31 
16.55 
14.49 
11.11 
17.71 
17.98 
17.58 
7.09 
17.70 
19.84 
14.03 
19.03 
18.07 
5.26 
19.42 
16.91 
20.24 
15.16 
5.51 
6.41 
16.47 
11.69 
19.70 
9.96 
20.81 
20.05 
21.79 
22.65 
16.69 
6.05 
17.47 
22.98 
23.40 
20.18 
17.39 
6.33 
24.62 
23.19 
21.45 
6.52 
23.82 
13.16 
13.07 
26.16 
19.49 
15.15 
6.82 
19.25 
15.99 
9.50 
22.20 
15.38 
17.53 
23.08 
24.77 
14.80 
17.78 
21.25 
23.77 
24.98 
28.16 
27.74 
23.21 
18.50 
18.55 
8.53 
28.24 
22.83 
26.70 
9.49 
23.65 
22.53 
19.75 
27.63 
18.16 
18.36 
16.56 
7.88 
14.27 
26.89 
29.61 
15.37 
26.83 
25.01 
23.53 
30.13 
24.09 
8.10 
8.11 
20.28 
14.23 
21.17 
16.97 
22.90 
29.17 
26.49 
24.81 
24.66 
22.30 
27.73 
26.56 
8.28 
16.59 
19.47 
13.55 
21.86 
25.59 
22.21 
17.98 
17.81 
24.76 
28.82 
28.14 
29.50 
29.32 
29.32 
26.27 
27.45 
19.15 
17.28 
24.04 
11.51 
8.29 
31.62 
30.08 
17.73 
30.89 
31.21 
23.26 
25.94 
19.51 
8.20 
10.21 
9.01 
25.16 
25.47 
8.12 
8.10 
16.32 
20.32 
8.05 
8.03 
16.89 
25.57 
19.84 
21.15 
17.44 
7.89 
7.87 
18.17 
7.82 
7.79 
7.76 
27.30 
27.91 
7.68 
7.65 
19.16 
28.83 
25.15 
23.12 
20.12 
23.50 
9.55 
19.95 
7.36 
14.31 
25.29 
21.98 
16.74 
7.18 
7.14 
19.61 
7.06 
13.57 
21.16 
16.63 
22.43 
23.29 
23.99 
21.07 
23.96 
19.34 
20.35 
18.40 
20.95 
6.52 
18.92 
18.68 
19.81 
12.11 
23.10 
7.91 
21.07 
22.61 
22.20 
22.09 
20.79 
9.50 
5.92 
5.87 
8.43 
21.52 
7.59 
5.67 
22.00 
21.31 
19.77 
17.82 
18.83 
20.23 
20.24 
18.74 
18.48 
15.23 
5.13 
5.08 
19.71 
18.78 
16.01 
13.41 
12.26 
13.98 
4.74 
15.05 
17.73 
17.59 
17.71 
17.20 
17.07 
7.48 
4.36 
5.77 
16.07 
4.22 
4.18 
4.13 
4.09 
15.20 
15.43 
14.96 
15.07 
14.61 
14.94 
14.59 
14.59 
14.03 
13.70 
13.80 
12.83 
10.59 
3.51 
13.26 
11.27 
11.60 
5.73 
11.32 
12.14 
11.95 
12.16 
11.67 
10.79 
3.13 
6.82 
8.13 
8.65 
11.38 
9.49 
10.18 
11.16 
5.83 
11.21 
10.49 
2.85 
2.83 
2.81 
8.72 
10.22 
8.37 
8.51 
10.18 
3.52 
10.10 
8.73 
8.26 
9.65 
2.66 
8.98 
9.66 
8.77 
6.22 
9.27 
7.60 
8.11 
9.59 
7.41 
8.72 
9.77 
9.69 
9.78 
9.79 
8.49 
9.73 
5.28 
7.58 
9.71 
9.74 
9.50 
8.11 
8.59 
9.87 
10.27 
10.23 
6.92 
10.32 
10.10 
10.61 
10.20 
9.70 
10.69 
10.94 
10.82 
10.79 
10.96 
11.22 
11.30 
11.47 
10.68 
11.73 
11.72 
11.31 
12.40 
10.17 
10.05 
12.48 
12.58 
12.88 
12.67 
11.62 
12.24 
10.85 
10.41 
13.74 
4.39 
13.63 
12.20 
3.75 
8.16 
13.76 
10.46 
14.67 
13.87 
9.93 
13.75 
14.81 
14.93 
13.14 
4.24 
4.28 
6.40 
15.67 
14.81 
4.47 
8.15 
14.53 
17.44 
17.58 
18.09 
18.36 
15.50 
16.40 
19.03 
19.17 
19.71 
19.31 
18.23 
12.78 
5.76 
9.66 
19.15 
20.39 
18.00 
10.95 
17.39 
13.95 
16.47 
21.88 
21.72 
22.29 
21.98 
18.15 
22.08 
22.35 
22.17 
21.40 
18.82 
10.96 
23.55 
23.66 
23.48 
20.53 
9.14 
19.35 
23.61 
21.85 
21.02 
25.32 
23.86 
20.66 
23.11 
24.15 
24.72 
16.87 
25.54 
25.47 
18.04 
7.03 
24.61 
19.37 
21.54 
10.75 
7.22 
26.79 
22.95 
8.96 
14.24 
26.43 
28.63 
25.74 
12.12 
7.54 
20.63 
25.98 
22.06 
20.11 
25.31 
25.86 
26.58 
28.80 
26.17 
29.23 
24.59 
18.43 
23.66 
28.40 
19.71 
28.81 
29.18 
29.39 
27.74 
26.93 
17.35 
28.00 
22.12 
16.74 
18.45 
27.93 
27.78 
24.08 
28.84 
30.04 
28.36 
14.67 
26.03 
21.47 
25.54 
17.09 
8.29 
27.77 
26.77 
22.37 
15.26 
13.57 
25.26 
24.08 
8.32 
22.55 
22.38 
11.21 
11.71 
27.80 
31.35 
20.00 
19.32 
24.22 
20.66 
8.30 
9.31 
18.26 
29.57 
27.70 
9.78 
17.53 
15.33 
21.05 
31.15 
25.73 
25.54 
18.11 
20.78 
18.91 
21.75 
18.02 
12.62 
19.15 
8.05 
8.03 
8.01 
15.52 
12.15 
7.94 
7.92 
27.08 
7.87 
16.00 
7.82 
14.94 
25.36 
18.18 
7.71 
21.41 
23.83 
8.61 
8.58 
11.83 
19.35 
9.79 
26.28 
20.50 
17.50 
20.22 
15.45 
7.29 
24.08 
17.71 
25.87 
18.55 
22.34 
24.99 
17.56 
17.81 
18.54 
17.83 
22.19 
6.82 
24.37 
16.60 
19.65 
6.65 
23.68 
23.42 
23.01 
23.07 
24.65 
23.01 
15.61 
6.29 
23.59 
11.31 
19.92 
17.14 
6.06 
7.93 
16.12 
16.17 
13.60 
21.35 
22.39 
22.12 
21.56 
21.72 
20.17 
18.92 
17.54 
16.45 
12.18 
5.33 
19.29 
20.66 
20.39 
19.58 
19.18 
16.78 
13.61 
18.91 
15.50 
13.30 
4.79 
16.45 
15.05 
14.30 
4.60 
13.57 
15.09 
17.07 
16.57 
15.83 
4.31 
4.27 
10.44 
11.30 
4.13 
15.44 
15.55 
10.58 
11.06 
10.97 
9.52 
6.97 
6.24 
3.74 
8.10 
3.66 
6.98 
3.58 
8.35 
12.84 
5.26 
12.63 
12.33 
11.71 
12.13 
12.45 
11.44 
5.64 
3.20 
3.16 
3.13 
11.61 
11.24 
10.87 
3.02 
11.30 
4.39 
7.66 
6.30 
10.09 
9.29 
6.74 
10.65 
10.05 
2.80 
9.95 
8.18 
2.74 
2.73 
2.71 
10.10 
10.24 
10.12 
9.74 
9.97 
4.58 
9.84 
9.91 
10.07 
9.88 
9.69 
9.68 
9.42 
8.63 
9.85 
8.63 
9.42 
9.78 
9.35 
5.60 
9.38 
8.96 
5.02 
8.57 
9.74 
2.68 
9.98 
10.10 
9.87 
9.73 
7.16 
7.10 
8.50 
9.09 
10.06 
9.93 
10.63 
10.32 
9.35 
2.92 
2.95 
6.49 
3.00 
6.78 
11.18 
11.26 
11.34 
11.42 
11.51 
10.80 
11.58 
8.23 
12.07 
3.33 
9.78 
12.67 
12.77 
11.50 
12.98 
3.55 
13.30 
13.74 
13.96 
13.20 
14.31 
13.87 
9.81 
8.87 
13.87 
12.72 
15.15 
15.16 
15.40 
15.41 
13.50 
13.01 
4.28 
16.16 
9.16 
15.80 
16.67 
12.16 
11.38 
10.46 
4.67 
16.16 
12.79 
10.68 
4.86 
16.66 
18.37 
18.10 
17.83 
18.63 
19.30 
19.16 
18.05 
19.98 
16.63 
5.41 
6.59 
20.50 
19.91 
19.89 
14.85 
15.52 
11.41 
22.27 
22.10 
19.73 
22.05 
21.28 
18.27 
20.17 
23.28 
18.42 
6.24 
23.17 
24.05 
23.85 
19.04 
22.99 
24.80 
22.57 
13.62 
24.49 
25.69 
22.95 
22.73 
18.38 
25.93 
24.27 
19.56 
8.75 
7.03 
11.25 
21.79 
13.94 
7.18 
25.41 
26.62 
24.42 
19.42 
24.23 
18.72 
24.19 
24.91 
25.31 
22.72 
28.57 
27.30 
9.79 
26.09 
25.31 
23.70 
7.75 
11.45 
15.32 
28.56 
27.27 
25.47 
29.19 
28.40 
23.23 
9.82 
24.48 
13.57 
27.57 
29.45 
27.97 
29.35 
29.54 
28.72 
8.15 
27.59 
25.92 
9.04 
23.26 
8.22 
23.80 
30.58 
21.79 
19.61 
26.22 
17.76 
17.60 
27.43 
24.90 
15.42 
14.92 
17.46 
28.14 
26.79 
19.17 
23.23 
8.83 
19.00 
8.33 
8.32 
15.94 
11.53 
24.39 
21.85 
8.30 
8.30 
25.54 
20.63 
30.59 
26.01 
24.31 
8.25 
23.26 
8.22 
22.21 
8.20 
9.03 
24.85 
22.80 
28.33 
30.49 
28.28 
27.24 
21.50 
15.77 
20.77 
19.40 
7.99 
15.83 
25.66 
19.11 
10.90 
12.87 
11.67 
7.82 
26.57 
20.21 
7.74 
7.71 
26.20 
9.96 
18.34 
15.00 
26.63 
20.66 
7.49 
26.12 
26.54 
15.06 
9.96 
28.12 
9.39 
25.86 
26.11 
20.55 
9.55 
26.03 
21.46 
25.54 
26.73 
24.89 
24.96 
23.92 
17.37 
12.12 
13.63 
20.12 
21.59 
14.68 
15.07 
6.52 
7.55 
25.11 
24.38 
22.14 
6.29 
17.11 
18.22 
18.27 
6.11 
19.71 
23.30 
18.91 
15.88 
19.29 
21.94 
22.53 
18.09 
18.84 
18.44 
13.51 
18.08 
18.52 
13.10 
19.54 
9.75 
10.22 
20.93 
20.39 
19.17 
17.83 
12.24 
17.85 
16.80 
16.94 
16.30 
13.20 
10.66 
18.11 
15.57 
15.32 
16.58 
16.83 
11.88 
4.41 
17.05 
16.19 
14.98 
13.07 
4.18 
10.97 
15.56 
14.74 
13.93 
9.57 
13.36 
14.61 
5.96 
13.81 
14.47 
13.81 
11.62 
3.62 
3.58 
4.40 
12.73 
11.37 
13.16 
12.01 
3.36 
5.27 
11.63 
12.45 
12.26 
10.67 
8.81 
11.30 
3.11 
10.66 
11.07 
7.15 
2.99 
10.85 
10.69 
2.92 
11.02 
7.99 
10.71 
10.29 
10.51 
4.62 
5.05 
10.44 
8.96 
10.35 
7.27 
4.31 
10.06 
9.76 
5.76 
9.18 
2.65 
2.64 
2.63 
2.63 
2.62 
9.61 
9.68 
3.40 
2.61 
7.76 
9.59 
9.77 
8.03 
7.78 
8.93 
7.11 
2.64 
9.34 
10.06 
8.85 
9.74 
9.86 
10.07 
10.19 
10.14 
9.73 
9.59 
10.18 
10.41 
8.45 
2.81 
9.28 
2.85 
9.85 
8.79 
10.63 
10.32 
9.44 
10.17 
3.02 
3.05 
11.26 
3.89 
11.42 
10.91 
7.60 
3.23 
9.24 
3.30 
3.33 
3.37 
11.84 
12.56 
3.48 
13.51 
6.23 
12.98 
13.85 
13.09 
13.09 
12.86 
5.36 
13.64 
12.28 
5.87 
15.02 
4.01 
4.05 
13.63 
15.76 
13.74 
12.41 
16.39 
16.03 
11.13 
4.42 
15.67 
16.17 
7.97 
17.57 
8.50 
17.45 
18.36 
15.11 
4.86 
14.68 
15.85 
15.03 
19.17 
17.14 
5.16 
20.12 
17.92 
16.10 
18.58 
14.22 
16.15 
8.20 
21.48 
5.61 
20.88 
8.60 
22.14 
20.52 
18.01 
16.79 
20.73 
18.91 
14.54 
6.10 
6.15 
22.94 
22.00 
11.61 
11.68 
23.70 
23.04 
21.60 
24.33 
21.95 
25.01 
24.80 
9.99 
25.63 
23.68 
23.30 
16.24 
25.06 
14.61 
25.88 
25.33 
20.75 
13.24 
20.08 
25.66 
18.91 
24.18 
16.59 
27.59 
27.99 
28.07 
16.96 
24.91 
25.96 
25.04 
25.09 
25.15 
22.88 
7.66 
27.31 
27.03 
27.58 
20.45 
29.01 
26.05 
26.93 
8.72 
7.90 
16.15 
29.44 
20.24 
29.52 
23.16 
17.97 
25.75 
14.48 
8.10 
8.11 
31.09 
30.78 
28.10 
24.74 
20.87 
28.84 
8.22 
8.23 
8.24 
13.50 
25.70 
22.33 
8.28 
13.03 
29.64 
27.44 
27.45 
25.42 
8.32 
24.24 
21.71 
30.69 
25.26 
24.59 
8.50 
27.97 
16.62 
11.03 
18.64 
21.69 
8.31 
8.30 
8.30 
8.29 
29.25 
30.25 
28.21 
30.72 
24.29 
12.96 
18.35 
8.21 
8.20 
16.78 
26.03 
12.53 
18.74 
8.12 
23.07 
26.57 
8.07 
8.05 
30.66 
27.44 
18.53 
19.00 
29.17 
29.63 
23.08 
7.87 
27.83 
13.97 
15.27 
19.05 
13.54 
14.33 
13.63 
25.16 
26.75 
7.59 
18.08 
22.14 
27.49 
22.52 
14.29 
11.63 
23.80 
19.83 
7.29 
7.25 
22.39 
25.39 
26.75 
12.23 
19.06 
10.37 
20.68 
26.00 
22.43 
25.19 
10.44 
6.78 
11.90 
23.09 
22.06 
23.99 
23.11 
23.63 
16.92 
6.43 
17.06 
22.90 
19.16 
9.41 
17.77 
21.57 
18.92 
13.78 
22.86 
23.03 
20.42 
5.87 
10.61 
6.35 
17.66 
19.41 
7.62 
5.58 
19.63 
20.77 
20.50 
16.35 
16.10 
5.28 
5.23 
6.40 
19.71 
18.91 
12.77 
11.88 
13.24 
14.06 
16.69 
14.89 
10.40 
17.60 
16.58 
4.60 
4.55 
17.33 
17.20 
14.36 
12.90 
4.31 
15.83 
14.74 
12.49 
14.39 
14.74 
14.39 
14.74 
10.49 
3.91 
8.16 
13.25 
11.03 
7.28 
8.43 
12.39 
13.48 
3.58 
10.49 
13.37 
11.37 
3.43 
12.53 
12.64 
12.44 
7.67 
11.44 
11.76 
9.58 
11.88 
11.80 
11.81 
11.34 
11.26 
11.18 
9.01 
2.97 
11.25 
11.09 
10.93 
10.68 
10.71 
10.75 
10.23 
10.09 
10.31 
9.36 
10.13 
9.28 
5.04 
2.70 
10.24 
9.32 
9.91 
9.97 
10.12 
9.93 
9.38 
7.35 
2.62 
9.61 
9.60 
9.68 
9.85 
8.19 
9.51 
9.07 
4.98 
9.79 
9.63 
9.82 
9.49 
9.95 
9.89 
9.74 
9.77 
9.89 
5.55 
9.25 
2.73 
7.88 
10.36 
10.32 
10.37 
9.87 
10.48 
9.33 
10.04 
10.75 
2.92 
6.63 
10.86 
3.00 
11.20 
11.09 
11.07 
3.11 
3.14 
11.41 
11.50 
10.07 
11.27 
3.30 
12.47 
3.37 
3.40 
10.47 
13.19 
12.98 
12.23 
10.61 
3.63 
10.24 
14.08 
13.86 
13.42 
14.09 
3.88 
7.35 
3.96 
12.71 
13.64 
8.92 
13.15 
9.08 
8.20 
4.28 
4.33 
4.38 
4.42 
4.47 
17.55 
14.66 
15.16 
15.27 
4.71 
14.35 
16.93 
18.63 
17.58 
13.59 
17.97 
15.54 
5.11 
17.67 
19.03 
20.26 
18.59 
19.55 
17.30 
17.27 
10.18 
21.34 
21.18 
20.88 
20.71 
18.52 
19.65 
14.35 
8.41 
5.95 
21.73 
19.31 
18.52 
20.42 
19.93 
23.36 
19.82 
24.05 
23.39 
22.73 
21.29 
12.09 
16.82 
8.17 
20.42 
23.49 
21.70 
19.57 
13.47 
6.86 
22.52 
10.30 
24.12 
25.01 
25.41 
21.30 
19.43 
23.39 
13.39 
25.32 
27.19 
26.12 
26.19 
23.64 
16.80 
24.09 
20.69 
25.37 
14.51 
18.86 
26.70 
9.82 
16.67 
7.72 
27.74 
27.80 
28.34 
28.89 
29.44 
26.64 
26.35 
14.47 
28.77 
28.14 
27.00 
25.69 
8.04 
22.04 
30.16 
21.92 
29.04 
29.40 
29.93 
21.34 
22.71 
19.01 
27.48 
23.44 
21.43 
14.33 
15.02 
26.55 
21.65 
15.56 
24.04 
26.76 
22.53 
28.80 
24.74 
10.35 
10.86 
31.02 
20.35 
12.05 
18.83 
13.75 
31.02 
29.83 
17.97 
22.54 
31.50 
28.45 
30.13 
23.18 
14.72 
8.28 
8.28 
19.42 
12.48 
10.44 
8.24 
19.02 
21.54 
30.29 
28.24 
29.90 
27.01 
26.82 
20.40 
8.10 
16.99 
21.00 
25.00 
23.12 
9.51 
7.99 
12.65 
7.94 
26.29 
26.92 
26.04 
24.33 
7.82 
15.77 
19.55 
21.66 
25.92 
18.59 
7.65 
21.31 
25.70 
23.51 
22.96 
25.53 
21.70 
28.01 
23.54 
9.15 
26.66 
22.69 
22.62 
16.58 
24.90 
22.41 
25.39 
19.70 
21.55 
19.88 
10.60 
25.59 
26.61 
24.94 
20.44 
18.80 
11.07 
6.65 
7.85 
6.56 
24.71 
25.22 
23.12 
22.55 
9.83 
24.92 
23.89 
20.47 
11.84 
16.24 
18.23 
6.31 
23.18 
16.90 
14.18 
22.23 
21.52 
13.78 
18.41 
5.63 
5.58 
20.47 
18.66 
5.43 
19.82 
13.89 
13.38 
20.39 
5.18 
10.67 
16.76 
5.04 
7.24 
18.78 
16.42 
11.48 
13.98 
4.74 
12.36 
10.11 
18.10 
17.21 
16.21 
17.44 
16.45 
16.32 
4.31 
14.02 
13.79 
14.51 
4.13 
4.09 
8.58 
15.31 
15.19 
13.81 
12.01 
7.87 
7.13 
9.61 
14.03 
13.91 
12.94 
13.37 
13.58 
13.69 
12.84 
12.84 
12.43 
6.66 
12.75 
12.75 
12.15 
10.25 
3.20 
12.08 
11.70 
3.11 
3.08 
9.62 
11.28 
2.99 
11.32 
10.02 
2.92 
2.90 
10.31 
8.22 
4.31 
10.51 
10.09 
6.41 
10.17 
10.22 
10.00 
4.59 
8.49 
4.91 
8.70 
9.82 
10.15 
9.95 
9.66 
9.03 
9.54 
9.70 
8.56 
8.46 
9.50 
9.85 
9.76 
8.81 
9.77 
9.61 
8.66 
7.01 
9.30 
9.58 
9.16 
10.24 
