20050101
8.95 
7.91 
9.54 
9.93 
2.72 
8.84 
9.42 
9.92 
9.51 
10.01 
10.71 
10.21 
9.25 
4.09 
9.92 
8.94 
9.76 
10.68 
10.37 
11.02 
9.15 
6.00 
3.11 
9.75 
3.17 
3.20 
3.23 
6.10 
11.26 
7.44 
11.75 
12.05 
12.47 
3.48 
7.13 
9.66 
3.59 
3.63 
3.67 
13.64 
13.76 
13.98 
11.28 
3.88 
3.92 
3.97 
12.83 
5.34 
12.93 
15.29 
15.66 
13.86 
14.22 
12.14 
11.26 
16.42 
16.05 
16.93 
12.52 
4.62 
15.41 
4.72 
18.11 
17.07 
17.72 
17.98 
17.05 
15.57 
15.01 
19.31 
20.13 
20.26 
19.02 
19.57 
5.36 
14.93 
20.37 
19.09 
19.78 
8.90 
20.31 
18.84 
21.42 
21.11 
17.86 
16.35 
22.36 
22.33 
22.45 
13.29 
13.36 
20.99 
22.46 
17.70 
9.39 
6.38 
13.50 
6.47 
22.79 
22.89 
20.02 
15.10 
22.71 
25.16 
24.63 
20.61 
17.19 
17.90 
13.18 
24.61 
26.14 
26.71 
16.30 
26.88 
25.34 
18.43 
25.00 
21.00 
19.26 
22.27 
26.59 
25.68 
23.44 
21.68 
12.49 
27.41 
22.17 
25.71 
29.25 
7.69 
22.87 
21.08 
7.78 
7.80 
21.54 
7.85 
15.75 
27.52 
29.07 
27.77 
7.97 
29.52 
25.35 
27.07 
14.46 
28.48 
8.10 
26.00 
8.13 
24.53 
16.44 
20.52 
30.68 
30.53 
26.83 
8.23 
29.23 
11.30 
8.26 
13.69 
15.56 
26.75 
21.51 
18.64 
26.43 
31.18 
26.44 
8.32 
23.74 
8.32 
30.18 
28.99 
27.64 
22.55 
11.37 
8.32 
8.32 
15.76 
21.68 
22.52 
27.75 
30.11 
15.89 
20.62 
31.42 
30.90 
29.70 
10.94 
12.61 
25.76 
29.11 
27.40 
26.53 
8.15 
20.09 
20.91 
8.10 
8.09 
20.83 
8.05 
8.03 
8.01 
7.99 
7.96 
18.81 
26.12 
24.75 
16.20 
28.66 
26.12 
14.61 
16.56 
21.66 
23.77 
7.68 
18.55 
18.01 
22.41 
15.29 
10.15 
7.49 
13.35 
11.35 
7.39 
7.36 
10.41 
7.29 
7.25 
18.52 
27.81 
26.44 
21.38 
24.19 
23.79 
14.95 
21.88 
23.22 
12.08 
20.37 
10.39 
6.74 
6.69 
6.65 
22.44 
22.34 
23.94 
23.22 
18.99 
22.40 
21.39 
20.07 
18.77 
6.20 
6.15 
6.11 
8.44 
21.98 
5.97 
18.81 
21.77 
18.02 
5.77 
5.72 
19.85 
21.73 
7.28 
13.71 
14.46 
16.04 
16.49 
5.33 
5.28 
12.88 
8.99 
18.91 
18.38 
18.38 
16.00 
4.94 
18.39 
17.74 
16.70 
14.01 
7.12 
4.65 
13.43 
17.09 
16.34 
16.34 
15.72 
14.98 
13.53 
4.27 
15.59 
14.63 
14.51 
13.11 
7.53 
4.00 
9.92 
14.39 
13.14 
12.36 
13.37 
11.60 
9.97 
3.66 
10.99 
3.59 
12.31 
11.89 
12.42 
10.76 
11.71 
11.62 
3.33 
11.23 
11.75 
12.17 
8.29 
10.40 
3.14 
3.11 
11.44 
10.88 
10.81 
10.45 
9.81 
10.50 
10.16 
2.90 
10.31 
9.42 
8.08 
9.96 
2.80 
8.50 
9.82 
9.95 
9.82 
9.43 
9.30 
2.69 
9.59 
9.92 
9.71 
9.34 
8.97 
9.48 
9.37 
9.45 
9.09 
8.99 
8.64 
8.98 
8.72 
9.16 
2.62 
9.61 
9.19 
8.41 
2.64 
2.64 
6.44 
2.66 
9.04 
7.56 
3.49 
2.70 
9.88 
10.10 
10.23 
7.47 
9.51 
9.55 
2.82 
2.84 
7.95 
8.18 
9.64 
2.92 
2.95 
9.16 
6.25 
5.82 
8.19 
11.07 
7.42 
3.14 
10.52 
9.70 
10.78 
3.27 
8.30 
5.59 
9.89 
11.01 
11.84 
12.25 
12.88 
3.55 
3.59 
12.01 
13.42 
12.98 
13.09 
13.31 
8.91 
3.88 
11.93 
3.97 
15.04 
15.16 
15.29 
15.06 
11.84 
4.24 
15.31 
15.80 
6.34 
9.87 
11.45 
4.52 
4.57 
15.92 
17.45 
14.88 
14.48 
16.03 
15.62 
17.19 
14.39 
13.97 
13.26 
14.85 
18.22 
18.21 
18.89 
15.00 
17.61 
9.89 
20.65 
18.24 
15.37 
16.90 
20.74 
21.01 
17.80 
20.53 
15.52 
12.38 
21.17 
21.44 
20.66 
18.08 
16.67 
15.10 
20.79 
19.22 
21.30 
8.99 
22.58 
17.59 
6.52 
6.56 
10.82 
20.58 
22.87 
19.02 
21.31 
21.87 
16.08 
8.50 
25.64 
25.09 
18.59 
22.84 
23.40 
23.64 
7.18 
8.20 
22.40 
23.28 
16.16 
24.56 
22.33 
24.85 
20.97 
7.50 
19.92 
15.17 
12.90 
7.63 
7.66 
28.97 
19.87 
7.75 
24.63 
25.84 
27.39 
24.93 
22.79 
16.46 
7.93 
7.95 
7.97 
24.14 
25.35 
16.79 
8.06 
8.08 
14.34 
29.38 
26.36 
19.29 
8.16 
8.18 
8.19 
8.21 
12.62 
20.75 
8.24 
22.47 
23.16 
20.63 
26.23 
23.19 
10.84 
8.30 
27.79 
30.85 
20.01 
30.68 
23.23 
8.32 
14.76 
27.64 
15.10 
15.61 
13.40 
16.62 
20.00 
24.73 
10.00 
8.30 
20.82 
21.99 
28.24 
11.83 
20.60 
19.07 
28.51 
8.24 
8.22 
8.21 
12.58 
24.03 
20.30 
26.01 
13.86 
17.37 
17.86 
8.09 
8.07 
15.94 
8.03 
29.96 
20.54 
7.96 
7.94 
7.92 
7.89 
7.87 
7.84 
7.82 
16.43 
7.76 
23.49 
20.29 
14.96 
14.75 
7.62 
7.59 
7.56 
7.53 
7.49 
7.46 
7.43 
7.39 
7.36 
7.32 
26.91 
19.39 
17.39 
21.20 
19.68 
12.88 
23.39 
16.44 
24.03 
21.08 
6.90 
6.86 
23.21 
17.78 
15.82 
6.69 
23.62 
10.02 
6.56 
6.52 
20.30 
20.52 
23.32 
9.53 
17.05 
19.37 
22.28 
22.32 
20.12 
20.16 
6.01 
17.00 
16.47 
19.73 
20.92 
13.14 
15.65 
20.42 
18.59 
20.46 
11.31 
13.06 
20.64 
15.79 
20.38 
19.43 
16.30 
17.68 
16.75 
17.97 
19.05 
15.73 
9.42 
16.69 
4.84 
12.30 
15.94 
17.22 
14.05 
4.60 
9.69 
4.50 
10.27 
16.09 
11.57 
14.26 
4.27 
4.22 
14.99 
15.46 
4.09 
14.05 
6.66 
3.96 
14.16 
13.82 
12.14 
13.60 
13.48 
12.83 
12.07 
12.18 
12.84 
12.95 
12.31 
11.69 
12.43 
10.88 
12.13 
8.86 
9.50 
11.35 
11.66 
8.98 
3.17 
11.11 
8.98 
3.08 
9.62 
3.02 
4.43 
6.30 
2.95 
5.93 
9.07 
10.31 
9.89 
10.29 
10.05 
10.09 
10.05 
8.10 
9.50 
2.73 
8.53 
2.70 
9.98 
8.17 
2.67 
2.66 
8.99 
7.65 
9.48 
9.28 
8.57 
6.73 
7.33 
6.11 
5.15 
8.55 
8.29 
6.37 
2.62 
5.69 
9.29 
9.57 
8.97 
2.65 
2.66 
8.86 
9.60 
9.36 
6.99 
5.22 
9.56 
10.05 
10.01 
8.05 
5.35 
10.15 
10.39 
10.45 
8.37 
7.20 
10.73 
10.52 
11.16 
8.36 
9.48 
11.19 
4.93 
11.25 
3.14 
3.17 
11.50 
11.49 
11.88 
11.46 
11.76 
12.37 
12.37 
11.94 
12.78 
10.54 
10.41 
12.12 
3.63 
5.21 
13.53 
13.87 
13.65 
11.28 
10.35 
14.34 
13.88 
13.07 
14.81 
13.05 
12.80 
13.03 
4.24 
15.67 
15.43 
7.94 
4.43 
4.47 
4.52 
9.49 
4.62 
12.72 
4.72 
4.77 
17.98 
17.59 
18.38 
18.24 
13.03 
18.91 
18.50 
17.68 
12.60 
15.31 
9.19 
15.94 
17.31 
5.46 
5.51 
5.56 
17.04 
6.38 
5.71 
12.58 
19.22 
20.21 
20.61 
19.55 
11.35 
6.05 
18.67 
17.12 
22.19 
23.67 
21.05 
6.34 
17.57 
21.20 
22.53 
20.15 
12.94 
6.61 
9.62 
22.55 
23.75 
17.05 
14.27 
24.34 
10.25 
6.95 
23.00 
16.66 
24.45 
9.85 
22.67 
23.88 
23.95 
24.19 
18.39 
19.75 
7.37 
23.64 
21.73 
27.72 
21.68 
27.35 
25.43 
25.98 
14.93 
26.59 
24.82 
11.88 
28.41 
25.80 
26.68 
17.19 
24.59 
24.63 
29.70 
29.58 
22.23 
26.29 
8.00 
10.20 
18.98 
29.12 
24.94 
21.25 
28.36 
29.40 
17.27 
8.16 
8.18 
8.19 
8.21 
30.21 
28.87 
24.32 
21.80 
22.99 
24.53 
26.40 
22.01 
8.30 
8.30 
15.76 
24.75 
21.53 
21.20 
8.32 
8.32 
8.33 
20.18 
13.58 
10.02 
22.21 
21.70 
25.42 
8.31 
21.00 
8.30 
8.30 
25.04 
8.28 
8.28 
24.15 
20.76 
8.25 
21.24 
8.22 
11.92 
25.57 
25.21 
8.17 
8.15 
8.14 
8.12 
10.63 
8.09 
18.14 
28.35 
17.08 
25.60 
18.03 
22.52 
12.45 
22.28 
7.89 
7.87 
7.84 
13.14 
7.79 
7.76 
21.66 
19.63 
12.64 
7.65 
7.62 
7.59 
7.56 
23.45 
27.50 
19.90 
27.69 
25.01 
26.57 
26.01 
25.29 
12.75 
22.56 
22.97 
17.59 
7.10 
24.83 
24.11 
21.48 
23.47 
20.69 
6.86 
18.17 
12.28 
24.28 
19.97 
20.97 
12.19 
13.99 
20.24 
23.99 
22.97 
22.25 
22.91 
22.80 
20.88 
19.43 
14.39 
14.16 
6.06 
6.01 
19.06 
9.29 
5.87 
5.82 
20.66 
19.53 
21.14 
19.02 
19.04 
17.09 
11.93 
5.43 
13.43 
15.27 
10.09 
15.34 
8.58 
17.02 
13.28 
13.18 
6.85 
9.29 
14.20 
17.87 
8.68 
8.99 
11.22 
16.97 
8.26 
16.84 
16.96 
15.59 
10.80 
7.05 
16.08 
15.23 
13.07 
14.39 
4.84 
4.09 
12.88 
4.00 
5.68 
14.28 
12.35 
3.83 
13.48 
13.48 
11.29 
13.16 
10.56 
3.59 
3.55 
3.51 
12.00 
12.01 
12.12 
8.93 
3.33 
3.30 
3.26 
10.96 
11.08 
11.00 
10.03 
10.54 
9.40 
10.49 
3.02 
10.16 
2.97 
6.91 
10.06 
10.65 
9.20 
10.35 
9.00 
2.82 
9.82 
10.05 
10.09 
8.42 
9.37 
8.80 
8.86 
2.69 
2.68 
9.48 
8.30 
9.43 
8.70 
9.65 
8.93 
2.63 
7.51 
8.47 
8.90 
2.62 
2.62 
8.99 
2.62 
2.62 
2.63 
2.63 
5.44 
8.44 
8.20 
9.37 
9.30 
9.07 
9.27 
8.95 
6.66 
6.32 
8.79 
9.55 
9.96 
2.80 
8.96 
10.12 
7.95 
2.88 
10.01 
10.36 
2.95 
8.02 
3.00 
6.39 
5.96 
9.81 
11.25 
11.23 
6.15 
11.90 
9.98 
9.04 
12.08 
12.17 
11.23 
12.26 
11.10 
12.46 
10.65 
11.38 
12.66 
13.31 
13.53 
12.10 
12.20 
13.87 
13.99 
13.88 
12.85 
12.73 
14.34 
13.88 
11.52 
13.40 
13.39 
8.09 
15.31 
14.94 
4.38 
7.64 
15.68 
16.30 
15.93 
16.43 
4.67 
13.60 
17.85 
17.72 
16.80 
18.38 
17.98 
5.01 
12.19 
15.39 
12.92 
5.21 
19.16 
14.72 
19.97 
17.86 
16.43 
9.19 
17.79 
8.18 
7.24 
8.45 
20.70 
20.67 
19.33 
19.88 
20.43 
6.00 
6.05 
19.87 
19.98 
6.20 
22.91 
20.74 
23.75 
14.05 
11.66 
16.82 
6.52 
17.60 
6.61 
20.42 
9.83 
24.06 
22.73 
17.91 
17.51 
19.33 
21.32 
6.99 
7.03 
8.19 
16.95 
25.10 
19.83 
14.53 
22.40 
25.07 
21.22 
19.16 
22.66 
11.71 
10.93 
7.50 
24.38 
27.41 
19.85 
9.79 
26.43 
7.69 
28.70 
7.75 
7.78 
20.66 
12.18 
25.76 
18.77 
8.74 
24.71 
23.91 
10.66 
27.17 
26.02 
16.63 
27.94 
28.14 
8.10 
12.84 
22.14 
25.88 
27.42 
20.35 
21.38 
23.43 
8.22 
21.94 
25.67 
17.39 
20.28 
26.73 
25.22 
20.99 
23.37 
19.99 
8.82 
8.31 
15.26 
18.15 
8.32 
15.10 
8.33 
8.33 
27.13 
16.79 
20.52 
13.57 
8.32 
8.31 
8.31 
9.83 
8.30 
8.29 
8.28 
16.22 
24.83 
10.12 
8.25 
29.68 
23.58 
8.21 
8.20 
12.74 
8.17 
30.89 
26.99 
8.12 
22.23 
22.03 
25.87 
21.81 
27.65 
26.44 
25.57 
28.04 
25.33 
18.27 
14.07 
17.37 
7.84 
7.82 
14.44 
23.54 
10.22 
18.80 
23.56 
25.65 
7.62 
13.68 
7.56 
7.53 
7.49 
7.46 
7.43 
7.39 
23.64 
14.64 
10.21 
26.35 
27.40 
7.18 
20.81 
22.34 
20.19 
7.02 
24.34 
21.88 
19.58 
6.86 
11.39 
17.93 
15.98 
6.69 
6.65 
24.15 
23.43 
22.71 
12.62 
14.39 
20.42 
10.75 
6.29 
11.68 
6.20 
20.82 
21.61 
22.09 
6.01 
16.27 
21.01 
9.52 
10.76 
19.65 
5.72 
19.28 
5.63 
15.08 
11.59 
5.48 
11.57 
19.27 
9.20 
15.86 
10.56 
16.86 
13.51 
12.20 
17.32 
4.99 
5.60 
18.00 
13.70 
17.09 
4.74 
17.99 
17.10 
16.21 
11.95 
16.09 
16.21 
14.00 
13.64 
9.17 
14.87 
9.13 
8.93 
4.13 
14.63 
14.51 
14.63 
14.28 
13.71 
12.92 
3.83 
11.70 
13.26 
12.72 
12.83 
13.05 
10.90 
11.56 
12.21 
12.64 
3.44 
12.12 
11.31 
3.33 
3.30 
9.43 
5.54 
10.88 
10.90 
11.11 
10.45 
10.57 
10.11 
10.23 
10.54 
2.97 
4.46 
9.69 
8.41 
9.94 
6.09 
9.92 
9.50 
9.27 
9.86 
2.76 
10.22 
9.73 
8.80 
6.98 
6.69 
5.52 
2.67 
6.80 
6.17 
9.67 
9.56 
9.28 
5.95 
9.26 
8.99 
8.90 
7.94 
8.81 
8.90 
8.73 
7.43 
9.45 
8.15 
3.86 
2.64 
8.46 
9.28 
9.75 
9.48 
7.73 
8.03 
8.68 
9.79 
9.65 
9.33 
9.10 
9.87 
9.37 
10.15 
10.30 
8.32 
10.23 
10.29 
9.51 
3.99 
10.68 
9.89 
10.05 
3.83 
10.10 
10.76 
10.94 
11.02 
10.50 
9.07 
9.85 
10.03 
3.33 
6.37 
5.07 
10.26 
6.12 
6.07 
9.88 
9.53 
12.33 
3.67 
11.88 
11.87 
12.75 
3.84 
11.26 
10.79 
14.34 
14.57 
4.06 
4.10 
6.99 
15.18 
12.30 
15.55 
4.33 
12.85 
15.80 
15.55 
16.43 
14.41 
17.07 
6.07 
8.06 
4.77 
14.59 
17.85 
14.81 
16.52 
18.11 
16.76 
11.33 
10.33 
18.48 
18.34 
8.91 
17.33 
17.03 
15.17 
19.65 
15.51 
5.61 
19.73 
16.68 
21.71 
21.11 
19.91 
17.38 
19.70 
6.00 
13.65 
21.67 
23.58 
21.29 
19.12 
21.65 
23.59 
23.40 
22.89 
22.38 
21.86 
6.56 
6.61 
16.20 
20.67 
21.07 
24.63 
20.61 
21.32 
6.91 
6.95 
17.08 
25.33 
23.65 
7.11 
16.04 
25.01 
26.71 
24.51 
20.51 
11.91 
24.56 
12.16 
24.36 
26.23 
22.84 
24.38 
23.11 
25.15 
24.55 
15.13 
19.99 
21.04 
27.58 
19.62 
7.80 
7.83 
7.85 
29.82 
28.69 
25.21 
25.42 
7.97 
28.51 
28.21 
22.86 
22.04 
24.60 
14.84 
8.11 
24.17 
28.41 
29.28 
21.70 
27.47 
30.53 
19.89 
29.72 
8.24 
11.98 
8.26 
24.02 
29.28 
30.48 
28.96 
26.60 
24.23 
17.97 
8.32 
12.39 
8.32 
14.42 
27.47 
17.81 
30.52 
28.99 
26.61 
27.62 
19.49 
18.47 
27.60 
28.78 
29.44 
22.84 
30.77 
25.69 
19.59 
8.26 
8.25 
21.24 
8.22 
28.79 
24.22 
8.18 
8.17 
8.15 
25.31 
22.76 
8.10 
8.09 
26.20 
8.05 
28.66 
28.62 
9.99 
10.47 
19.48 
22.28 
24.92 
7.87 
14.84 
7.82 
7.79 
21.88 
7.74 
24.10 
24.38 
13.76 
7.62 
9.89 
7.56 
13.44 
7.49 
22.03 
27.03 
26.31 
26.08 
19.02 
19.78 
7.25 
7.21 
12.50 
8.10 
25.39 
13.14 
19.48 
22.59 
6.94 
6.90 
14.76 
12.34 
20.92 
18.49 
18.25 
13.81 
17.01 
6.56 
10.68 
6.47 
6.43 
6.39 
12.72 
12.35 
21.33 
13.26 
21.42 
22.36 
19.57 
18.87 
21.13 
5.92 
15.21 
5.82 
5.77 
16.37 
20.14 
19.16 
16.21 
9.90 
5.48 
15.34 
9.13 
18.87 
5.28 
5.23 
15.51 
19.31 
18.65 
18.92 
16.27 
16.68 
11.44 
6.14 
6.22 
14.78 
4.69 
13.16 
17.09 
16.09 
14.84 
7.55 
16.09 
9.12 
15.84 
14.02 
14.15 
15.11 
12.86 
10.76 
4.04 
14.05 
7.28 
10.52 
12.12 
3.83 
12.15 
5.18 
12.94 
12.39 
12.08 
12.19 
3.55 
6.16 
3.47 
3.44 
10.05 
9.35 
3.33 
11.23 
11.75 
11.76 
6.79 
10.80 
7.47 
10.05 
10.66 
10.20 
8.60 
8.82 
2.97 
4.74 
4.61 
9.91 
5.02 
7.76 
9.74 
8.59 
8.54 
7.77 
3.03 
8.69 
8.03 
2.72 
9.03 
2.69 
2.68 
4.00 
5.31 
2.65 
8.26 
9.21 
8.85 
9.18 
9.17 
9.17 
9.25 
8.81 
8.20 
2.62 
2.62 
6.55 
2.63 
8.94 
7.46 
7.74 
8.37 
8.22 
6.74 
3.92 
2.69 
7.97 
9.43 
9.47 
9.51 
2.76 
8.60 
2.80 
9.15 
9.29 
10.27 
6.51 
10.01 
6.59 
8.34 
8.40 
3.00 
3.02 
10.22 
11.17 
11.05 
9.46 
11.42 
10.00 
10.48 
9.75 
11.26 
11.35 
11.85 
6.32 
10.26 
12.25 
12.24 
8.91 
3.59 
3.63 
9.59 
8.57 
8.64 
3.79 
12.07 
12.74 
6.21 
14.34 
13.30 
14.81 
12.34 
14.23 
9.33 
10.73 
6.22 
11.16 
4.38 
11.10 
4.47 
4.52 
4.57 
4.62 
16.17 
5.75 
4.77 
15.24 
16.80 
4.91 
4.96 
18.78 
18.24 
8.90 
17.41 
16.16 
5.26 
19.57 
18.44 
19.68 
5.46 
5.51 
10.54 
16.33 
9.54 
16.53 
9.53 
17.61 
20.79 
18.85 
20.14 
6.00 
6.05 
6.10 
21.93 
22.19 
17.00 
20.89 
8.17 
23.09 
20.43 
16.66 
6.52 
23.35 
6.61 
13.38 
24.44 
18.23 
6.78 
12.84 
6.87 
13.60 
15.41 
15.96 
7.03 
9.80 
23.73 
23.48 
7.18 
16.48 
25.16 
23.93 
21.71 
26.36 
26.10 
25.51 
13.07 
22.67 
12.49 
28.74 
27.31 
19.07 
18.12 
24.48 
28.86 
26.58 
26.80 
7.80 
24.72 
7.85 
10.06 
20.81 
27.73 
29.11 
12.85 
25.99 
27.88 
28.92 
29.96 
13.30 
8.10 
8.11 
24.00 
25.54 
20.33 
8.18 
13.77 
20.72 
22.77 
23.63 
20.09 
8.25 
18.76 
23.00 
11.50 
8.29 
8.30 
8.30 
21.69 
14.07 
17.97 
8.32 
13.74 
25.27 
29.84 
20.35 
16.80 
26.96 
28.65 
21.02 
8.32 
18.30 
10.85 
8.30 
8.30 
8.29 
29.08 
27.04 
19.93 
30.73 
28.35 
12.79 
29.15 
11.42 
8.20 
8.18 
8.17 
8.15 
8.14 
8.12 
12.31 
8.09 
19.32 
8.05 
24.13 
24.77 
18.70 
11.64 
19.98 
7.92 
7.89 
7.87 
7.84 
7.82 
7.79 
10.25 
19.51 
9.53 
7.68 
7.65 
21.64 
26.86 
7.56 
24.77 
9.30 
24.32 
7.43 
22.56 
7.36 
24.87 
27.40 
24.25 
10.93 
7.18 
8.43 
19.62 
7.06 
23.31 
21.16 
18.70 
24.65 
23.30 
21.47 
25.00 
20.37 
20.59 
10.39 
6.61 
18.63 
6.52 
20.92 
12.40 
16.30 
9.68 
18.41 
6.25 
19.58 
23.22 
22.80 
22.09 
21.24 
5.97 
5.92 
5.87 
10.76 
20.23 
5.72 
8.11 
21.01 
20.75 
17.66 
8.99 
20.37 
20.24 
19.69 
17.64 
17.66 
5.18 
9.73 
16.90 
17.58 
17.59 
16.41 
7.38 
8.10 
4.79 
4.74 
17.22 
16.46 
15.71 
17.09 
16.71 
16.09 
4.41 
4.36 
4.32 
4.27 
4.22 
4.18 
4.13 
4.09 
14.40 
13.70 
13.13 
13.71 
13.71 
13.26 
13.37 
12.93 
12.94 
12.72 
12.83 
12.41 
10.81 
11.57 
12.32 
10.23 
10.77 
10.38 
7.33 
11.74 
9.43 
11.26 
11.08 
8.12 
3.14 
8.20 
9.01 
9.82 
11.00 
7.20 
10.57 
9.75 
2.92 
10.09 
9.11 
2.86 
2.84 
2.82 
8.91 
8.86 
8.37 
8.78 
9.46 
8.80 
9.48 
5.27 
7.64 
8.42 
4.07 
7.05 
9.23 
9.04 
8.93 
8.57 
7.08 
8.47 
8.73 
7.15 
9.16 
9.16 
8.91 
8.65 
9.45 
9.02 
9.21 
7.56 
8.55 
9.45 
9.83 
8.80 
2.69 
8.95 
9.70 
9.65 
9.42 
6.66 
9.87 
10.10 
10.34 
10.12 
8.97 
10.14 
10.67 
10.54 
10.61 
10.96 
10.94 
11.02 
10.99 
6.98 
11.15 
10.94 
11.71 
11.50 
5.85 
11.07 
11.97 
12.17 
12.16 
12.05 
11.73 
12.67 
9.16 
4.52 
12.77 
3.63 
12.87 
7.13 
3.75 
13.42 
11.73 
7.51 
13.53 
11.23 
4.01 
12.24 
13.64 
14.70 
4.19 
4.24 
4.28 
4.33 
15.92 
13.58 
4.47 
8.41 
14.92 
16.43 
16.69 
17.59 
17.72 
13.42 
17.85 
18.38 
18.91 
18.38 
18.78 
18.64 
13.32 
10.69 
5.26 
15.97 
19.97 
19.12 
10.53 
9.19 
6.70 
17.61 
20.45 
17.11 
21.71 
21.26 
20.06 
21.64 
21.91 
22.48 
19.32 
11.94 
6.15 
22.95 
23.52 
23.18 
18.55 
6.38 
14.58 
23.15 
19.38 
23.20 
25.01 
23.08 
16.11 
23.27 
22.58 
23.14 
23.71 
26.34 
23.56 
11.15 
9.60 
18.50 
16.14 
24.13 
10.43 
17.29 
25.00 
21.97 
7.33 
16.21 
21.02 
27.48 
22.61 
7.50 
17.44 
27.08 
28.47 
15.59 
14.14 
26.98 
19.37 
24.41 
28.63 
26.84 
26.39 
24.76 
18.27 
7.90 
25.38 
7.95 
27.47 
28.18 
26.53 
24.37 
27.94 
14.31 
25.47 
21.28 
8.13 
25.21 
22.36 
25.76 
16.48 
26.30 
25.14 
27.18 
12.13 
20.10 
26.38 
22.67 
20.31 
11.85 
29.13 
29.14 
12.20 
8.31 
8.32 
23.74 
26.28 
17.64 
12.39 
21.88 
8.33 
8.33 
18.32 
29.15 
27.28 
20.16 
17.79 
8.30 
8.30 
8.29 
8.28 
27.89 
29.73 
8.26 
8.25 
25.96 
28.98 
29.30 
22.36 
14.59 
12.21 
18.76 
8.14 
17.88 
20.88 
8.09 
8.07 
11.74 
8.87 
12.70 
7.99 
7.96 
7.94 
13.43 
28.59 
7.87 
10.84 
7.82 
23.41 
28.35 
15.20 
12.01 
25.54 
16.73 
11.91 
11.21 
16.60 
23.62 
11.26 
23.99 
24.26 
12.29 
11.43 
7.32 
7.29 
22.95 
10.12 
24.74 
21.61 
23.15 
20.83 
21.71 
15.90 
7.74 
6.90 
8.92 
13.60 
20.92 
12.85 
16.85 
6.65 
23.52 
22.65 
17.77 
21.99 
22.51 
13.40 
6.34 
8.87 
21.33 
6.20 
16.33 
11.18 
6.06 
6.01 
14.36 
9.14 
18.71 
18.60 
21.96 
21.40 
21.14 
20.73 
18.76 
18.50 
14.88 
13.95 
12.32 
5.33 
19.15 
19.44 
18.77 
18.50 
18.91 
13.58 
11.89 
18.39 
13.54 
4.84 
11.14 
4.74 
13.64 
4.65 
12.55 
14.96 
13.10 
16.71 
15.84 
15.11 
8.68 
4.27 
4.22 
4.18 
4.13 
14.40 
14.28 
4.00 
11.07 
13.14 
7.83 
3.83 
3.79 
3.74 
7.44 
3.66 
3.62 
3.59 
6.54 
12.10 
5.68 
12.22 
12.33 
8.63 
11.53 
11.64 
10.84 
9.46 
3.80 
3.17 
8.55 
11.13 
10.86 
10.40 
5.04 
10.73 
2.97 
7.76 
4.71 
9.35 
9.48 
2.86 
10.29 
9.14 
2.80 
9.95 
7.74 
2.75 
2.73 
7.99 
9.66 
9.62 
9.59 
9.65 
9.54 
2.65 
9.49 
9.48 
9.46 
9.27 
9.35 
9.17 
8.81 
9.16 
9.07 
8.90 
8.73 
9.26 
8.49 
4.82 
8.69 
2.64 
2.65 
8.75 
9.39 
6.67 
9.54 
9.31 
9.70 
7.40 
2.75 
8.38 
9.42 
10.01 
9.51 
9.29 
10.08 
10.33 
2.90 
2.92 
2.95 
2.97 
3.00 
5.34 
10.80 
10.97 
10.96 
11.53 
11.32 
10.70 
10.78 
3.27 
11.97 
3.33 
9.27 
12.16 
12.26 
12.36 
12.56 
10.20 
12.45 
12.99 
13.31 
11.22 
13.87 
12.53 
9.25 
9.33 
13.99 
11.11 
14.34 
15.05 
15.29 
14.94 
13.39 
10.25 
4.28 
16.04 
8.55 
15.80 
16.05 
12.17 
4.57 
4.62 
4.67 
4.72 
4.77 
4.81 
4.86 
17.19 
18.38 
14.23 
15.82 
18.23 
19.31 
18.62 
16.00 
19.29 
14.13 
5.41 
5.46 
19.37 
16.37 
18.33 
5.66 
5.71 
17.80 
16.88 
21.82 
19.88 
21.47 
19.66 
19.91 
20.02 
22.23 
18.12 
6.24 
23.18 
23.75 
22.94 
23.66 
22.69 
24.34 
17.60 
9.73 
23.08 
24.91 
21.70 
22.26 
15.54 
23.86 
19.01 
6.95 
6.99 
7.03 
7.07 
15.82 
7.15 
7.18 
25.25 
17.84 
19.85 
19.26 
19.32 
12.81 
9.24 
24.59 
27.45 
22.23 
27.91 
24.16 
10.62 
23.77 
17.17 
21.04 
7.75 
18.29 
17.32 
28.06 
23.59 
27.31 
26.68 
23.20 
17.86 
7.97 
8.00 
19.80 
26.22 
26.76 
17.52 
26.14 
21.95 
24.68 
8.15 
28.10 
19.50 
13.94 
24.27 
8.22 
21.09 
27.87 
8.25 
24.35 
25.21 
11.84 
25.90 
21.51 
19.14 
11.87 
18.99 
18.14 
23.57 
18.32 
14.25 
8.33 
8.33 
8.33 
8.33 
8.32 
8.32 
8.32 
8.31 
13.05 
8.30 
8.30 
28.59 
8.28 
28.90 
29.05 
25.15 
8.25 
8.24 
8.22 
8.21 
12.92 
21.33 
8.17 
24.99 
20.76 
25.28 
27.94 
27.58 
8.07 
8.05 
8.03 
8.01 
7.99 
26.03 
21.32 
15.27 
8.89 
7.87 
7.84 
7.82 
28.40 
16.56 
7.74 
7.71 
24.22 
11.45 
21.64 
19.12 
22.36 
11.79 
7.49 
26.28 
18.54 
7.39 
20.87 
26.01 
7.29 
25.86 
22.07 
7.18 
7.14 
26.19 
15.23 
26.18 
25.30 
22.51 
22.91 
19.50 
17.38 
9.76 
20.37 
23.25 
14.44 
6.61 
6.56 
6.52 
20.15 
24.19 
23.17 
9.38 
17.65 
22.24 
15.37 
8.55 
6.11 
22.09 
19.91 
21.71 
22.04 
21.62 
21.79 
21.38 
18.38 
17.13 
8.19 
15.50 
16.11 
10.39 
5.43 
19.40 
7.27 
19.84 
19.30 
19.04 
18.37 
15.29 
14.65 
16.27 
17.34 
18.13 
14.74 
10.88 
13.62 
16.59 
13.92 
14.44 
16.84 
15.34 
4.95 
8.96 
15.59 
14.02 
13.06 
13.55 
4.18 
14.51 
13.69 
13.70 
12.78 
3.96 
9.49 
13.25 
6.63 
12.93 
12.60 
12.61 
3.66 
3.62 
3.59 
11.88 
11.89 
9.79 
11.80 
5.68 
3.36 
10.91 
11.74 
11.55 
11.46 
9.78 
7.53 
11.01 
4.67 
10.57 
9.04 
6.39 
3.00 
10.57 
10.03 
2.92 
10.28 
6.50 
10.16 
9.74 
10.15 
2.80 
2.78 
9.82 
8.87 
9.73 
2.72 
7.07 
9.36 
9.68 
2.67 
7.60 
2.65 
2.64 
2.64 
2.63 
2.63 
9.17 
8.90 
2.62 
2.62 
4.80 
8.73 
9.43 
8.65 
7.96 
8.24 
2.64 
2.64 
8.81 
9.19 
8.15 
10.01 
9.51 
9.54 
9.48 
9.52 
9.74 
9.24 
9.01 
10.23 
8.09 
2.82 
8.46 
2.86 
6.97 
2.90 
10.26 
10.52 
8.11 
6.16 
3.02 
3.05 
10.00 
3.11 
11.23 
11.61 
9.40 
6.76 
7.93 
3.30 
3.33 
3.37 
11.84 
11.31 
3.48 
13.10 
3.55 
12.45 
12.44 
12.66 
12.98 
9.64 
9.62 
12.86 
11.60 
3.92 
12.84 
4.01 
4.06 
15.29 
14.23 
14.82 
7.00 
15.31 
15.19 
4.38 
4.43 
13.44 
16.30 
10.88 
16.94 
4.67 
16.68 
17.85 
14.85 
8.01 
13.76 
15.32 
12.50 
18.24 
14.04 
5.16 
19.44 
14.48 
5.31 
14.82 
12.27 
16.72 
5.51 
17.36 
10.47 
20.02 
11.48 
22.15 
19.07 
14.64 
17.67 
19.55 
6.00 
17.08 
6.10 
14.11 
20.99 
19.58 
6.29 
17.64 
23.55 
18.12 
17.13 
17.67 
22.89 
24.86 
18.55 
21.30 
22.33 
22.58 
23.93 
16.08 
25.23 
6.95 
21.72 
21.48 
7.07 
7.91 
22.83 
25.99 
12.58 
23.05 
11.86 
27.27 
27.51 
26.26 
22.39 
23.11 
23.49 
21.41 
18.65 
15.88 
15.42 
8.99 
26.65 
29.03 
23.58 
25.46 
29.85 
22.21 
21.75 
11.23 
7.90 
19.51 
26.09 
18.39 
24.48 
17.78 
10.40 
26.59 
8.08 
9.95 
13.34 
30.08 
30.61 
26.58 
19.16 
8.19 
27.32 
8.22 
8.23 
8.24 
8.25 
8.26 
8.27 
18.95 
19.30 
25.91 
24.56 
21.18 
17.80 
8.32 
23.91 
22.55 
25.94 
9.51 
20.86 
8.33 
29.67 
8.32 
8.32 
17.29 
17.79 
8.31 
8.30 
8.30 
8.29 
30.94 
28.56 
24.49 
30.73 
24.80 
8.24 
8.22 
8.21 
8.20 
8.18 
26.03 
15.06 
13.36 
8.12 
28.95 
28.25 
8.07 
15.26 
28.32 
8.01 
7.99 
24.19 
29.17 
27.79 
7.89 
7.87 
28.83 
9.15 
23.25 
23.04 
14.04 
20.63 
26.70 
23.51 
26.42 
10.72 
7.56 
24.28 
27.17 
15.64 
7.43 
7.39 
19.41 
17.72 
7.29 
7.25 
24.33 
25.55 
23.70 
9.03 
20.83 
8.30 
22.75 
24.26 
24.01 
24.09 
6.82 
6.78 
21.15 
22.16 
21.29 
19.80 
23.58 
22.09 
6.47 
19.29 
17.37 
22.30 
6.29 
13.04 
19.73 
20.52 
8.19 
6.06 
20.06 
20.10 
16.91 
5.87 
5.82 
10.11 
17.52 
18.70 
5.63 
5.58 
16.39 
19.79 
19.25 
16.77 
5.33 
5.28 
5.23 
10.62 
18.10 
17.17 
6.91 
4.99 
4.94 
15.11 
13.31 
4.79 
13.24 
16.46 
12.90 
4.60 
4.55 
16.09 
16.58 
15.47 
4.36 
13.77 
15.35 
13.67 
4.18 
14.16 
14.04 
13.70 
13.70 
10.95 
3.91 
13.37 
13.37 
10.14 
3.74 
6.56 
12.07 
12.51 
6.38 
11.56 
12.52 
7.16 
3.44 
12.02 
11.93 
11.83 
3.30 
11.45 
11.06 
10.98 
11.39 
10.92 
11.52 
10.76 
10.69 
10.61 
8.44 
2.97 
10.60 
9.59 
9.53 
9.76 
10.07 
10.11 
9.23 
9.64 
10.14 
7.56 
9.68 
8.12 
2.72 
2.70 
9.36 
7.91 
8.06 
9.63 
8.81 
9.23 
9.21 
5.87 
3.94 
8.91 
9.08 
8.99 
8.55 
7.68 
8.38 
2.62 
6.47 
8.57 
5.43 
9.39 
8.71 
8.99 
8.92 
8.51 
8.44 
8.92 
2.70 
9.07 
2.73 
4.64 
9.46 
9.69 
9.55 
9.60 
10.02 
9.90 
10.05 
10.20 
2.92 
6.16 
10.58 
5.10 
11.11 
10.80 
9.32 
3.11 
3.14 
5.85 
8.80 
9.27 
5.80 
5.95 
12.48 
3.37 
3.40 
9.63 
12.57 
11.60 
3.55 
3.59 
3.63 
11.89 
12.98 
12.87 
11.86 
13.20 
3.88 
3.92 
3.97 
12.14 
4.06 
4.10 
14.58 
4.19 
4.24 
4.28 
4.33 
4.38 
4.43 
4.47 
16.68 
4.57 
14.78 
14.26 
4.72 
17.59 
15.50 
17.98 
17.72 
14.53 
15.70 
11.92 
10.66 
17.41 
18.48 
19.30 
15.83 
15.10 
16.61 
12.36 
8.77 
20.77 
18.90 
21.03 
14.37 
11.13 
10.62 
10.25 
5.91 
12.01 
22.03 
21.55 
6.10 
18.02 
17.97 
22.61 
21.81 
23.90 
22.32 
21.20 
16.35 
17.52 
6.56 
6.61 
17.76 
18.31 
17.60 
6.78 
6.82 
10.52 
8.98 
6.95 
12.59 
21.48 
23.81 
13.24 
7.15 
13.99 
22.65 
24.02 
23.93 
24.33 
21.78 
7.40 
18.77 
20.14 
23.33 
24.54 
19.81 
26.64 
15.92 
7.66 
7.69 
7.72 
26.58 
14.28 
13.82 
24.88 
28.27 
19.61 
22.66 
20.85 
28.94 
20.07 
25.49 
22.99 
8.04 
20.02 
25.44 
22.60 
28.19 
28.05 
26.22 
19.31 
12.74 
15.29 
25.46 
19.21 
27.69 
8.24 
28.23 
19.61 
22.83 
16.58 
29.80 
26.25 
19.82 
29.31 
15.09 
9.67 
8.32 
26.45 
17.13 
20.35 
8.83 
20.86 
30.00 
24.75 
8.32 
21.86 
29.47 
27.94 
25.90 
17.77 
8.29 
8.28 
8.95 
23.31 
8.26 
8.25 
8.24 
18.35 
9.90 
28.43 
29.09 
29.40 
26.85 
25.98 
18.89 
8.10 
8.09 
9.41 
25.84 
21.78 
15.88 
7.99 
9.30 
10.78 
26.96 
26.92 
24.71 
24.83 
10.65 
7.79 
7.76 
14.20 
11.85 
11.81 
7.65 
18.51 
27.68 
26.14 
22.31 
19.79 
24.16 
27.20 
19.46 
9.96 
26.01 
24.97 
24.89 
19.97 
23.13 
22.09 
22.02 
13.30 
10.38 
17.97 
17.59 
24.17 
24.09 
23.68 
6.78 
9.40 
6.69 
9.14 
6.61 
6.56 
22.71 
22.76 
19.60 
7.61 
6.34 
22.20 
21.79 
21.53 
6.15 
6.11 
10.51 
7.79 
21.13 
7.38 
11.12 
20.20 
16.18 
13.64 
9.68 
5.63 
5.58 
16.39 
5.48 
5.43 
19.13 
7.82 
17.37 
6.33 
5.18 
15.80 
5.09 
5.04 
15.34 
18.00 
11.05 
4.84 
4.79 
4.74 
4.69 
7.44 
16.59 
15.59 
15.84 
15.59 
15.10 
14.50 
4.32 
7.28 
4.22 
4.18 
4.13 
4.09 
4.04 
13.93 
13.25 
10.06 
5.45 
3.83 
3.79 
3.74 
12.83 
12.83 
11.10 
12.41 
12.41 
3.51 
12.11 
12.33 
9.11 
3.36 
12.24 
11.64 
11.55 
5.84 
6.99 
11.39 
11.01 
3.11 
3.08 
9.33 
9.75 
3.00 
10.47 
2.95 
2.92 
2.90 
9.20 
2.86 
6.24 
9.96 
9.73 
9.32 
9.55 
9.68 
8.57 
4.68 
9.30 
2.69 
5.87 
9.03 
9.45 
8.99 
9.05 
8.77 
8.23 
8.48 
4.72 
8.73 
7.50 
8.90 
8.90 
8.81 
8.82 
9.09 
4.03 
5.35 
7.02 
8.18 
6.00 
8.48 
