20050101
10.26 
10.67 
9.24 
11.33 
3.09 
3.10 
10.95 
11.10 
10.64 
10.29 
9.73 
9.98 
9.52 
9.98 
12.59 
11.84 
10.25 
12.18 
12.98 
11.90 
9.12 
9.82 
9.35 
11.24 
11.96 
3.56 
12.89 
8.25 
13.62 
12.82 
13.58 
12.33 
13.89 
7.71 
11.45 
4.60 
5.34 
3.98 
4.02 
12.84 
14.24 
11.71 
13.73 
8.97 
4.27 
4.31 
4.85 
9.39 
13.36 
17.37 
17.25 
16.09 
14.14 
13.99 
11.09 
15.51 
17.60 
16.13 
15.97 
12.73 
18.09 
16.31 
19.57 
19.56 
19.41 
19.12 
18.54 
18.24 
5.35 
20.18 
21.45 
21.43 
13.19 
20.67 
5.63 
21.06 
21.62 
9.03 
17.85 
5.87 
14.46 
18.76 
22.94 
22.91 
22.72 
22.22 
22.17 
23.36 
22.70 
21.72 
8.55 
22.70 
22.80 
23.37 
21.41 
21.98 
12.35 
6.66 
21.45 
23.30 
16.46 
22.67 
25.67 
25.27 
24.71 
25.28 
23.23 
22.33 
20.59 
24.12 
26.67 
26.75 
20.18 
26.06 
26.47 
25.53 
26.10 
26.50 
21.36 
21.58 
26.69 
27.25 
27.48 
18.91 
13.88 
28.49 
27.69 
29.44 
29.66 
16.43 
27.54 
26.56 
12.44 
26.98 
17.79 
7.90 
12.03 
30.38 
26.99 
26.85 
23.96 
30.17 
30.89 
29.37 
24.58 
28.73 
19.12 
26.54 
19.16 
28.99 
24.88 
30.58 
31.28 
30.09 
27.52 
9.26 
25.13 
27.04 
19.98 
8.26 
22.24 
28.46 
25.70 
21.57 
28.30 
30.20 
25.38 
23.14 
23.48 
24.86 
28.49 
29.69 
29.69 
27.79 
27.61 
11.06 
8.29 
27.25 
17.77 
25.52 
28.09 
25.84 
8.26 
28.58 
28.74 
26.49 
28.19 
30.07 
12.51 
24.36 
13.52 
28.62 
16.92 
22.40 
20.67 
18.93 
20.80 
11.35 
13.73 
25.18 
28.92 
28.38 
19.12 
7.99 
12.75 
27.73 
20.54 
7.90 
27.79 
25.54 
25.68 
16.30 
25.59 
23.69 
11.46 
23.09 
20.18 
24.86 
21.11 
14.16 
20.17 
23.99 
21.42 
20.20 
25.49 
17.93 
24.04 
7.36 
9.81 
27.99 
25.94 
25.20 
21.51 
27.03 
11.71 
24.58 
25.98 
21.82 
19.64 
23.78 
12.23 
22.97 
24.18 
24.41 
21.28 
26.30 
24.14 
24.68 
24.58 
23.38 
22.34 
22.40 
21.68 
22.05 
21.18 
10.59 
13.30 
8.64 
18.49 
21.74 
15.28 
6.01 
5.96 
17.72 
21.93 
20.48 
17.42 
16.74 
16.50 
5.79 
5.60 
5.55 
8.08 
8.74 
5.41 
11.29 
17.11 
19.65 
10.50 
19.41 
19.01 
18.06 
18.76 
17.02 
4.95 
8.65 
17.74 
18.28 
17.36 
17.24 
9.09 
4.64 
4.59 
8.88 
16.52 
15.27 
16.04 
14.68 
10.38 
9.20 
15.95 
15.71 
15.84 
14.77 
12.17 
11.13 
11.28 
10.97 
3.94 
14.03 
12.78 
12.81 
13.17 
13.41 
11.98 
3.69 
5.64 
12.39 
9.58 
9.30 
8.27 
3.50 
3.47 
3.44 
7.63 
12.30 
12.33 
12.36 
11.88 
12.02 
8.69 
11.39 
12.04 
11.48 
11.33 
10.78 
3.15 
11.88 
11.93 
11.30 
10.77 
7.39 
6.68 
3.05 
10.06 
11.10 
10.88 
11.35 
11.13 
11.12 
11.78 
9.65 
9.26 
5.49 
10.12 
11.37 
10.31 
10.03 
9.84 
9.18 
3.00 
3.01 
3.89 
3.02 
3.03 
3.04 
3.05 
3.06 
3.07 
6.73 
11.50 
10.66 
8.51 
9.74 
7.38 
3.19 
3.21 
3.23 
7.53 
7.57 
3.29 
3.32 
3.34 
3.37 
10.43 
10.28 
8.97 
3.47 
4.90 
3.53 
6.28 
3.60 
3.63 
3.66 
3.69 
5.41 
4.44 
10.71 
13.99 
12.71 
3.91 
3.95 
14.52 
15.10 
14.02 
14.13 
12.91 
8.90 
4.22 
8.43 
10.47 
15.76 
16.50 
14.99 
17.25 
14.83 
4.57 
16.59 
6.21 
9.27 
4.75 
5.98 
4.84 
8.23 
18.77 
18.50 
16.85 
18.06 
15.16 
18.30 
15.50 
5.26 
14.30 
6.62 
5.40 
20.59 
20.14 
18.10 
18.35 
19.92 
10.37 
21.18 
19.23 
14.14 
5.87 
22.10 
21.77 
20.37 
20.93 
20.13 
16.40 
23.40 
22.74 
21.30 
18.92 
16.98 
24.42 
20.44 
12.33 
22.36 
19.92 
22.71 
15.93 
16.32 
22.18 
6.78 
10.38 
19.19 
22.18 
22.92 
19.07 
20.94 
21.67 
26.35 
25.60 
7.16 
23.93 
26.82 
25.56 
7.30 
19.52 
23.26 
21.81 
25.05 
25.45 
22.31 
21.35 
23.26 
13.50 
13.54 
26.96 
25.49 
27.06 
7.73 
25.28 
10.67 
16.50 
28.48 
28.86 
28.90 
28.43 
24.18 
24.90 
25.79 
7.98 
8.00 
23.13 
29.86 
18.88 
8.07 
8.09 
13.61 
30.67 
29.66 
23.65 
28.84 
26.27 
23.87 
19.75 
26.32 
26.50 
28.24 
25.49 
29.29 
21.71 
30.87 
29.49 
27.43 
8.28 
31.06 
29.69 
26.24 
29.00 
29.69 
21.76 
10.89 
13.13 
18.31 
28.48 
29.17 
24.68 
27.26 
26.56 
8.29 
5654.78 
11.38 
8.27 
8.26 
8.26 
27.53 
14.78 
27.85 
28.35 
23.86 
8.20 
20.91 
17.46 
20.36 
8.15 
8.14 
14.64 
17.03 
12.21 
8.08 
13.88 
17.80 
21.88 
15.87 
15.84 
7.97 
13.75 
7.92 
16.08 
19.28 
18.57 
22.28 
11.04 
21.35 
23.52 
7.74 
10.25 
24.57 
24.86 
19.59 
24.76 
23.87 
24.99 
21.92 
26.72 
21.98 
7.42 
7.39 
27.14 
23.42 
25.67 
26.76 
14.15 
7.19 
9.78 
20.23 
16.90 
12.92 
15.15 
22.40 
6.93 
6.89 
6.85 
11.32 
20.08 
24.00 
21.20 
6.66 
23.73 
24.58 
17.87 
20.77 
24.12 
24.02 
23.14 
22.57 
18.30 
6.85 
9.25 
8.43 
18.40 
20.42 
18.36 
18.41 
15.63 
17.92 
13.53 
17.87 
9.11 
16.79 
10.30 
16.88 
18.07 
17.82 
17.15 
18.03 
16.51 
17.39 
16.86 
16.20 
5.18 
9.12 
14.38 
17.54 
17.15 
15.16 
5.31 
10.97 
4.82 
10.54 
7.07 
7.92 
4.64 
9.59 
4.55 
17.15 
16.66 
4.42 
14.43 
14.57 
14.10 
14.97 
12.56 
12.71 
15.01 
12.76 
13.26 
15.15 
13.65 
14.36 
14.72 
14.16 
13.15 
12.60 
5.33 
12.76 
13.12 
13.14 
13.82 
13.07 
11.25 
3.53 
3.50 
3.47 
4.61 
7.42 
3.39 
3.36 
3.34 
3.31 
6.27 
5.93 
10.58 
10.62 
3.20 
7.71 
12.28 
10.93 
8.90 
10.15 
3.10 
3.09 
3.07 
10.21 
7.15 
9.18 
3.03 
9.52 
10.57 
10.65 
11.12 
11.20 
8.97 
9.26 
8.10 
9.15 
8.67 
2.99 
2.99 
2.99 
3.00 
3.00 
10.27 
6.60 
3.02 
3.03 
5.28 
3.05 
5.71 
8.58 
8.02 
11.50 
10.16 
11.69 
10.94 
5.27 
8.72 
10.89 
11.65 
7.94 
3.27 
10.40 
12.01 
11.35 
3.37 
4.34 
10.39 
11.52 
10.84 
8.34 
8.29 
12.69 
13.21 
13.74 
12.84 
13.60 
13.36 
13.90 
14.00 
13.88 
12.48 
10.61 
12.09 
3.98 
11.33 
12.24 
15.68 
14.71 
12.64 
14.20 
16.27 
11.95 
8.19 
10.63 
13.23 
9.54 
11.65 
12.12 
16.59 
12.30 
4.70 
10.92 
13.37 
12.94 
4.89 
4.93 
4.98 
5.02 
5.07 
19.70 
19.13 
19.12 
17.57 
12.05 
20.05 
20.32 
14.45 
9.51 
5.54 
5.59 
5.63 
9.93 
9.41 
5.77 
9.39 
5.87 
18.21 
9.12 
18.10 
21.09 
21.19 
21.91 
21.71 
21.66 
6.27 
17.36 
19.32 
22.54 
23.43 
22.27 
6.54 
20.39 
23.51 
22.64 
20.65 
11.73 
6.78 
13.29 
12.21 
22.35 
21.61 
23.48 
22.25 
25.12 
21.74 
25.27 
23.36 
25.42 
7.24 
26.06 
26.97 
23.03 
25.93 
24.99 
25.56 
24.61 
26.01 
26.91 
23.09 
26.69 
27.42 
27.47 
26.00 
19.25 
27.79 
28.01 
16.13 
29.46 
29.16 
28.52 
23.60 
29.11 
29.49 
30.38 
30.42 
23.08 
8.00 
8.02 
23.50 
24.90 
28.71 
29.42 
28.24 
29.64 
28.45 
8.15 
8.16 
18.69 
23.18 
24.41 
10.45 
27.02 
22.03 
26.87 
27.40 
24.99 
25.34 
22.42 
15.18 
12.60 
28.48 
29.17 
25.03 
26.07 
8.30 
8.30 
8.30 
8.30 
11.92 
25.38 
27.10 
28.13 
18.29 
17.08 
27.59 
11.73 
8.28 
16.88 
28.93 
25.13 
15.82 
27.86 
25.10 
25.25 
12.51 
17.83 
30.19 
28.11 
28.09 
8.15 
8.14 
8.12 
21.48 
24.72 
8.08 
23.47 
11.46 
25.30 
8.01 
7.99 
7.97 
20.23 
7.92 
21.19 
24.39 
20.61 
7.83 
23.09 
25.42 
21.82 
23.81 
22.25 
15.11 
7.66 
15.38 
10.29 
20.51 
18.78 
27.79 
22.37 
27.33 
25.60 
20.04 
15.17 
18.27 
23.35 
23.79 
22.89 
13.28 
26.21 
26.63 
19.51 
7.04 
7.01 
11.68 
19.08 
6.89 
6.85 
6.82 
22.01 
19.37 
8.29 
23.82 
22.93 
22.53 
21.02 
22.34 
24.43 
23.08 
22.05 
11.43 
6.28 
11.30 
13.53 
19.56 
6.10 
21.33 
21.82 
22.16 
22.50 
22.23 
17.52 
14.92 
18.79 
5.69 
5.65 
5.60 
5.55 
5.51 
5.46 
5.98 
5.37 
5.32 
5.28 
5.23 
5.18 
6.23 
5.09 
5.04 
5.00 
4.95 
4.91 
17.60 
16.03 
16.58 
13.46 
9.74 
16.36 
17.78 
16.00 
11.72 
10.75 
4.42 
4.38 
13.83 
4.29 
16.56 
15.11 
15.12 
13.33 
14.54 
15.03 
14.33 
3.97 
14.13 
11.72 
3.86 
9.17 
8.65 
8.70 
8.63 
3.69 
3.65 
3.62 
3.59 
12.44 
7.41 
11.10 
9.54 
12.76 
7.42 
3.39 
7.95 
7.80 
3.31 
12.02 
12.37 
10.17 
6.97 
6.94 
3.18 
11.08 
10.53 
10.79 
8.76 
6.66 
8.99 
3.07 
3.06 
3.05 
3.04 
5.46 
10.40 
10.38 
10.46 
8.80 
8.02 
8.78 
2.99 
2.99 
2.99 
2.99 
5.30 
2.99 
7.05 
3.00 
3.00 
8.04 
11.16 
11.76 
11.50 
11.23 
10.48 
11.00 
6.51 
9.39 
3.10 
9.86 
3.13 
7.84 
3.17 
7.72 
3.21 
4.85 
9.47 
3.27 
4.63 
3.32 
3.34 
3.37 
3.39 
6.48 
3.45 
11.16 
10.06 
3.53 
12.26 
11.25 
11.32 
11.40 
13.71 
12.01 
9.85 
3.80 
14.10 
10.99 
9.34 
12.67 
3.98 
14.62 
14.14 
11.38 
13.75 
16.03 
14.93 
15.41 
14.91 
15.76 
13.50 
4.44 
13.08 
14.19 
16.22 
13.50 
12.30 
4.70 
4.75 
18.00 
18.25 
17.31 
18.51 
10.11 
14.41 
18.61 
17.50 
16.23 
18.84 
17.71 
9.24 
7.76 
18.19 
14.16 
5.49 
19.11 
14.00 
19.63 
20.04 
17.21 
5.77 
20.08 
5.87 
11.16 
15.14 
22.34 
22.00 
22.26 
22.37 
22.33 
6.23 
6.27 
20.32 
18.23 
6.41 
23.11 
21.64 
17.61 
10.23 
14.27 
21.04 
6.70 
14.30 
13.23 
6.82 
12.05 
21.70 
15.42 
20.71 
21.60 
22.49 
9.07 
7.13 
7.16 
7.20 
18.36 
25.90 
25.97 
23.86 
23.09 
24.83 
25.56 
24.61 
22.31 
22.02 
12.62 
7.59 
24.71 
26.45 
24.81 
7.70 
11.13 
10.65 
24.30 
14.45 
19.43 
26.30 
24.46 
15.25 
7.92 
7.94 
23.22 
23.59 
26.36 
26.74 
23.84 
20.60 
20.45 
22.71 
20.15 
9.67 
27.42 
10.56 
29.53 
28.86 
23.70 
27.68 
11.66 
20.47 
19.79 
8.24 
27.22 
23.09 
13.10 
10.86 
27.08 
16.91 
8.29 
8.29 
14.85 
8.30 
8.30 
15.55 
8.30 
22.45 
14.34 
21.06 
22.96 
10.37 
14.50 
20.88 
8.29 
8.28 
8.28 
8.27 
19.12 
24.62 
27.19 
23.56 
13.22 
28.18 
18.19 
8.20 
19.53 
8.18 
5635.92 
16.74 
27.53 
8.12 
8.11 
20.60 
8.08 
8.06 
8.04 
16.58 
20.83 
7.99 
12.06 
22.28 
26.34 
11.31 
7.88 
7.86 
7.83 
12.05 
11.01 
19.28 
29.91 
27.83 
26.93 
23.85 
17.06 
24.26 
24.71 
24.99 
19.24 
7.48 
13.47 
7.42 
7.39 
24.64 
21.26 
20.70 
17.84 
12.17 
14.43 
7.15 
22.69 
26.06 
22.88 
22.96 
12.33 
14.87 
20.79 
17.17 
6.82 
23.61 
26.08 
23.91 
20.32 
20.87 
23.16 
18.18 
15.59 
13.64 
6.87 
14.59 
23.34 
24.01 
22.82 
21.80 
20.63 
21.28 
21.18 
11.88 
7.16 
17.42 
5.87 
13.67 
5.78 
5.74 
5.69 
16.69 
5.60 
5.55 
12.81 
19.14 
18.88 
19.75 
14.86 
5.28 
5.23 
19.41 
16.40 
15.61 
8.85 
16.07 
15.02 
17.99 
16.67 
16.03 
13.03 
14.24 
16.48 
7.99 
14.71 
4.55 
4.51 
4.46 
16.91 
16.79 
16.67 
16.18 
15.09 
4.21 
4.17 
12.74 
14.78 
14.32 
14.22 
15.40 
12.74 
12.65 
14.27 
10.76 
11.02 
13.64 
13.43 
10.67 
9.17 
7.13 
3.59 
10.71 
10.21 
12.50 
13.06 
12.87 
13.00 
12.30 
9.41 
3.34 
8.99 
12.64 
6.54 
12.10 
11.94 
11.99 
11.93 
10.98 
11.43 
5.12 
10.55 
11.69 
11.75 
10.14 
7.37 
10.37 
4.31 
8.57 
3.02 
9.80 
10.65 
10.54 
10.33 
10.52 
10.32 
6.84 
2.99 
11.27 
11.37 
10.61 
9.36 
10.14 
3.00 
8.04 
3.01 
10.40 
11.30 
11.33 
11.33 
9.70 
3.06 
3.07 
3.09 
8.74 
10.46 
6.02 
11.64 
11.49 
11.95 
12.20 
11.86 
12.22 
11.47 
10.09 
7.87 
12.07 
6.92 
3.39 
12.40 
8.23 
12.98 
13.28 
13.26 
13.23 
12.67 
11.98 
10.63 
3.69 
3.73 
3.76 
3.80 
11.71 
9.50 
8.88 
3.95 
7.96 
4.02 
12.48 
15.20 
13.63 
4.18 
4.22 
13.08 
15.52 
4.35 
4.39 
4.44 
9.66 
16.86 
16.22 
17.11 
4.66 
4.70 
4.75 
9.81 
6.03 
7.96 
15.01 
10.52 
15.90 
5.07 
17.50 
19.96 
18.29 
19.24 
19.65 
5.35 
13.50 
5.45 
19.57 
21.13 
19.37 
19.92 
20.33 
20.45 
21.15 
19.79 
7.21 
23.15 
21.02 
12.51 
22.15 
22.41 
18.85 
20.64 
20.43 
21.30 
15.96 
24.00 
17.37 
20.28 
21.48 
17.61 
25.63 
22.87 
23.92 
24.34 
20.89 
20.97 
21.70 
22.27 
12.27 
14.44 
25.77 
25.20 
15.43 
7.09 
24.28 
26.51 
20.78 
14.87 
19.41 
27.30 
27.37 
25.26 
25.16 
25.39 
23.60 
10.02 
27.25 
26.80 
28.04 
27.42 
27.81 
27.52 
26.04 
7.73 
10.65 
13.91 
22.47 
21.82 
7.85 
7.87 
25.01 
30.35 
29.70 
29.39 
27.71 
24.82 
25.53 
30.89 
28.17 
29.91 
28.73 
22.04 
8.12 
28.80 
31.06 
30.90 
30.75 
30.60 
23.54 
29.94 
28.05 
13.41 
25.32 
12.56 
27.23 
31.73 
31.05 
27.26 
27.61 
22.78 
22.61 
17.96 
11.23 
20.38 
20.03 
30.90 
24.17 
31.07 
30.03 
31.24 
28.64 
26.74 
24.50 
29.83 
30.69 
31.19 
31.36 
30.83 
30.13 
29.08 
20.98 
24.06 
26.97 
8.21 
5641.61 
21.94 
26.91 
28.95 
8.15 
28.90 
28.54 
8.11 
8.09 
23.15 
26.04 
9.07 
8.02 
25.78 
21.48 
24.35 
27.56 
28.55 
18.63 
20.99 
21.29 
24.66 
23.60 
24.24 
15.05 
18.91 
7.71 
7.68 
15.75 
17.74 
21.56 
17.65 
8.55 
22.09 
27.22 
27.00 
27.27 
22.21 
7.36 
7.32 
18.88 
11.39 
14.98 
7.19 
7.15 
18.26 
7.08 
10.96 
13.52 
25.49 
19.57 
13.20 
26.84 
26.11 
24.89 
20.80 
16.74 
6.66 
6.61 
6.57 
6.53 
6.49 
24.75 
7.03 
19.25 
20.40 
21.39 
16.22 
13.84 
18.95 
18.85 
16.49 
10.23 
13.61 
22.79 
22.53 
19.59 
13.30 
20.55 
19.85 
5.65 
5.60 
10.30 
18.68 
17.72 
20.44 
19.75 
19.77 
18.67 
16.20 
5.18 
9.53 
11.10 
10.07 
5.00 
9.65 
17.86 
18.67 
16.43 
17.49 
17.90 
11.55 
17.52 
16.37 
16.51 
16.27 
15.15 
14.54 
14.31 
13.71 
10.91 
10.46 
12.44 
4.17 
9.75 
6.58 
15.50 
14.57 
14.00 
12.62 
13.22 
9.92 
3.83 
3.79 
3.75 
3.72 
3.69 
3.65 
8.22 
11.54 
6.05 
13.12 
11.75 
11.57 
12.34 
12.16 
11.88 
9.20 
3.34 
3.31 
3.29 
9.81 
3.24 
10.93 
6.84 
6.10 
9.17 
11.23 
3.13 
11.44 
10.80 
4.17 
3.07 
4.73 
3.05 
3.04 
7.11 
9.91 
3.01 
3.01 
3.00 
9.66 
10.42 
11.09 
11.18 
10.50 
9.63 
9.54 
2.99 
10.04 
3.00 
11.03 
10.56 
10.58 
10.69 
10.91 
8.70 
3.05 
3.06 
10.64 
9.69 
6.36 
3.12 
6.52 
3.15 
3.17 
8.32 
10.59 
11.65 
11.41 
11.67 
10.29 
7.66 
3.34 
3.37 
3.39 
11.97 
12.58 
12.77 
4.90 
13.15 
11.39 
10.70 
12.53 
12.84 
12.38 
11.57 
12.33 
12.64 
13.42 
3.87 
3.91 
3.95 
3.98 
4.02 
4.06 
4.10 
4.14 
11.80 
11.28 
5.98 
10.72 
4.35 
16.00 
16.12 
15.86 
14.57 
13.02 
12.60 
10.62 
4.70 
12.10 
10.47 
6.03 
4.89 
16.49 
16.20 
11.96 
15.19 
13.92 
13.32 
14.11 
10.29 
20.21 
20.62 
17.20 
16.30 
5.49 
5.54 
12.26 
19.63 
15.79 
5.73 
5.77 
20.53 
17.96 
5.91 
19.21 
6.76 
21.54 
23.02 
18.24 
22.94 
7.62 
12.47 
6.32 
21.82 
22.07 
16.35 
19.43 
6.54 
23.09 
19.84 
20.56 
6.70 
8.99 
6.78 
11.03 
25.35 
16.49 
19.17 
22.34 
7.02 
11.65 
8.74 
7.13 
7.16 
22.27 
25.99 
24.90 
12.47 
25.20 
21.25 
26.84 
27.07 
24.78 
25.51 
24.38 
11.44 
7.59 
11.85 
29.00 
24.13 
18.91 
18.78 
28.18 
29.07 
24.00 
7.83 
11.27 
25.82 
7.90 
7.92 
22.33 
28.02 
27.88 
12.81 
14.20 
25.22 
27.99 
28.71 
8.09 
8.11 
24.30 
26.04 
30.02 
23.84 
21.79 
18.19 
18.89 
22.01 
25.29 
25.48 
26.01 
10.49 
8.26 
20.34 
28.11 
26.74 
25.19 
24.68 
28.65 
26.24 
15.20 
21.58 
27.80 
28.14 
27.45 
23.14 
25.55 
23.99 
8.30 
26.74 
25.70 
27.42 
25.69 
8.28 
8.27 
13.09 
29.27 
27.70 
20.81 
29.57 
18.72 
25.93 
17.66 
22.63 
25.70 
8.17 
11.59 
8.14 
8.12 
28.69 
8.09 
21.78 
8.06 
26.52 
20.00 
22.71 
25.07 
18.55 
22.28 
21.56 
23.06 
24.90 
25.20 
23.98 
23.09 
7.79 
12.17 
11.80 
7.71 
23.56 
26.04 
21.95 
7.60 
7.57 
7.54 
7.51 
20.53 
12.80 
13.26 
26.54 
26.47 
24.25 
22.69 
7.26 
7.22 
7.19 
21.12 
7.12 
10.84 
18.96 
17.43 
10.22 
23.95 
22.89 
14.59 
6.82 
6.78 
6.74 
6.70 
8.24 
6.61 
6.57 
6.53 
6.49 
6.45 
19.19 
18.01 
22.41 
20.92 
15.91 
12.77 
13.16 
6.10 
6.05 
6.01 
5.96 
5.92 
20.89 
21.52 
11.38 
16.30 
5.69 
15.38 
19.34 
14.62 
15.67 
5.46 
19.45 
20.46 
19.91 
18.95 
17.17 
7.94 
15.71 
5.09 
5.04 
16.75 
13.28 
16.39 
16.28 
16.96 
17.23 
4.73 
4.68 
4.64 
4.59 
4.55 
4.51 
9.11 
4.42 
15.05 
15.07 
14.35 
15.70 
15.23 
14.03 
14.05 
12.88 
8.42 
13.51 
13.53 
12.97 
12.65 
13.01 
14.17 
11.47 
12.18 
12.54 
12.89 
13.25 
11.29 
12.74 
12.01 
11.18 
9.18 
12.63 
11.07 
8.89 
12.51 
9.51 
11.53 
11.57 
8.53 
11.45 
11.19 
9.10 
8.15 
3.18 
9.07 
11.33 
10.29 
4.60 
11.40 
11.26 
9.65 
10.11 
10.47 
11.42 
6.43 
3.02 
9.60 
11.13 
11.12 
10.91 
10.32 
9.54 
9.64 
9.06 
8.09 
2.99 
10.12 
8.20 
11.11 
9.96 
11.14 
9.90 
11.18 
11.40 
11.52 
5.10 
10.02 
8.77 
9.49 
11.70 
10.26 
4.33 
11.64 
7.08 
11.64 
11.60 
11.15 
10.69 
12.39 
11.84 
11.39 
9.89 
8.07 
9.49 
9.02 
3.45 
13.41 
10.91 
12.18 
9.76 
3.60 
3.63 
13.62 
13.82 
13.92 
13.68 
13.21 
12.28 
11.79 
7.03 
14.30 
3.98 
12.03 
9.04 
4.10 
14.47 
12.28 
4.22 
12.35 
15.15 
10.55 
8.64 
13.86 
4.48 
13.94 
15.19 
8.61 
15.03 
7.05 
4.75 
4.79 
4.84 
4.89 
11.65 
15.39 
19.57 
19.29 
15.02 
18.44 
18.98 
18.40 
20.21 
19.49 
17.62 
18.16 
18.42 
6.69 
21.69 
21.96 
20.92 
14.12 
12.13 
5.82 
16.16 
21.80 
20.87 
23.40 
22.76 
22.72 
23.44 
22.79 
22.90 
22.70 
21.87 
14.32 
9.70 
24.06 
24.95 
20.78 
13.88 
21.44 
23.76 
23.05 
12.69 
25.65 
24.45 
20.65 
21.70 
25.36 
23.16 
25.36 
27.09 
26.51 
23.95 
7.16 
22.27 
19.52 
27.39 
23.30 
20.19 
27.27 
27.34 
16.66 
24.61 
23.99 
17.64 
20.56 
17.39 
10.32 
21.71 
23.28 
7.70 
7.73 
7.75 
24.64 
27.93 
28.31 
28.35 
24.80 
26.03 
14.94 
22.16 
23.73 
7.98 
17.78 
25.36 
30.03 
23.70 
26.64 
25.46 
24.45 
25.85 
11.58 
23.82 
29.18 
30.92 
30.25 
27.51 
27.18 
21.50 
10.65 
25.32 
29.12 
17.57 
21.55 
17.42 
30.53 
29.68 
17.43 
14.85 
12.09 
8.30 
26.59 
24.17 
23.66 
26.93 
10.54 
15.20 
8.30 
18.99 
27.26 
20.70 
19.84 
21.90 
23.44 
17.57 
8.26 
13.60 
20.99 
22.70 
8.23 
28.52 
31.09 
28.32 
17.82 
21.41 
24.48 
23.95 
20.67 
17.39 
26.11 
21.29 
8.08 
17.99 
21.56 
14.52 
8.01 
23.53 
26.74 
22.96 
25.99 
25.79 
18.43 
7.86 
25.85 
22.24 
11.52 
7.76 
25.17 
21.74 
9.03 
7.66 
7.63 
21.06 
9.59 
7.54 
7.51 
14.51 
16.47 
15.93 
7.39 
12.84 
7.32 
7.29 
7.26 
23.06 
23.16 
20.95 
15.15 
10.35 
7.04 
7.01 
12.17 
13.25 
10.61 
15.24 
18.87 
6.78 
6.74 
6.70 
15.87 
15.96 
10.84 
6.53 
6.49 
6.45 
6.40 
6.36 
6.32 
6.28 
6.23 
6.19 
6.14 
6.10 
6.05 
22.43 
22.16 
22.05 
21.93 
20.93 
19.34 
19.53 
20.00 
13.35 
5.60 
13.76 
17.68 
10.31 
15.76 
19.90 
5.32 
16.58 
19.11 
15.81 
7.47 
5.09 
5.04 
5.00 
4.95 
15.59 
16.54 
18.41 
18.54 
16.85 
15.70 
14.17 
11.12 
12.18 
9.82 
4.46 
17.04 
14.43 
4.33 
13.12 
8.64 
13.17 
7.78 
4.13 
7.65 
6.65 
4.01 
3.97 
3.94 
10.23 
3.86 
3.83 
12.94 
12.29 
12.54 
7.68 
13.47 
12.17 
3.59 
3.56 
3.53 
7.46 
13.27 
10.86 
3.41 
10.10 
13.27 
11.64 
3.31 
3.29 
3.27 
3.24 
3.22 
6.43 
11.43 
6.97 
3.15 
3.13 
3.12 
3.10 
3.09 
11.91 
11.58 
11.35 
11.42 
10.32 
9.04 
11.06 
10.65 
11.41 
10.91 
6.75 
2.99 
2.99 
9.25 
10.50 
10.99 
10.70 
10.71 
8.60 
3.00 
3.01 
3.01 
3.02 
3.03 
6.36 
4.03 
11.78 
11.92 
11.17 
8.54 
3.12 
3.13 
3.15 
6.58 
11.64 
10.79 
10.84 
3.25 
3.27 
3.29 
3.32 
3.34 
3.37 
3.39 
3.42 
12.26 
12.55 
12.96 
13.36 
10.95 
11.36 
8.91 
10.96 
10.82 
3.73 
13.23 
13.55 
13.42 
3.87 
3.91 
12.44 
15.10 
14.39 
8.21 
15.80 
13.87 
4.18 
4.22 
4.27 
13.67 
16.88 
16.88 
17.12 
17.25 
14.32 
11.48 
4.61 
15.80 
4.70 
12.49 
17.07 
13.87 
16.64 
13.94 
4.98 
12.91 
9.45 
15.71 
5.16 
19.82 
19.38 
14.02 
12.42 
19.61 
20.88 
19.14 
19.54 
15.31 
5.63 
15.20 
17.80 
5.77 
5.82 
13.03 
11.76 
5.96 
20.67 
22.45 
22.41 
21.76 
21.25 
18.27 
21.61 
23.89 
22.13 
21.60 
6.45 
23.69 
25.37 
24.68 
25.42 
25.04 
24.82 
23.79 
9.69 
17.50 
19.19 
25.92 
22.43 
22.18 
25.53 
21.01 
21.41 
20.65 
7.16 
13.16 
24.17 
23.40 
7.30 
27.04 
27.44 
23.65 
25.22 
24.95 
23.32 
16.29 
23.43 
27.03 
27.76 
25.27 
27.86 
13.30 
20.65 
22.90 
7.78 
7.80 
16.53 
27.50 
27.88 
28.94 
30.00 
29.01 
27.16 
28.91 
19.50 
10.60 
10.96 
21.46 
23.03 
25.64 
27.55 
28.78 
28.63 
16.42 
28.49 
28.17 
8.19 
21.65 
23.21 
29.26 
27.55 
10.66 
22.39 
26.89 
28.80 
21.56 
30.71 
31.06 
18.29 
27.96 
31.42 
31.94 
28.49 
27.97 
26.76 
22.79 
23.48 
25.20 
18.65 
17.95 
8.29 
23.29 
24.32 
8.28 
8.28 
24.12 
27.21 
24.44 
27.02 
13.75 
14.08 
24.91 
14.06 
8.20 
8.19 
22.61 
25.17 
27.72 
15.17 
8.12 
24.91 
24.89 
24.35 
20.39 
21.73 
8.02 
8.01 
16.87 
25.89 
28.25 
20.71 
18.29 
7.88 
24.18 
22.96 
11.72 
7.79 
7.76 
20.77 
7.71 
13.42 
7.66 
21.44 
25.10 
17.15 
14.25 
24.60 
7.48 
7.45 
19.76 
7.39 
23.15 
22.59 
7.29 
7.26 
15.47 
7.19 
15.86 
25.97 
26.22 
25.65 
23.29 
6.97 
6.93 
10.77 
23.78 
6.82 
6.78 
6.74 
6.70 
24.61 
24.84 
6.57 
6.53 
6.49 
10.51 
19.03 
6.36 
6.32 
13.52 
23.28 
23.02 
23.06 
20.98 
21.18 
19.56 
5.96 
16.97 
5.87 
5.83 
5.78 
5.74 
5.69 
10.44 
17.60 
21.53 
20.97 
20.99 
20.44 
16.93 
11.50 
14.91 
15.22 
16.92 
8.84 
5.09 
17.00 
19.45 
16.63 
15.45 
13.49 
16.16 
8.05 
9.68 
16.87 
16.23 
4.59 
8.37 
4.51 
17.03 
12.66 
17.04 
14.20 
6.74 
11.93 
14.26 
4.17 
14.53 
16.56 
14.55 
11.05 
3.97 
3.94 
15.06 
14.73 
3.83 
11.70 
3.75 
3.72 
14.56 
13.58 
14.03 
13.61 
13.53 
8.48 
12.50 
10.29 
12.55 
9.53 
3.39 
3.36 
12.26 
11.16 
3.29 
11.86 
11.19 
10.32 
9.66 
10.62 
3.17 
3.15 
11.18 
5.89 
12.09 
9.49 
10.83 
12.07 
11.35 
9.76 
3.03 
3.02 
3.01 
3.01 
3.00 
3.00 
6.08 
10.99 
2.99 
2.99 
2.99 
9.93 
11.18 
9.94 
11.01 
10.06 
3.01 
3.01 
10.60 
11.59 
10.45 
10.94 
11.75 
11.49 
11.33 
11.27 
7.65 
3.12 
3.13 
10.64 
3.17 
3.19 
3.21 
3.23 
3.25 
3.27 
3.29 
10.45 
11.24 
3.37 
3.39 
3.42 
3.45 
3.47 
6.30 
10.45 
6.39 
3.60 
3.63 
3.66 
3.69 
3.73 
11.88 
14.00 
3.83 
13.63 
3.91 
3.95 
9.02 
12.86 
14.14 
4.10 
4.14 
13.13 
14.44 
4.27 
14.66 
4.35 
4.39 
6.95 
14.47 
4.52 
4.57 
12.08 
15.03 
4.70 
4.75 
12.45 
4.84 
4.89 
17.43 
17.55 
18.62 
19.43 
17.77 
5.16 
17.31 
19.24 
14.59 
20.34 
17.48 
5.45 
18.70 
17.52 
17.05 
14.38 
14.62 
21.18 
5.77 
16.52 
18.55 
20.45 
18.16 
22.19 
22.00 
20.28 
20.99 
23.10 
6.23 
15.57 
20.32 
22.91 
24.42 
18.71 
14.54 
6.54 
25.63 
24.62 
18.97 
25.94 
26.36 
26.13 
26.55 
24.54 
24.14 
23.08 
22.34 
15.04 
15.43 
7.09 
18.51 
24.69 
15.48 
19.68 
23.24 
27.97 
26.87 
24.09 
18.12 
24.22 
28.31 
23.66 
10.73 
21.74 
24.66 
22.85 
12.05 
22.09 
7.70 
12.83 
28.35 
28.90 
28.95 
13.12 
24.93 
28.39 
25.01 
7.92 
22.85 
25.62 
28.74 
26.19 
8.02 
8.04 
8.06 
8.07 
8.09 
8.11 
8.12 
26.22 
29.85 
17.81 
22.48 
22.15 
19.06 
27.18 
24.26 
8.23 
8.24 
8.25 
8.26 
8.26 
29.32 
29.67 
28.99 
26.06 
22.44 
23.31 
8.30 
16.75 
8.30 
8.30 
8.30 
8.30 
26.41 
8.30 
20.54 
26.22 
29.32 
28.63 
29.48 
22.23 
8.27 
27.90 
26.85 
16.00 
28.55 
27.33 
24.05 
20.60 
8.20 
8.19 
8.18 
8.17 
8.15 
8.14 
8.12 
28.34 
29.86 
8.08 
8.06 
8.04 
23.07 
8.01 
17.04 
23.67 
7.95 
7.92 
7.90 
24.73 
7.86 
27.03 
24.11 
10.50 
22.16 
20.60 
13.63 
7.68 
14.57 
7.63 
7.60 
25.38 
16.44 
14.72 
7.48 
19.81 
7.42 
7.39 
24.31 
22.26 
26.34 
26.76 
24.05 
7.19 
7.15 
10.89 
20.82 
7.04 
22.31 
15.09 
6.93 
24.67 
21.52 
24.98 
23.77 
23.20 
23.59 
6.66 
19.61 
18.42 
6.53 
6.49 
6.45 
6.40 
18.17 
6.32 
13.52 
9.92 
16.44 
6.14 
9.90 
21.18 
6.01 
5.96 
5.92 
5.87 
5.83 
20.96 
19.38 
20.44 
5.65 
15.29 
5.55 
5.51 
5.46 
16.33 
15.24 
17.11 
17.00 
17.45 
12.92 
13.93 
14.92 
15.91 
17.29 
4.95 
10.25 
4.86 
18.14 
16.45 
15.81 
14.40 
7.73 
16.50 
14.09 
13.23 
14.52 
16.04 
14.93 
14.57 
11.65 
8.27 
7.48 
11.75 
4.13 
4.09 
4.05 
14.57 
13.65 
11.93 
12.88 
13.24 
7.24 
3.79 
13.30 
13.76 
12.45 
6.41 
11.62 
13.07 
12.77 
13.33 
12.50 
12.74 
10.96 
9.63 
9.47 
3.36 
3.34 
12.30 
11.92 
12.47 
12.31 
12.45 
12.09 
11.93 
11.48 
11.43 
11.48 
10.45 
11.20 
3.09 
3.07 
12.07 
11.45 
12.10 
11.49 
11.27 
9.70 
9.78 
6.67 
3.00 
8.20 
8.97 
5.78 
9.44 
7.80 
6.65 
5.11 
2.99 
11.49 
11.70 
11.43 
11.64 
11.47 
11.20 
11.43 
8.23 
10.41 
11.13 
10.58 
3.10 
3.12 
3.13 
10.14 
10.19 
6.51 
11.70 
11.35 
9.37 
3.27 
3.29 
3.32 
11.66 
3.37 
12.95 
12.92 
12.58 
11.91 
3.50 
12.61 
12.15 
8.84 
12.97 
11.96 
10.37 
3.73 
3.76 
3.80 
13.42 
8.23 
3.91 
3.95 
3.98 
4.02 
13.90 
14.84 
14.23 
6.36 
12.13 
13.08 
13.06 
4.35 
9.89 
14.86 
4.48 
13.68 
13.15 
8.86 
4.66 
4.70 
9.87 
10.34 
17.46 
8.23 
16.09 
15.79 
14.41 
16.29 
12.68 
17.47 
5.21 
12.25 
16.55 
16.24 
17.76 
8.59 
20.28 
21.85 
21.11 
18.46 
14.32 
10.88 
11.84 
22.76 
22.43 
20.00 
21.62 
21.13 
6.05 
18.14 
19.92 
19.25 
21.05 
19.13 
14.56 
20.72 
21.60 
22.64 
24.32 
24.58 
23.09 
22.55 
23.60 
22.57 
6.74 
6.78 
6.82 
24.05 
25.11 
6.94 
22.34 
7.02 
7.06 
9.73 
7.13 
7.16 
25.09 
25.00 
25.07 
19.80 
7.34 
20.42 
24.66 
27.07 
26.29 
23.15 
29.44 
26.80 
29.05 
29.11 
27.30 
28.37 
22.99 
25.58 
13.37 
18.51 
29.29 
27.63 
21.00 
28.73 
28.77 
28.46 
27.64 
26.48 
28.56 
26.36 
29.48 
27.62 
16.48 
20.45 
31.66 
26.69 
31.70 
30.69 
28.82 
21.43 
13.17 
15.60 
29.23 
23.04 
27.54 
18.58 
31.35 
21.53 
30.34 
26.21 
23.28 
30.19 
27.95 
22.95 
8.29 
8.29 
8.30 
8.30 
8.30 
13.48 
27.62 
19.00 
26.41 
25.72 
14.68 
28.64 
27.77 
31.73 
22.07 
27.06 
8.27 
13.60 
17.21 
17.37 
15.64 
24.92 
23.71 
8.21 
8.20 
16.78 
25.53 
18.99 
29.79 
27.02 
27.85 
16.68 
25.23 
28.46 
28.44 
28.75 
22.56 
8.01 
12.77 
7.97 
28.25 
27.53 
26.47 
24.73 
7.86 
7.83 
24.45 
7.79 
24.20 
26.35 
13.63 
7.68 
7.66 
26.50 
19.88 
24.71 
25.33 
26.78 
27.56 
7.45 
27.93 
27.87 
19.99 
7.32 
19.71 
25.44 
24.38 
25.30 
18.65 
7.12 
22.29 
25.00 
24.76 
16.88 
19.73 
22.41 
6.85 
6.82 
6.78 
10.25 
25.03 
25.41 
24.04 
10.52 
12.04 
18.89 
12.86 
15.44 
6.36 
6.32 
18.30 
6.23 
6.19 
6.14 
6.10 
13.62 
17.61 
13.01 
5.92 
18.21 
5.83 
5.78 
5.74 
5.69 
5.65 
5.60 
18.65 
18.68 
12.30 
12.79 
11.86 
14.16 
17.42 
20.22 
16.23 
5.14 
5.09 
10.34 
10.13 
4.95 
18.26 
17.60 
17.48 
18.41 
16.98 
15.83 
4.64 
4.59 
4.55 
4.51 
4.46 
11.91 
12.69 
10.50 
14.96 
11.56 
4.21 
4.17 
4.13 
9.79 
15.85 
15.27 
15.05 
12.39 
14.49 
6.15 
9.51 
13.96 
11.28 
12.54 
14.11 
13.91 
13.38 
3.59 
12.66 
13.76 
12.82 
7.20 
11.28 
9.42 
7.37 
3.36 
5.93 
8.89 
5.96 
3.27 
10.68 
3.22 
9.46 
12.53 
11.18 
10.23 
11.88 
11.73 
9.22 
10.08 
9.75 
3.06 
9.89 
8.11 
11.49 
11.37 
9.89 
6.88 
10.93 
11.20 
10.42 
9.74 
10.89 
11.37 
11.18 
9.73 
10.32 
10.71 
3.00 
5.90 
9.98 
10.77 
9.53 
11.79 
