20050101
7.16 
10.83 
6.79 
9.06 
3.25 
3.26 
6.57 
6.91 
7.98 
3.33 
3.35 
3.37 
3.39 
6.37 
10.12 
8.89 
7.44 
10.61 
11.43 
6.92 
3.58 
8.77 
3.63 
3.66 
10.28 
3.72 
3.75 
8.56 
5.42 
10.97 
11.17 
11.59 
9.22 
3.99 
4.02 
4.06 
4.10 
4.13 
4.17 
4.21 
10.39 
4.29 
9.43 
4.37 
4.41 
4.45 
4.49 
4.54 
4.58 
12.79 
16.02 
14.95 
14.13 
4.80 
4.84 
13.76 
14.80 
4.97 
5.02 
9.33 
12.02 
15.58 
16.10 
18.88 
18.57 
18.69 
15.81 
15.48 
5.47 
9.29 
18.97 
19.82 
12.28 
18.12 
5.75 
19.52 
17.68 
10.70 
9.71 
5.97 
6.02 
19.08 
21.79 
20.20 
20.46 
18.84 
10.97 
11.97 
20.21 
19.36 
9.94 
22.24 
21.69 
23.54 
19.94 
22.93 
13.16 
6.74 
13.28 
20.50 
6.85 
20.00 
25.82 
24.75 
15.42 
22.92 
22.00 
20.58 
21.64 
24.71 
26.45 
23.00 
22.73 
23.46 
24.87 
19.53 
26.85 
26.24 
27.31 
21.26 
25.56 
26.46 
24.81 
9.16 
13.12 
28.37 
22.77 
27.44 
26.63 
21.69 
26.19 
26.06 
7.85 
23.20 
7.89 
7.91 
7.93 
27.47 
21.45 
21.13 
24.79 
24.47 
29.86 
21.57 
27.48 
23.52 
16.95 
18.01 
14.90 
23.94 
11.11 
29.35 
30.58 
27.82 
26.96 
8.21 
26.46 
21.95 
17.45 
8.25 
25.45 
24.42 
26.86 
26.69 
24.61 
24.78 
19.23 
26.00 
18.01 
23.92 
23.75 
17.84 
26.00 
26.87 
22.52 
8.28 
8.28 
12.96 
11.05 
26.14 
13.29 
12.42 
8.25 
23.16 
8.24 
19.15 
24.51 
27.27 
12.36 
18.58 
8.18 
20.29 
8.16 
18.52 
22.31 
17.63 
8.11 
12.41 
8.08 
18.76 
27.53 
16.30 
8.01 
7.99 
22.43 
25.15 
26.67 
7.91 
24.54 
19.88 
14.87 
13.99 
25.42 
18.89 
23.81 
22.23 
15.55 
7.68 
21.77 
20.03 
14.39 
21.64 
22.10 
23.91 
25.54 
16.39 
20.04 
11.93 
7.37 
23.07 
21.17 
12.61 
8.57 
11.69 
7.17 
21.53 
21.63 
19.92 
22.16 
17.33 
11.54 
23.24 
24.14 
22.76 
8.43 
23.41 
22.35 
21.15 
23.15 
21.30 
21.05 
19.86 
20.56 
19.37 
21.64 
17.32 
9.44 
6.28 
8.10 
20.08 
9.53 
6.11 
6.06 
13.62 
21.56 
21.00 
15.64 
10.03 
5.80 
5.76 
5.71 
5.67 
6.79 
5.58 
6.54 
5.49 
13.60 
18.50 
5.35 
19.55 
18.17 
18.05 
17.66 
16.17 
5.08 
5.04 
4.99 
18.05 
16.86 
15.54 
7.21 
4.77 
4.73 
4.69 
14.63 
13.89 
15.97 
13.31 
4.48 
6.33 
15.04 
13.69 
14.21 
15.34 
13.16 
12.09 
11.77 
4.12 
4.09 
12.83 
10.97 
11.60 
12.10 
13.29 
7.21 
3.84 
3.81 
11.48 
9.15 
3.71 
3.68 
3.66 
3.63 
3.60 
7.61 
9.73 
12.16 
12.10 
12.78 
12.29 
5.12 
10.48 
11.80 
11.64 
10.54 
9.04 
3.31 
11.76 
11.61 
9.62 
5.80 
3.23 
3.22 
3.21 
6.24 
3.19 
9.04 
10.63 
11.22 
9.80 
10.49 
9.98 
3.15 
3.15 
10.77 
10.67 
10.67 
9.47 
9.48 
3.16 
3.16 
3.17 
3.18 
3.18 
3.19 
3.20 
3.21 
3.22 
3.24 
3.25 
12.10 
7.19 
11.56 
10.78 
9.16 
3.35 
3.37 
3.39 
8.59 
5.66 
3.45 
3.47 
3.50 
3.52 
7.58 
3.58 
3.60 
6.62 
6.66 
3.69 
7.43 
3.75 
3.78 
3.82 
3.85 
3.88 
3.92 
3.95 
9.87 
12.55 
4.06 
12.01 
14.50 
9.03 
13.73 
15.18 
11.70 
7.44 
8.87 
12.47 
9.39 
15.07 
13.12 
14.51 
15.78 
15.76 
4.71 
15.71 
4.80 
16.20 
4.88 
4.93 
4.97 
9.94 
18.54 
18.11 
16.97 
16.38 
13.54 
17.44 
14.43 
5.38 
5.43 
5.47 
5.52 
17.66 
19.82 
15.37 
13.39 
20.30 
16.54 
19.48 
19.59 
18.93 
7.64 
16.24 
20.77 
20.72 
20.20 
18.75 
16.82 
21.90 
21.85 
17.23 
17.94 
9.30 
23.03 
6.53 
6.58 
20.91 
20.35 
20.27 
6.74 
12.30 
22.62 
11.43 
6.89 
21.22 
20.14 
21.70 
21.77 
21.67 
17.09 
25.30 
24.54 
7.22 
21.66 
25.75 
23.63 
7.35 
22.06 
16.37 
24.54 
23.92 
25.16 
14.00 
7.56 
19.01 
13.59 
7.65 
25.12 
17.80 
22.47 
7.75 
21.34 
7.80 
21.93 
28.33 
26.65 
27.03 
27.93 
23.12 
22.46 
25.95 
7.99 
8.01 
21.18 
28.65 
17.76 
8.08 
10.52 
29.43 
29.97 
27.56 
28.28 
27.77 
14.25 
23.64 
8.19 
22.97 
19.16 
25.94 
22.48 
29.26 
23.88 
31.19 
28.59 
27.38 
8.27 
27.39 
27.56 
30.52 
28.26 
26.00 
25.14 
13.85 
8.29 
8.29 
27.73 
27.73 
26.86 
25.99 
22.51 
16.43 
15.04 
8.26 
8.26 
8.25 
8.24 
8.24 
8.23 
8.22 
16.01 
21.02 
14.95 
21.51 
8.17 
23.04 
18.35 
13.67 
12.27 
8.11 
9.30 
8.08 
12.37 
8.04 
13.89 
8.01 
7.99 
14.17 
7.95 
7.93 
10.32 
18.02 
16.45 
22.59 
7.83 
19.95 
13.93 
7.76 
7.73 
20.49 
25.56 
17.86 
20.71 
20.66 
23.33 
21.93 
24.08 
25.37 
15.04 
10.46 
23.86 
24.97 
24.24 
26.69 
7.27 
7.24 
10.36 
20.93 
7.13 
7.10 
7.06 
18.54 
6.99 
6.96 
6.92 
6.88 
17.73 
13.29 
21.31 
6.73 
21.15 
24.11 
6.61 
21.21 
22.40 
23.41 
22.53 
22.59 
17.01 
6.32 
8.46 
8.71 
11.75 
20.91 
15.29 
6.06 
6.02 
17.47 
14.07 
11.44 
5.84 
5.80 
5.76 
14.11 
5.67 
5.62 
18.51 
16.09 
11.10 
15.46 
5.40 
5.35 
5.31 
5.26 
17.78 
17.66 
12.17 
9.06 
5.04 
8.39 
4.95 
7.32 
4.86 
4.82 
11.38 
4.73 
4.69 
15.02 
16.21 
4.56 
5.92 
10.94 
12.75 
14.04 
13.19 
10.13 
14.97 
14.01 
13.31 
14.79 
14.21 
13.99 
13.66 
14.51 
8.90 
10.12 
11.09 
11.94 
10.83 
12.01 
13.06 
8.59 
12.11 
3.68 
3.66 
3.63 
3.60 
3.57 
3.55 
3.52 
3.50 
3.47 
3.45 
5.02 
10.27 
3.38 
4.52 
7.62 
10.81 
11.28 
3.29 
3.28 
3.26 
3.25 
3.23 
9.12 
6.16 
5.73 
5.42 
3.18 
10.43 
11.12 
11.20 
10.89 
9.28 
3.15 
3.15 
8.26 
3.15 
3.15 
3.15 
3.16 
3.16 
3.16 
3.17 
3.18 
3.18 
3.19 
3.20 
3.21 
8.11 
3.24 
4.99 
11.38 
11.11 
9.29 
10.36 
3.33 
3.35 
7.67 
5.70 
3.41 
3.43 
3.45 
11.30 
5.98 
3.52 
3.55 
3.58 
9.21 
6.51 
3.66 
3.69 
9.90 
7.37 
13.44 
11.81 
12.81 
9.32 
13.45 
12.96 
12.34 
10.30 
4.06 
4.10 
4.13 
4.17 
11.78 
15.06 
15.16 
4.33 
8.62 
15.99 
4.45 
4.49 
4.54 
4.58 
8.25 
12.50 
4.71 
16.37 
4.80 
4.84 
12.55 
16.01 
4.97 
5.02 
5.06 
5.11 
5.15 
5.20 
18.18 
17.30 
14.29 
7.67 
11.89 
20.05 
17.85 
5.57 
5.61 
5.66 
5.70 
5.75 
5.79 
13.33 
5.88 
10.01 
12.05 
18.68 
10.96 
17.33 
20.67 
12.71 
20.40 
20.97 
19.65 
6.37 
15.73 
10.25 
23.98 
23.93 
23.22 
14.81 
19.70 
24.31 
22.94 
22.21 
10.40 
9.31 
12.95 
13.50 
20.31 
8.82 
22.59 
18.69 
22.57 
20.64 
12.36 
18.76 
18.48 
8.29 
23.13 
25.88 
13.46 
24.32 
23.19 
18.67 
19.39 
23.86 
23.57 
17.31 
26.40 
27.13 
25.29 
25.34 
12.70 
25.25 
24.44 
14.16 
27.09 
27.65 
23.72 
11.51 
28.62 
25.02 
28.85 
27.16 
21.65 
13.20 
8.03 
19.99 
24.86 
22.63 
21.09 
27.01 
27.89 
24.79 
8.15 
8.16 
12.16 
19.47 
21.04 
12.55 
21.41 
20.56 
25.60 
22.48 
11.55 
8.25 
22.33 
12.43 
8.27 
24.95 
26.52 
24.09 
25.83 
8.28 
8.29 
8.29 
8.29 
8.29 
22.70 
25.65 
24.78 
9.67 
19.39 
24.41 
12.43 
8.26 
29.59 
23.17 
23.50 
15.52 
15.86 
16.89 
17.22 
8.20 
13.39 
25.67 
21.84 
13.52 
8.15 
8.13 
11.92 
21.93 
22.77 
13.08 
8.06 
8.04 
21.47 
16.28 
7.99 
7.97 
10.70 
7.93 
17.53 
21.11 
11.13 
7.85 
23.75 
22.86 
10.00 
25.34 
24.28 
12.31 
7.68 
9.86 
10.68 
7.60 
11.13 
27.85 
18.67 
23.52 
10.66 
15.17 
24.19 
9.38 
16.54 
23.85 
23.28 
11.56 
22.16 
24.91 
22.53 
7.10 
7.06 
7.03 
14.05 
6.96 
6.92 
6.88 
22.60 
18.63 
6.77 
19.78 
22.27 
21.06 
9.80 
20.74 
23.67 
19.62 
17.17 
6.41 
6.36 
11.31 
17.94 
16.61 
6.19 
22.60 
23.10 
22.38 
21.51 
21.56 
17.23 
19.39 
12.71 
9.67 
5.76 
5.71 
5.67 
5.62 
5.58 
17.10 
5.49 
5.44 
5.40 
5.35 
5.31 
6.66 
5.22 
5.17 
5.13 
5.08 
8.86 
17.22 
13.86 
16.86 
16.75 
4.82 
16.39 
14.97 
13.17 
4.65 
4.60 
4.56 
4.52 
8.41 
4.44 
12.28 
10.83 
11.61 
4.28 
14.99 
14.40 
14.30 
12.28 
13.03 
7.73 
4.01 
9.60 
3.94 
3.91 
6.52 
3.84 
3.81 
3.78 
3.75 
6.51 
9.25 
11.85 
11.01 
12.04 
11.97 
3.55 
3.52 
9.41 
3.47 
10.48 
10.96 
12.06 
3.38 
3.36 
3.34 
8.00 
11.08 
9.80 
3.28 
3.26 
3.25 
3.23 
3.22 
3.21 
3.20 
4.61 
9.24 
10.23 
9.71 
4.77 
3.16 
3.16 
3.15 
3.15 
3.15 
3.15 
3.15 
3.15 
3.16 
3.16 
3.16 
8.51 
10.74 
11.77 
10.68 
10.91 
9.82 
7.91 
5.48 
9.09 
3.26 
3.28 
3.29 
3.31 
3.33 
3.35 
3.37 
3.39 
3.41 
3.43 
3.45 
3.47 
3.50 
3.52 
3.55 
3.58 
3.60 
3.63 
3.66 
3.69 
3.72 
6.69 
3.78 
3.82 
6.03 
10.47 
3.92 
3.95 
11.05 
4.02 
12.52 
12.37 
4.13 
14.12 
12.63 
12.85 
9.97 
13.16 
9.75 
13.98 
9.39 
12.01 
9.15 
4.58 
9.94 
8.58 
16.52 
11.49 
4.80 
4.84 
4.88 
16.42 
16.67 
17.60 
17.58 
12.99 
14.61 
16.80 
15.93 
14.34 
5.34 
17.38 
12.89 
12.83 
17.99 
18.53 
5.61 
17.13 
11.91 
13.77 
14.75 
18.58 
10.40 
18.48 
5.97 
14.56 
20.77 
21.33 
20.67 
21.08 
21.02 
19.40 
6.32 
6.37 
6.41 
8.99 
9.83 
20.26 
14.10 
6.62 
12.29 
18.81 
19.38 
6.78 
18.71 
18.62 
6.89 
12.52 
18.49 
13.11 
22.26 
23.16 
22.57 
7.15 
7.18 
7.22 
12.28 
14.84 
25.99 
26.56 
24.93 
26.01 
23.19 
24.43 
22.28 
24.54 
22.55 
18.67 
7.62 
26.10 
24.61 
26.88 
7.73 
7.75 
13.96 
24.99 
16.25 
25.41 
26.82 
25.99 
22.75 
7.93 
7.95 
25.08 
24.25 
25.48 
21.70 
22.07 
22.78 
22.11 
16.24 
8.11 
10.55 
26.00 
13.18 
30.03 
30.22 
29.02 
26.43 
9.94 
26.80 
20.73 
8.23 
27.35 
23.19 
20.76 
8.26 
25.64 
8.27 
8.27 
8.28 
8.28 
8.28 
16.62 
21.66 
8.98 
15.06 
8.29 
19.40 
26.52 
8.28 
23.56 
21.29 
11.22 
22.15 
22.66 
8.26 
14.50 
26.11 
23.84 
12.39 
13.07 
25.71 
11.49 
14.60 
19.43 
18.90 
18.02 
17.66 
26.46 
8.12 
8.11 
23.29 
8.08 
8.06 
11.15 
16.82 
23.51 
7.99 
7.97 
21.88 
22.71 
22.34 
7.89 
17.30 
18.47 
10.05 
10.88 
14.62 
27.05 
23.26 
19.29 
19.43 
10.38 
19.18 
24.57 
22.65 
18.71 
7.52 
7.49 
7.46 
7.43 
18.31 
14.24 
18.38 
22.51 
10.77 
10.07 
9.03 
24.25 
26.17 
13.21 
17.12 
20.18 
6.99 
17.43 
11.16 
6.88 
25.03 
25.92 
22.92 
18.97 
18.74 
20.74 
18.27 
11.03 
6.53 
9.49 
6.45 
22.90 
22.80 
21.30 
19.18 
20.80 
19.46 
20.14 
6.11 
6.06 
20.30 
7.04 
9.55 
7.84 
5.84 
5.80 
8.86 
5.71 
5.67 
9.71 
16.62 
20.14 
18.15 
13.89 
5.40 
6.34 
18.84 
11.15 
12.61 
6.14 
15.62 
8.79 
16.24 
16.54 
17.78 
16.19 
14.74 
16.10 
9.26 
14.05 
4.69 
4.65 
4.60 
16.87 
16.88 
15.88 
15.77 
13.53 
4.73 
4.32 
9.81 
14.63 
14.65 
14.18 
13.73 
12.44 
10.10 
10.03 
3.98 
12.57 
12.83 
12.97 
10.25 
3.81 
3.78 
3.75 
10.10 
11.15 
12.52 
13.10 
13.25 
13.17 
11.79 
7.52 
3.50 
7.54 
12.29 
3.43 
12.49 
12.22 
11.95 
12.11 
11.33 
10.46 
3.29 
11.30 
11.47 
11.74 
11.50 
7.60 
10.42 
3.20 
9.76 
3.18 
8.92 
10.51 
10.90 
9.69 
6.97 
9.17 
3.15 
3.15 
9.96 
10.67 
9.67 
9.28 
9.79 
3.67 
9.21 
3.18 
8.74 
10.78 
10.70 
11.11 
9.82 
3.22 
3.24 
3.25 
3.26 
5.54 
3.29 
10.26 
11.45 
10.77 
11.65 
11.81 
11.24 
10.65 
6.76 
6.58 
11.58 
3.52 
3.55 
12.65 
8.11 
13.47 
12.99 
12.96 
12.93 
12.79 
7.42 
9.87 
3.85 
3.88 
3.92 
3.95 
5.99 
7.10 
4.06 
4.10 
4.13 
4.17 
11.78 
15.67 
12.94 
4.33 
7.25 
12.97 
10.91 
4.49 
4.54 
4.58 
4.62 
16.41 
16.39 
14.66 
9.18 
4.84 
11.34 
4.93 
4.97 
5.02 
5.06 
5.11 
12.52 
5.20 
18.32 
18.29 
18.41 
18.23 
17.34 
5.47 
7.55 
5.57 
13.96 
22.14 
19.75 
16.29 
20.86 
20.23 
17.48 
13.79 
5.97 
20.97 
19.85 
10.26 
22.36 
17.20 
10.60 
17.84 
17.30 
16.91 
10.04 
21.51 
10.79 
20.10 
19.54 
6.62 
24.05 
21.24 
23.91 
24.16 
12.36 
21.07 
20.16 
18.59 
6.97 
7.01 
24.58 
24.16 
10.27 
7.15 
20.20 
25.45 
11.78 
14.34 
18.08 
25.88 
26.11 
24.15 
20.82 
23.75 
21.43 
7.53 
26.97 
26.34 
26.22 
26.44 
26.49 
28.76 
25.21 
7.75 
7.77 
7.80 
27.78 
10.94 
7.87 
7.89 
22.06 
27.44 
28.51 
25.95 
25.28 
21.16 
18.41 
29.34 
24.69 
27.66 
28.20 
10.88 
8.12 
21.67 
31.05 
30.72 
29.87 
29.02 
24.17 
26.79 
28.36 
8.22 
21.26 
12.06 
24.58 
29.45 
23.90 
23.73 
23.91 
16.09 
15.40 
18.88 
19.58 
9.33 
11.76 
28.09 
28.61 
30.34 
28.43 
29.12 
29.29 
28.94 
22.16 
15.74 
23.71 
30.47 
27.51 
26.64 
29.75 
28.70 
17.94 
11.69 
19.99 
8.20 
28.63 
10.78 
20.11 
25.98 
8.15 
26.11 
20.74 
13.63 
8.09 
16.53 
22.04 
8.04 
8.03 
21.10 
26.07 
13.82 
20.51 
26.15 
9.29 
19.22 
17.82 
15.90 
25.63 
22.35 
7.78 
16.64 
7.73 
7.71 
18.58 
11.06 
13.40 
21.68 
7.57 
22.10 
28.13 
27.57 
25.32 
20.21 
7.40 
7.37 
21.90 
14.15 
14.44 
7.24 
7.20 
20.60 
12.10 
13.54 
13.99 
25.61 
14.87 
7.77 
25.53 
24.31 
23.57 
17.17 
17.43 
9.47 
6.69 
6.65 
6.61 
6.57 
24.78 
6.49 
8.34 
13.63 
6.36 
13.65 
12.19 
13.36 
11.44 
6.15 
6.11 
6.06 
23.03 
22.31 
20.54 
5.89 
19.88 
19.03 
5.76 
5.71 
5.67 
19.34 
16.62 
19.12 
17.43 
18.61 
18.50 
15.84 
5.31 
6.10 
5.22 
5.17 
5.13 
6.87 
17.87 
18.03 
17.64 
18.34 
18.08 
11.99 
16.66 
15.76 
16.04 
15.80 
15.05 
12.13 
16.50 
4.48 
13.00 
10.66 
13.56 
4.32 
5.14 
11.33 
15.13 
11.89 
13.85 
13.99 
13.42 
9.91 
3.98 
3.94 
3.91 
3.87 
3.84 
3.81 
3.78 
6.34 
6.29 
10.81 
8.53 
11.45 
11.27 
11.64 
12.66 
3.52 
3.50 
3.47 
3.45 
3.43 
3.40 
3.38 
3.36 
3.34 
9.67 
10.56 
8.45 
11.92 
10.44 
3.25 
3.23 
3.22 
3.21 
3.20 
3.19 
9.24 
3.18 
3.17 
3.16 
5.37 
10.08 
10.27 
11.37 
10.67 
9.86 
5.26 
3.15 
10.38 
3.16 
10.70 
10.02 
9.83 
9.85 
10.58 
9.59 
3.21 
3.22 
9.57 
9.91 
9.12 
3.28 
3.29 
3.31 
3.33 
8.15 
10.81 
11.81 
11.45 
10.02 
10.82 
3.47 
3.50 
3.52 
3.55 
8.50 
9.98 
12.36 
6.44 
12.96 
8.66 
10.19 
6.74 
11.81 
12.01 
11.40 
6.48 
12.02 
12.46 
4.02 
4.06 
4.10 
4.13 
4.17 
4.21 
4.25 
7.38 
9.68 
8.37 
10.33 
4.45 
4.49 
16.58 
17.09 
17.08 
16.02 
15.34 
15.05 
15.69 
4.84 
7.98 
14.80 
10.55 
5.02 
16.34 
12.85 
5.15 
14.15 
5.25 
13.77 
12.72 
5.38 
20.50 
19.76 
13.78 
10.81 
11.61 
5.66 
10.58 
19.56 
15.79 
5.84 
5.88 
16.82 
11.44 
6.02 
15.25 
6.11 
18.35 
22.78 
18.07 
22.06 
6.32 
14.08 
6.41 
20.56 
23.19 
22.97 
17.94 
12.40 
20.83 
21.88 
24.07 
15.55 
6.82 
6.85 
6.89 
24.34 
6.97 
21.04 
20.77 
7.08 
18.91 
7.15 
7.18 
7.22 
18.48 
26.09 
25.31 
7.35 
20.55 
21.95 
26.24 
25.11 
24.32 
25.56 
25.27 
19.87 
7.62 
11.58 
25.81 
25.51 
7.73 
14.61 
27.18 
26.71 
15.56 
12.32 
18.90 
27.89 
7.91 
11.56 
25.92 
29.75 
26.32 
8.01 
20.32 
25.01 
28.33 
21.25 
8.09 
8.11 
25.81 
22.53 
27.24 
25.00 
26.05 
21.90 
8.19 
13.59 
25.23 
25.42 
21.95 
8.24 
8.25 
18.68 
28.07 
25.81 
22.86 
25.47 
26.69 
24.44 
20.44 
8.28 
25.31 
26.35 
23.40 
16.97 
23.91 
23.91 
15.05 
8.28 
23.90 
29.62 
27.88 
10.69 
8.26 
20.91 
14.14 
20.37 
14.82 
27.98 
10.98 
17.04 
19.62 
12.16 
22.54 
23.73 
23.19 
25.25 
8.64 
20.54 
8.09 
16.53 
8.06 
27.88 
21.99 
20.07 
15.05 
14.68 
7.95 
21.00 
20.79 
22.48 
25.19 
22.93 
25.46 
7.80 
26.07 
21.59 
10.46 
7.71 
25.22 
17.52 
20.20 
9.98 
7.57 
7.54 
7.52 
7.49 
7.46 
25.43 
27.72 
25.98 
14.87 
7.30 
7.27 
14.73 
10.03 
7.17 
7.13 
15.52 
7.06 
14.59 
24.54 
22.83 
16.55 
6.88 
18.05 
6.81 
6.77 
6.73 
6.69 
6.65 
6.61 
6.57 
8.75 
19.62 
19.85 
21.02 
19.83 
18.49 
16.85 
16.77 
6.19 
6.15 
6.11 
19.03 
6.02 
16.41 
21.15 
5.89 
5.84 
5.80 
17.75 
10.87 
17.55 
11.61 
5.58 
20.14 
19.88 
21.19 
18.79 
18.67 
5.31 
5.26 
5.22 
5.17 
16.86 
5.08 
6.95 
11.65 
18.32 
18.07 
4.86 
4.82 
4.77 
4.73 
4.69 
11.26 
4.60 
4.56 
5.41 
4.48 
14.39 
14.16 
14.06 
13.10 
14.11 
4.24 
6.39 
13.70 
14.33 
13.39 
12.23 
14.03 
13.47 
8.72 
12.83 
10.32 
8.99 
12.23 
6.72 
12.64 
11.67 
11.04 
6.43 
12.99 
12.15 
6.08 
12.12 
10.43 
9.30 
10.75 
9.84 
9.68 
11.11 
11.38 
10.38 
10.75 
10.29 
11.08 
10.62 
8.52 
10.85 
11.43 
9.76 
8.41 
11.13 
11.41 
8.45 
3.18 
8.92 
9.11 
11.00 
11.09 
5.06 
10.57 
10.57 
10.36 
9.56 
3.15 
3.15 
3.16 
11.09 
10.40 
11.22 
9.83 
10.76 
11.39 
10.70 
4.74 
3.22 
6.50 
3.25 
10.45 
9.56 
3.29 
11.19 
9.16 
11.60 
10.92 
10.87 
3.41 
11.82 
11.56 
3.47 
3.50 
3.52 
3.55 
3.58 
3.60 
11.04 
11.22 
5.81 
3.72 
3.75 
3.78 
13.64 
13.27 
12.32 
12.06 
13.08 
3.99 
11.60 
7.04 
12.37 
4.13 
7.69 
4.21 
4.25 
8.86 
11.42 
4.37 
13.85 
14.20 
8.06 
4.54 
4.58 
4.62 
12.10 
13.37 
10.17 
14.10 
4.84 
4.88 
4.93 
4.97 
5.02 
13.86 
15.06 
18.78 
18.62 
14.24 
6.70 
17.41 
13.38 
19.93 
19.76 
19.01 
19.12 
19.08 
9.48 
20.49 
21.64 
21.61 
11.08 
7.54 
5.93 
14.18 
19.44 
20.46 
22.41 
21.59 
20.77 
21.49 
21.43 
21.69 
20.06 
19.83 
6.45 
6.49 
22.49 
22.42 
19.14 
6.66 
14.94 
21.48 
22.54 
16.27 
24.83 
25.24 
23.68 
17.34 
21.86 
22.43 
23.16 
25.56 
25.30 
19.03 
9.23 
20.66 
23.57 
25.99 
21.67 
18.69 
27.70 
27.42 
21.89 
20.41 
19.27 
11.82 
22.76 
24.69 
19.44 
17.08 
20.89 
7.73 
7.75 
7.77 
25.68 
29.67 
27.47 
27.34 
27.89 
27.41 
19.84 
25.05 
19.21 
7.99 
13.54 
8.89 
27.96 
13.95 
26.96 
25.43 
22.32 
25.46 
12.99 
12.66 
24.30 
28.48 
27.98 
28.16 
26.27 
21.07 
8.22 
28.38 
26.65 
13.46 
18.16 
15.90 
27.90 
23.56 
10.18 
8.28 
11.41 
8.28 
12.80 
25.83 
27.74 
25.31 
10.72 
14.71 
8.28 
10.19 
29.28 
8.28 
25.97 
19.89 
22.14 
15.72 
8.25 
8.24 
10.66 
10.66 
8.22 
28.83 
30.37 
23.78 
15.80 
23.75 
19.58 
13.16 
8.13 
21.25 
27.97 
24.84 
8.08 
17.72 
18.74 
20.27 
8.01 
24.69 
23.80 
22.40 
20.82 
25.43 
23.34 
7.87 
22.93 
11.76 
7.80 
7.78 
24.66 
7.73 
7.71 
7.68 
7.65 
19.69 
20.32 
11.81 
7.54 
17.65 
17.78 
14.20 
7.43 
7.40 
7.37 
7.33 
7.30 
16.94 
7.74 
13.18 
20.10 
23.19 
21.14 
7.06 
12.13 
19.95 
17.59 
15.57 
21.54 
6.84 
6.81 
6.77 
10.76 
6.69 
6.65 
6.61 
6.57 
6.53 
6.49 
6.45 
6.41 
6.36 
7.57 
12.81 
10.11 
6.19 
6.15 
20.35 
22.23 
21.36 
22.47 
20.70 
19.99 
19.58 
20.37 
5.76 
5.71 
5.67 
5.62 
13.71 
15.07 
16.42 
5.44 
17.93 
17.97 
16.59 
6.94 
5.22 
5.17 
5.13 
5.08 
15.01 
15.18 
17.64 
17.93 
17.55 
12.52 
12.56 
12.74 
10.30 
4.65 
4.60 
14.05 
15.99 
4.48 
14.13 
8.65 
12.32 
6.79 
6.61 
4.24 
4.20 
4.16 
4.12 
4.09 
9.62 
4.01 
3.98 
13.15 
12.13 
11.13 
3.84 
13.03 
11.82 
3.75 
3.71 
3.68 
3.66 
11.67 
11.49 
3.57 
10.06 
12.16 
11.77 
3.47 
3.45 
3.43 
3.40 
3.38 
7.97 
10.54 
3.33 
3.31 
3.29 
3.28 
3.26 
3.25 
8.34 
6.38 
11.64 
11.31 
7.94 
8.43 
8.52 
9.21 
10.70 
5.07 
3.16 
3.15 
3.15 
6.26 
8.16 
10.27 
11.38 
10.68 
3.16 
3.16 
3.17 
3.18 
3.18 
3.19 
3.20 
3.21 
10.86 
11.00 
10.31 
3.26 
3.28 
3.29 
3.31 
3.33 
9.72 
8.82 
3.39 
3.41 
3.43 
3.45 
3.47 
3.50 
3.52 
3.55 
3.58 
7.78 
5.51 
12.55 
13.41 
12.60 
3.75 
3.78 
3.82 
3.85 
3.88 
5.20 
12.14 
12.70 
4.02 
4.06 
4.10 
13.66 
4.17 
4.21 
13.46 
13.80 
4.33 
4.37 
4.41 
4.45 
14.43 
15.05 
15.67 
15.65 
13.54 
4.71 
4.75 
13.96 
4.84 
4.88 
12.09 
12.72 
15.96 
8.50 
5.11 
5.15 
5.20 
5.25 
5.29 
8.18 
14.81 
5.43 
9.08 
13.93 
18.53 
5.61 
17.72 
5.70 
5.75 
8.63 
15.58 
5.88 
5.93 
5.97 
6.02 
6.06 
21.33 
22.21 
18.91 
17.13 
17.06 
6.32 
14.24 
18.10 
21.03 
20.33 
6.53 
21.94 
23.16 
22.44 
23.18 
22.45 
21.56 
17.41 
16.00 
10.17 
9.39 
22.28 
16.25 
20.11 
20.34 
9.94 
7.15 
7.18 
7.22 
7.25 
18.53 
21.28 
7.35 
23.58 
20.94 
21.50 
20.87 
22.28 
11.11 
11.99 
20.72 
24.35 
26.79 
24.27 
23.46 
7.73 
7.75 
7.77 
7.80 
7.82 
7.85 
20.45 
25.48 
27.93 
26.92 
28.34 
23.53 
25.46 
23.06 
14.60 
8.04 
9.96 
11.02 
27.33 
23.02 
26.51 
20.45 
13.01 
27.08 
11.99 
8.18 
8.19 
10.11 
24.37 
25.25 
8.23 
14.49 
22.49 
23.72 
10.34 
24.77 
26.16 
21.83 
23.05 
27.39 
25.83 
26.87 
22.88 
25.48 
26.00 
23.40 
25.48 
8.28 
8.28 
8.28 
8.28 
13.13 
8.27 
8.26 
21.79 
24.03 
8.24 
15.69 
8.23 
15.50 
22.42 
8.20 
8.19 
8.18 
14.23 
22.00 
26.83 
10.03 
8.12 
18.64 
22.77 
8.08 
8.06 
8.04 
14.40 
8.01 
11.61 
24.15 
24.29 
21.85 
25.43 
21.62 
23.13 
23.27 
7.83 
7.80 
7.78 
14.42 
7.73 
9.07 
7.68 
18.20 
9.50 
22.02 
10.28 
20.07 
9.37 
7.49 
7.46 
7.43 
19.15 
21.28 
14.20 
7.30 
8.94 
7.24 
12.69 
26.41 
21.04 
23.61 
19.42 
19.03 
6.99 
6.96 
24.22 
10.30 
6.84 
6.81 
12.58 
24.13 
21.63 
6.65 
6.61 
17.39 
12.88 
19.77 
6.45 
6.41 
6.83 
23.64 
23.07 
22.34 
20.85 
19.22 
16.67 
13.54 
16.50 
5.98 
10.45 
5.89 
15.55 
5.80 
5.76 
16.61 
21.36 
20.37 
20.54 
18.40 
17.00 
16.47 
13.09 
17.40 
16.16 
5.26 
5.22 
17.39 
18.24 
14.15 
5.58 
4.99 
7.65 
4.91 
6.46 
17.30 
15.07 
4.73 
10.17 
4.65 
16.08 
10.59 
15.48 
13.85 
4.44 
15.04 
7.96 
4.32 
15.10 
14.50 
12.82 
12.13 
4.12 
13.15 
14.37 
12.38 
3.98 
6.39 
3.91 
3.87 
14.03 
11.44 
13.40 
12.53 
7.75 
13.04 
11.63 
3.63 
10.62 
3.57 
4.09 
3.52 
6.61 
10.21 
3.45 
11.91 
11.96 
8.75 
3.36 
3.34 
3.33 
3.31 
10.93 
3.28 
9.93 
3.25 
8.54 
8.41 
9.71 
5.13 
3.19 
3.18 
3.18 
3.17 
3.16 
3.16 
3.16 
3.15 
3.15 
3.15 
3.15 
3.15 
10.57 
9.98 
3.16 
3.16 
3.17 
3.18 
3.18 
11.29 
9.89 
10.91 
10.02 
3.22 
3.24 
3.25 
3.26 
3.28 
3.29 
3.31 
3.33 
3.35 
3.58 
3.39 
3.41 
3.43 
3.45 
9.80 
5.98 
3.52 
3.55 
3.58 
3.60 
3.63 
7.11 
3.69 
8.21 
5.79 
3.78 
3.82 
3.85 
3.88 
10.78 
9.45 
3.99 
4.02 
4.06 
4.10 
4.13 
7.21 
10.92 
4.25 
4.29 
12.29 
12.13 
4.41 
4.45 
4.49 
4.54 
4.58 
4.62 
12.50 
4.71 
6.87 
11.84 
4.84 
4.88 
8.44 
4.97 
5.02 
13.04 
12.99 
16.56 
16.52 
15.65 
5.29 
17.55 
14.38 
12.03 
15.86 
5.52 
5.57 
12.35 
15.07 
15.16 
14.96 
11.76 
18.73 
14.62 
17.72 
18.28 
11.20 
17.09 
13.95 
6.15 
6.19 
18.84 
19.56 
6.32 
11.56 
17.15 
17.07 
21.76 
12.12 
10.10 
6.62 
24.54 
21.88 
14.68 
24.98 
24.09 
23.68 
23.44 
24.01 
24.42 
20.87 
14.98 
13.71 
7.11 
7.15 
17.36 
21.60 
7.25 
7.29 
21.61 
25.55 
24.43 
11.64 
7.45 
7.48 
24.32 
7.53 
12.16 
9.30 
12.06 
12.60 
9.90 
7.70 
7.73 
9.12 
27.36 
28.26 
28.30 
25.41 
7.87 
28.58 
23.61 
7.93 
23.15 
25.95 
29.78 
24.62 
8.03 
12.54 
11.87 
8.08 
8.09 
15.39 
8.12 
20.80 
27.76 
13.54 
24.32 
22.07 
18.96 
24.18 
13.42 
8.22 
13.79 
12.58 
8.25 
8.25 
23.90 
27.72 
26.69 
25.47 
18.88 
23.40 
8.28 
9.85 
8.29 
10.55 
8.29 
8.29 
15.75 
8.28 
25.82 
12.79 
28.58 
26.15 
16.94 
17.81 
16.93 
17.10 
24.02 
8.24 
25.04 
25.90 
23.81 
22.06 
8.19 
8.18 
8.17 
8.16 
8.15 
8.13 
8.12 
26.59 
24.84 
8.08 
9.61 
13.56 
23.20 
8.01 
13.16 
20.36 
7.95 
9.14 
7.91 
22.48 
14.90 
27.90 
27.86 
18.24 
17.35 
15.95 
23.26 
18.61 
20.28 
21.77 
19.69 
27.11 
25.53 
17.36 
15.63 
19.80 
20.94 
24.08 
23.02 
21.79 
26.59 
27.36 
24.12 
23.72 
22.82 
10.82 
23.19 
10.90 
23.87 
9.33 
12.08 
25.12 
23.90 
24.96 
22.11 
17.98 
20.66 
11.72 
14.24 
22.50 
15.39 
6.57 
12.56 
15.03 
17.48 
9.23 
14.82 
16.62 
10.94 
14.29 
15.92 
18.91 
17.13 
6.06 
6.02 
5.98 
5.93 
7.54 
14.36 
17.99 
5.76 
14.70 
5.67 
5.62 
5.58 
16.95 
5.49 
5.44 
14.80 
17.82 
14.61 
11.71 
14.98 
16.14 
18.52 
17.44 
11.18 
4.99 
17.51 
14.84 
15.28 
10.93 
12.70 
11.03 
8.21 
12.69 
13.50 
14.95 
15.10 
15.25 
8.97 
13.03 
4.36 
4.32 
4.28 
4.24 
8.69 
13.10 
13.49 
7.07 
13.18 
13.56 
3.98 
3.94 
10.86 
13.43 
11.51 
3.81 
12.61 
13.54 
12.90 
13.49 
12.30 
11.56 
7.22 
4.99 
6.26 
3.52 
6.40 
11.92 
11.54 
12.65 
12.06 
12.32 
11.43 
10.75 
10.91 
8.69 
11.76 
6.47 
9.83 
3.25 
3.23 
10.35 
7.58 
11.10 
10.17 
10.35 
6.50 
3.17 
3.16 
3.16 
3.16 
3.15 
3.15 
3.15 
3.15 
3.15 
3.15 
3.16 
6.98 
10.30 
10.02 
11.04 
11.16 
10.68 
11.31 
6.57 
10.15 
9.46 
4.89 
3.26 
3.28 
3.29 
8.19 
3.33 
3.35 
8.51 
10.34 
3.41 
3.43 
3.45 
3.47 
10.18 
3.52 
11.82 
11.78 
10.64 
3.63 
3.66 
4.70 
11.14 
10.64 
7.31 
5.87 
3.85 
3.88 
3.92 
3.95 
12.34 
6.86 
4.06 
4.10 
4.13 
4.17 
4.21 
13.22 
7.01 
4.33 
4.37 
12.59 
6.48 
4.49 
4.54 
10.64 
6.70 
4.67 
9.57 
4.75 
4.80 
4.84 
7.71 
5.74 
10.14 
5.02 
6.44 
8.57 
13.08 
5.20 
5.25 
5.29 
5.34 
5.81 
11.17 
14.85 
16.68 
5.57 
20.11 
20.08 
20.63 
18.23 
11.76 
5.84 
5.88 
20.90 
20.10 
20.20 
14.49 
19.49 
6.15 
14.88 
19.31 
19.40 
13.69 
10.62 
12.25 
18.65 
20.49 
17.38 
22.58 
22.67 
20.83 
21.40 
21.16 
21.40 
6.82 
6.85 
6.89 
18.59 
23.93 
7.01 
9.52 
10.23 
7.11 
7.15 
10.86 
7.22 
21.33 
8.80 
22.12 
7.35 
7.38 
20.09 
12.52 
20.87 
18.54 
10.94 
16.08 
15.26 
26.05 
26.79 
24.44 
26.37 
16.64 
17.53 
7.77 
21.90 
27.44 
14.73 
16.66 
25.99 
14.47 
18.64 
25.40 
13.50 
27.36 
26.17 
26.20 
22.07 
19.49 
8.60 
26.64 
24.23 
26.33 
22.71 
19.95 
8.16 
19.80 
20.68 
26.25 
20.88 
22.11 
11.70 
26.82 
23.53 
26.49 
18.85 
14.51 
25.81 
16.44 
8.27 
8.28 
12.10 
21.14 
8.28 
8.29 
23.22 
18.19 
21.66 
12.11 
12.63 
8.28 
24.94 
15.57 
19.90 
10.00 
25.09 
8.26 
21.61 
14.14 
13.44 
14.12 
23.64 
22.07 
20.85 
8.19 
8.18 
25.13 
14.56 
24.75 
17.12 
23.67 
19.34 
25.88 
18.78 
8.06 
20.46 
22.51 
8.01 
12.64 
7.97 
23.95 
26.84 
25.26 
23.68 
9.59 
7.85 
21.01 
21.49 
22.48 
22.44 
20.01 
7.71 
7.68 
9.52 
7.63 
7.60 
9.44 
12.79 
17.99 
19.80 
26.16 
24.42 
18.15 
7.37 
22.23 
22.51 
24.28 
21.22 
7.20 
9.82 
19.71 
11.72 
10.85 
18.70 
21.59 
20.38 
8.22 
16.98 
6.84 
12.48 
24.38 
22.52 
22.11 
6.65 
8.69 
6.57 
10.18 
6.49 
6.45 
6.41 
6.36 
6.32 
6.28 
6.24 
6.19 
8.00 
18.82 
20.10 
10.12 
17.17 
8.19 
5.89 
9.28 
8.92 
5.76 
5.71 
19.31 
14.82 
7.03 
14.35 
5.49 
5.44 
7.82 
14.56 
9.25 
5.26 
5.22 
5.17 
5.13 
5.08 
13.91 
14.09 
15.89 
12.56 
16.21 
13.45 
4.77 
4.73 
4.69 
4.65 
12.99 
14.95 
15.99 
12.59 
12.12 
4.40 
4.36 
4.32 
5.87 
4.24 
15.86 
15.27 
14.45 
7.19 
13.30 
4.01 
3.98 
10.23 
5.07 
11.25 
14.15 
12.69 
11.02 
3.75 
13.01 
11.48 
10.52 
3.63 
3.60 
7.94 
3.55 
3.52 
3.50 
3.47 
7.39 
3.43 
9.00 
3.38 
6.71 
11.07 
11.02 
3.31 
12.17 
11.71 
10.24 
11.02 
9.15 
3.22 
9.00 
3.20 
11.79 
11.26 
8.31 
3.17 
11.71 
11.19 
10.18 
7.66 
3.15 
11.77 
11.97 
10.17 
6.16 
8.67 
3.16 
3.16 
10.12 
11.04 
10.15 
11.49 
