20050101
9.70 
8.60 
9.33 
9.36 
2.64 
8.82 
9.56 
10.05 
9.74 
9.17 
9.94 
9.99 
9.96 
2.80 
10.26 
9.49 
10.02 
10.09 
9.87 
10.51 
10.02 
5.97 
3.04 
9.66 
3.10 
6.27 
3.16 
4.89 
11.25 
6.80 
11.95 
11.84 
12.25 
3.41 
11.82 
10.23 
3.52 
11.70 
8.02 
12.99 
13.65 
13.65 
13.21 
11.65 
3.85 
3.90 
11.84 
7.79 
14.49 
14.84 
15.20 
15.21 
11.27 
13.17 
12.56 
16.33 
16.46 
16.71 
16.60 
11.71 
17.24 
12.79 
17.64 
17.38 
17.77 
17.52 
18.04 
16.98 
17.37 
18.30 
18.84 
19.10 
16.65 
18.27 
9.85 
13.39 
19.34 
18.77 
20.01 
9.81 
18.42 
15.67 
21.38 
21.50 
19.74 
17.38 
21.44 
21.85 
22.12 
13.63 
6.10 
17.83 
22.14 
19.53 
15.69 
12.27 
10.36 
6.43 
19.40 
23.81 
19.12 
23.40 
21.78 
24.22 
24.01 
19.54 
17.09 
20.96 
6.92 
20.80 
25.03 
25.92 
16.70 
24.48 
26.49 
19.15 
23.26 
25.60 
22.26 
22.65 
27.28 
24.90 
24.48 
23.72 
7.52 
27.46 
15.66 
21.47 
26.31 
7.68 
21.78 
10.72 
24.70 
20.92 
21.96 
12.51 
8.87 
28.09 
28.46 
28.34 
7.97 
28.58 
27.44 
26.14 
25.16 
29.22 
13.80 
27.77 
13.34 
20.59 
18.59 
20.63 
25.70 
30.60 
29.11 
14.97 
25.27 
15.16 
9.28 
13.00 
21.44 
29.38 
23.48 
17.08 
22.15 
24.01 
30.42 
8.32 
20.47 
20.31 
25.20 
27.90 
28.74 
22.50 
8.33 
15.07 
8.32 
8.32 
21.12 
23.47 
27.85 
30.19 
20.75 
21.91 
28.80 
30.30 
30.45 
25.55 
16.80 
18.96 
20.12 
24.13 
24.78 
13.85 
24.39 
24.03 
18.31 
12.60 
20.94 
13.56 
18.37 
9.67 
7.98 
7.96 
17.92 
26.70 
22.34 
10.68 
24.25 
28.18 
21.01 
13.87 
13.83 
23.35 
7.67 
21.77 
12.36 
16.42 
22.76 
7.51 
7.48 
16.40 
14.88 
7.37 
8.47 
16.19 
7.26 
7.23 
13.93 
27.18 
26.62 
22.86 
17.38 
24.45 
18.35 
24.12 
21.51 
19.70 
23.70 
20.48 
7.95 
21.40 
6.62 
18.13 
23.58 
24.39 
23.83 
24.02 
22.40 
21.09 
22.03 
21.78 
6.16 
6.11 
13.16 
8.81 
19.31 
5.92 
13.72 
21.59 
20.17 
5.72 
5.68 
20.95 
21.25 
15.64 
15.82 
18.63 
10.08 
12.62 
7.19 
5.23 
7.21 
13.60 
19.51 
16.45 
18.32 
16.35 
4.88 
17.79 
17.92 
16.77 
15.62 
6.65 
4.58 
12.14 
17.37 
16.99 
16.37 
16.12 
15.15 
14.67 
4.20 
15.73 
15.60 
15.12 
14.77 
14.53 
4.96 
6.49 
14.62 
6.48 
14.05 
13.27 
13.16 
11.54 
6.39 
11.77 
5.21 
12.41 
11.68 
12.00 
12.11 
12.32 
11.51 
6.48 
11.63 
11.63 
11.35 
10.97 
10.88 
7.61 
6.49 
10.64 
10.28 
10.78 
10.42 
10.54 
10.29 
9.85 
3.74 
9.64 
9.95 
5.47 
9.75 
4.24 
6.53 
8.80 
9.29 
9.52 
8.60 
9.09 
3.92 
8.77 
8.92 
9.15 
8.95 
9.28 
9.26 
9.07 
9.32 
2.81 
8.36 
8.35 
8.52 
8.95 
8.52 
8.19 
9.05 
9.06 
9.07 
2.56 
2.57 
6.80 
5.18 
8.92 
8.86 
2.62 
2.63 
9.66 
8.99 
9.56 
8.19 
9.66 
8.99 
2.74 
2.76 
9.05 
9.19 
9.25 
2.85 
2.87 
5.79 
7.06 
4.09 
10.02 
10.76 
10.45 
3.07 
10.81 
9.71 
10.38 
3.19 
8.64 
6.09 
11.03 
11.43 
11.52 
12.14 
11.61 
5.38 
3.52 
12.56 
13.31 
13.64 
12.77 
12.99 
12.32 
3.81 
12.54 
3.90 
14.70 
13.90 
14.60 
15.08 
13.08 
4.17 
15.69 
15.10 
6.98 
10.47 
16.34 
4.46 
8.12 
15.10 
17.37 
15.97 
13.15 
17.64 
16.22 
17.12 
14.10 
16.19 
16.31 
16.30 
18.30 
16.53 
19.37 
11.56 
19.09 
11.87 
20.73 
19.47 
15.93 
18.73 
18.99 
21.25 
16.63 
21.36 
16.40 
13.59 
18.51 
21.41 
19.90 
20.01 
11.77 
20.68 
16.12 
22.55 
21.90 
6.34 
22.42 
18.70 
18.63 
21.34 
6.57 
19.83 
23.34 
17.65 
20.87 
16.23 
17.09 
12.10 
21.52 
25.42 
22.00 
22.88 
23.12 
26.41 
18.28 
10.26 
22.12 
21.87 
15.60 
22.00 
24.51 
23.59 
21.86 
7.48 
24.60 
18.57 
20.43 
7.61 
8.64 
28.35 
20.79 
7.73 
24.20 
25.58 
26.12 
23.83 
23.21 
20.08 
26.13 
18.64 
10.98 
25.23 
23.42 
21.11 
9.90 
13.11 
15.98 
29.28 
27.79 
23.28 
15.90 
19.12 
8.19 
17.13 
24.39 
24.91 
18.69 
27.13 
18.72 
17.38 
26.16 
27.86 
12.01 
8.30 
20.12 
30.08 
27.89 
29.08 
23.68 
8.33 
23.51 
27.56 
23.01 
18.62 
18.62 
21.82 
22.32 
26.86 
18.93 
8.31 
16.05 
24.46 
29.67 
8.28 
21.06 
18.02 
18.17 
16.14 
8.22 
8.21 
8.20 
23.12 
20.92 
28.11 
15.34 
25.54 
22.83 
8.08 
8.06 
19.24 
22.21 
29.19 
20.98 
11.95 
7.93 
7.91 
7.88 
7.86 
7.83 
7.81 
17.70 
13.37 
21.25 
17.91 
18.36 
13.22 
7.60 
7.57 
7.54 
7.51 
7.48 
7.44 
7.41 
7.37 
7.34 
11.02 
23.71 
14.95 
25.66 
24.94 
20.22 
13.14 
25.65 
21.60 
25.00 
23.96 
17.74 
7.30 
19.16 
20.79 
14.64 
16.28 
22.70 
13.05 
19.43 
8.17 
21.08 
17.18 
22.40 
7.51 
13.32 
18.18 
22.26 
20.81 
21.15 
21.48 
9.05 
15.26 
16.91 
20.72 
19.45 
18.62 
5.68 
19.39 
19.27 
18.59 
15.68 
10.99 
19.76 
20.04 
20.05 
19.78 
18.02 
18.30 
17.37 
16.85 
18.71 
16.61 
15.45 
17.41 
4.78 
15.36 
13.33 
17.14 
13.37 
4.54 
10.81 
8.62 
10.63 
16.97 
13.22 
13.71 
4.20 
4.16 
9.27 
15.47 
4.02 
8.91 
12.93 
5.13 
12.71 
14.28 
13.16 
13.82 
13.05 
12.73 
12.19 
7.18 
12.20 
10.84 
12.62 
11.17 
12.01 
9.36 
11.81 
10.71 
7.13 
9.85 
11.25 
9.40 
5.33 
10.51 
9.67 
8.26 
10.38 
3.42 
9.58 
9.61 
2.87 
3.49 
8.60 
10.46 
9.68 
9.80 
9.39 
9.52 
9.56 
8.36 
10.09 
2.66 
8.78 
2.63 
8.80 
8.51 
8.48 
2.59 
8.78 
8.25 
9.00 
8.47 
7.09 
7.17 
8.70 
5.96 
6.47 
9.12 
8.35 
7.67 
2.55 
3.75 
9.33 
9.17 
8.42 
2.58 
2.59 
8.92 
9.21 
8.98 
8.49 
8.26 
9.35 
9.30 
9.61 
8.68 
5.95 
9.58 
9.81 
9.96 
5.27 
6.96 
10.33 
9.84 
10.46 
8.65 
5.50 
10.30 
3.01 
10.07 
3.07 
3.10 
7.65 
10.98 
11.26 
10.95 
11.24 
11.33 
11.84 
11.94 
11.31 
12.35 
10.76 
12.56 
3.56 
3.60 
12.55 
13.76 
13.43 
13.10 
10.42 
13.89 
13.33 
13.10 
14.25 
13.90 
13.44 
13.79 
13.43 
15.81 
15.22 
6.25 
10.95 
4.41 
9.16 
10.24 
4.56 
13.95 
4.65 
4.70 
17.25 
11.81 
16.99 
17.65 
13.68 
18.57 
19.11 
19.11 
14.09 
17.87 
16.22 
18.53 
19.21 
5.41 
5.46 
14.52 
16.18 
8.74 
5.66 
19.94 
21.21 
20.32 
21.61 
20.56 
6.99 
6.01 
17.04 
9.09 
21.13 
23.04 
22.55 
6.29 
19.58 
19.37 
21.61 
18.63 
22.12 
13.85 
6.62 
22.25 
20.62 
13.65 
13.71 
23.88 
15.74 
13.74 
24.31 
18.97 
22.88 
14.14 
20.78 
26.01 
23.83 
25.84 
23.00 
23.40 
15.97 
24.51 
24.74 
27.42 
22.08 
27.06 
27.13 
26.36 
16.52 
26.48 
23.56 
11.68 
27.97 
27.52 
27.40 
19.63 
18.34 
7.87 
29.09 
28.80 
17.64 
27.21 
7.99 
8.01 
21.11 
29.36 
27.88 
18.00 
21.38 
29.14 
18.57 
8.16 
9.19 
8.19 
8.20 
29.28 
29.29 
26.78 
23.93 
26.64 
24.46 
26.33 
28.53 
8.30 
8.30 
25.86 
26.88 
17.77 
17.60 
8.33 
9.00 
12.72 
23.35 
17.44 
8.33 
21.48 
26.03 
26.87 
8.32 
22.47 
8.31 
8.30 
24.13 
20.75 
8.28 
22.91 
22.06 
19.69 
14.29 
12.93 
8.21 
20.96 
20.27 
12.70 
8.15 
8.14 
8.12 
22.83 
8.08 
14.25 
29.26 
26.05 
27.35 
16.98 
25.45 
22.58 
24.70 
18.35 
14.66 
11.81 
23.37 
7.78 
12.38 
7.72 
23.02 
26.43 
7.64 
7.60 
7.57 
7.54 
25.80 
22.48 
26.33 
26.42 
23.59 
23.69 
23.78 
24.84 
7.23 
21.48 
22.53 
20.06 
14.41 
23.58 
25.25 
22.15 
24.75 
21.04 
6.83 
20.72 
21.89 
23.04 
20.31 
22.08 
19.67 
20.20 
23.48 
23.68 
24.02 
23.46 
23.35 
22.49 
21.78 
18.39 
14.43 
17.60 
6.02 
5.97 
16.72 
15.32 
10.45 
5.77 
17.47 
16.65 
20.24 
20.82 
19.43 
19.45 
11.96 
5.38 
11.10 
19.36 
18.15 
16.40 
7.68 
17.64 
14.06 
13.83 
4.93 
4.88 
15.59 
18.18 
14.20 
6.34 
16.13 
17.14 
6.41 
17.00 
16.75 
15.76 
13.08 
9.60 
15.38 
15.26 
14.66 
14.54 
13.49 
4.02 
10.06 
12.13 
4.91 
10.36 
13.83 
5.31 
13.71 
13.71 
13.27 
13.37 
13.05 
7.43 
3.48 
6.47 
3.40 
11.60 
10.48 
11.21 
3.26 
3.22 
3.19 
11.05 
10.97 
10.98 
10.90 
9.09 
10.17 
10.76 
2.95 
10.14 
2.90 
6.12 
10.41 
10.34 
8.00 
10.13 
9.98 
5.80 
9.79 
9.65 
9.51 
9.12 
7.85 
9.39 
9.35 
8.36 
2.61 
9.17 
6.04 
9.04 
8.93 
9.17 
8.81 
8.80 
8.71 
8.78 
8.52 
2.54 
2.54 
9.04 
2.55 
2.55 
2.55 
2.56 
3.59 
4.72 
8.96 
9.58 
9.44 
8.69 
9.41 
8.83 
8.08 
8.20 
9.48 
9.43 
10.19 
4.07 
8.50 
9.90 
9.14 
4.26 
9.34 
10.14 
2.87 
9.53 
2.92 
5.88 
9.16 
9.61 
10.74 
10.92 
3.10 
11.18 
10.18 
10.56 
11.15 
12.35 
12.15 
12.04 
11.94 
12.14 
12.24 
12.45 
12.45 
12.66 
12.88 
13.10 
13.10 
13.10 
14.10 
14.56 
14.46 
13.56 
14.93 
15.06 
6.82 
14.72 
14.73 
13.19 
14.98 
15.58 
6.86 
11.44 
15.35 
16.59 
16.60 
16.98 
7.89 
15.34 
17.51 
18.03 
15.70 
18.17 
18.30 
10.24 
14.45 
14.42 
13.32 
5.16 
19.24 
15.26 
18.53 
15.89 
15.72 
8.54 
18.61 
5.56 
7.03 
11.09 
20.37 
20.78 
18.44 
13.00 
15.72 
5.96 
6.01 
17.34 
20.12 
6.15 
22.14 
19.98 
22.51 
15.16 
6.39 
16.24 
6.48 
14.86 
6.57 
22.16 
6.66 
24.22 
23.85 
21.74 
19.14 
22.70 
23.11 
9.82 
7.00 
7.04 
10.13 
24.48 
21.66 
13.01 
20.50 
23.49 
20.63 
21.18 
16.52 
21.47 
10.72 
7.48 
21.15 
24.66 
14.34 
7.61 
24.00 
7.68 
23.77 
7.73 
7.76 
17.60 
12.64 
22.84 
20.71 
10.73 
21.28 
24.99 
16.67 
26.91 
28.11 
19.10 
29.52 
28.88 
20.69 
20.88 
28.30 
27.32 
24.31 
11.54 
15.09 
23.02 
11.42 
24.24 
24.09 
19.55 
18.89 
28.85 
26.84 
21.62 
11.50 
22.14 
8.31 
8.31 
15.07 
19.46 
8.33 
15.75 
11.20 
14.74 
25.20 
21.65 
16.42 
18.61 
14.22 
8.32 
11.35 
8.31 
8.30 
8.29 
8.29 
20.57 
23.58 
20.37 
8.25 
26.23 
23.35 
8.21 
12.23 
22.79 
9.51 
30.46 
28.92 
8.12 
16.64 
27.49 
25.79 
17.90 
25.39 
19.18 
19.48 
28.11 
28.07 
7.91 
7.88 
7.86 
10.65 
7.81 
15.39 
21.63 
7.72 
16.92 
24.78 
29.00 
14.17 
14.46 
11.30 
7.51 
7.48 
14.44 
7.41 
7.37 
14.30 
23.78 
7.26 
20.26 
25.82 
7.15 
7.11 
18.88 
21.99 
7.00 
24.52 
23.02 
17.89 
13.11 
8.04 
13.93 
14.02 
6.66 
6.62 
21.98 
24.04 
23.32 
14.52 
19.77 
22.10 
6.30 
6.25 
11.89 
6.16 
20.96 
20.70 
21.92 
10.51 
19.20 
15.61 
16.82 
14.70 
17.04 
5.68 
12.29 
6.71 
5.53 
14.84 
5.71 
12.98 
19.35 
15.81 
18.28 
16.94 
14.81 
16.71 
9.41 
17.79 
4.93 
4.88 
17.54 
15.09 
15.87 
7.86 
17.27 
16.89 
16.14 
12.66 
15.39 
14.54 
15.15 
13.94 
8.68 
14.90 
10.77 
11.03 
8.60 
14.65 
14.76 
14.18 
14.52 
14.40 
11.83 
3.76 
10.09 
13.49 
10.67 
12.94 
12.83 
12.73 
12.41 
12.31 
12.00 
3.36 
11.71 
11.71 
3.26 
3.22 
9.25 
10.76 
10.87 
10.79 
10.90 
10.91 
11.03 
11.04 
10.68 
10.52 
5.32 
5.19 
10.31 
7.78 
10.28 
6.14 
10.07 
10.02 
8.71 
9.38 
2.69 
9.65 
9.78 
9.48 
8.04 
7.58 
4.34 
2.60 
5.44 
5.68 
9.79 
9.52 
9.41 
8.20 
9.22 
9.21 
9.04 
5.45 
8.69 
8.86 
9.13 
8.96 
9.15 
9.07 
4.37 
2.57 
9.04 
9.67 
9.61 
9.61 
8.08 
7.93 
9.27 
9.40 
8.47 
9.83 
9.08 
9.74 
9.88 
9.94 
9.99 
7.60 
10.11 
9.89 
7.83 
2.87 
10.37 
9.69 
10.23 
7.54 
9.51 
10.64 
8.30 
10.71 
10.69 
10.68 
7.78 
10.75 
9.22 
6.76 
9.07 
10.70 
8.40 
5.85 
11.08 
10.32 
12.66 
7.48 
13.21 
13.10 
13.10 
3.77 
12.88 
13.21 
14.35 
14.59 
3.99 
4.03 
7.94 
15.20 
14.38 
14.02 
4.27 
13.53 
15.23 
15.97 
15.85 
15.85 
16.60 
9.53 
4.65 
4.70 
15.06 
17.90 
15.69 
17.51 
18.44 
18.30 
13.62 
11.97 
17.48 
17.33 
17.59 
14.13 
18.10 
18.50 
20.31 
19.45 
5.56 
20.27 
17.53 
20.66 
21.21 
21.34 
21.02 
15.58 
5.96 
11.48 
16.30 
22.21 
20.68 
18.23 
21.64 
23.42 
23.23 
21.51 
20.23 
20.94 
7.14 
6.57 
18.58 
21.78 
19.22 
23.54 
23.63 
20.56 
6.88 
6.92 
8.55 
25.03 
24.16 
7.08 
8.08 
22.63 
24.47 
18.24 
26.25 
15.92 
23.14 
7.87 
20.98 
27.09 
23.72 
24.11 
25.65 
22.90 
18.67 
7.64 
18.26 
22.61 
27.30 
23.70 
14.94 
7.82 
15.84 
27.04 
26.09 
23.79 
26.00 
7.97 
29.25 
28.11 
23.96 
19.96 
27.54 
22.70 
8.11 
20.40 
27.15 
29.02 
19.79 
26.20 
29.42 
21.36 
23.40 
11.44 
19.21 
8.26 
20.75 
28.69 
26.85 
25.67 
17.41 
22.48 
19.79 
8.32 
18.11 
8.33 
8.33 
28.58 
25.03 
28.91 
29.58 
29.58 
27.89 
22.32 
15.57 
28.03 
24.15 
22.45 
18.57 
27.15 
24.27 
16.52 
8.26 
8.25 
23.70 
8.22 
28.71 
26.67 
9.53 
8.17 
8.15 
20.37 
27.22 
13.29 
8.08 
20.60 
15.06 
25.39 
29.02 
7.98 
19.95 
7.93 
21.71 
26.82 
15.33 
9.99 
9.46 
7.78 
20.14 
7.72 
21.54 
26.26 
15.85 
17.78 
10.85 
10.00 
15.84 
7.48 
16.56 
27.24 
27.16 
27.09 
23.95 
15.01 
7.23 
7.19 
15.80 
7.75 
24.14 
23.10 
22.07 
23.26 
6.91 
6.87 
14.21 
18.69 
24.07 
20.09 
21.40 
18.37 
19.83 
6.53 
6.48 
6.44 
6.39 
6.35 
12.79 
11.36 
20.73 
12.72 
19.92 
21.59 
20.15 
20.48 
20.95 
19.24 
18.70 
5.77 
15.18 
16.23 
19.67 
19.69 
17.75 
12.46 
10.29 
14.78 
13.99 
19.50 
9.58 
5.18 
15.08 
16.84 
18.45 
18.98 
17.92 
17.79 
15.33 
6.58 
7.80 
16.77 
10.32 
13.62 
16.14 
16.51 
15.76 
9.16 
15.88 
4.30 
15.74 
12.88 
14.78 
15.13 
13.14 
13.61 
3.98 
14.64 
13.16 
10.69 
12.38 
3.76 
11.51 
3.68 
12.73 
12.73 
12.62 
12.30 
8.31 
6.47 
6.30 
3.36 
9.87 
9.07 
3.26 
10.23 
11.14 
11.05 
7.93 
10.79 
6.45 
10.63 
10.55 
10.76 
10.31 
9.77 
2.90 
9.27 
6.07 
10.16 
8.46 
8.77 
9.62 
8.22 
6.48 
8.85 
2.69 
9.03 
9.52 
2.64 
8.39 
8.10 
2.61 
7.18 
7.16 
4.04 
7.99 
8.57 
7.96 
8.89 
8.62 
8.61 
8.44 
8.44 
8.52 
6.73 
2.55 
4.94 
2.55 
8.64 
5.83 
2.57 
4.73 
7.51 
7.27 
8.69 
2.62 
4.55 
8.78 
8.91 
8.86 
2.69 
7.43 
3.53 
9.49 
9.99 
10.14 
8.01 
10.17 
7.65 
9.19 
9.53 
2.92 
5.98 
10.40 
10.95 
11.03 
9.37 
11.20 
11.18 
8.80 
11.56 
11.45 
11.55 
11.13 
5.18 
10.70 
12.04 
12.35 
11.92 
6.18 
6.56 
6.30 
9.95 
8.94 
3.73 
12.88 
13.55 
8.59 
14.46 
14.01 
14.59 
14.14 
14.72 
10.37 
13.67 
12.59 
13.90 
4.31 
14.13 
6.38 
4.46 
4.51 
13.22 
13.07 
9.11 
4.70 
9.39 
16.61 
4.85 
4.90 
15.13 
16.97 
14.82 
17.76 
12.20 
5.21 
16.08 
18.26 
19.21 
14.32 
6.72 
9.31 
17.03 
12.30 
19.10 
7.58 
16.45 
20.18 
19.57 
20.70 
10.37 
6.01 
11.25 
21.16 
18.58 
21.69 
21.19 
9.32 
22.62 
20.13 
12.72 
6.48 
23.97 
6.57 
13.45 
19.91 
18.12 
10.67 
12.14 
8.25 
15.58 
11.20 
16.19 
7.00 
10.24 
24.08 
23.68 
7.16 
19.95 
24.55 
14.89 
20.31 
27.04 
25.65 
20.49 
14.82 
21.42 
17.86 
25.97 
13.18 
22.79 
8.47 
15.12 
17.15 
22.00 
23.20 
7.79 
23.46 
8.84 
11.70 
14.74 
27.63 
28.34 
7.97 
25.40 
23.93 
15.58 
24.49 
11.60 
8.09 
8.11 
23.09 
15.38 
12.20 
14.07 
27.89 
24.20 
24.22 
25.92 
21.39 
13.14 
12.82 
20.08 
8.28 
12.68 
22.81 
8.30 
20.80 
25.53 
22.32 
8.32 
10.35 
15.92 
29.42 
26.38 
25.87 
26.04 
27.22 
23.50 
13.72 
8.32 
14.55 
9.65 
8.30 
8.29 
25.63 
27.30 
22.07 
28.28 
27.42 
16.47 
28.73 
8.21 
8.20 
8.18 
8.17 
22.24 
14.34 
8.12 
8.10 
13.27 
16.42 
8.04 
15.37 
23.52 
20.82 
14.79 
19.92 
11.40 
7.88 
7.86 
15.46 
7.81 
7.78 
7.75 
28.02 
22.36 
10.13 
7.64 
21.06 
26.58 
9.67 
22.05 
20.85 
27.63 
15.70 
21.32 
9.60 
21.20 
26.94 
26.86 
13.13 
7.15 
7.11 
18.24 
7.04 
15.25 
22.78 
22.70 
19.94 
16.09 
16.65 
19.55 
19.93 
20.78 
10.95 
11.04 
13.90 
6.48 
20.62 
19.77 
21.19 
12.49 
19.33 
17.28 
21.37 
21.70 
21.44 
21.48 
21.22 
7.23 
5.87 
5.82 
7.93 
14.32 
5.68 
5.63 
19.98 
20.13 
19.59 
15.30 
17.13 
19.49 
18.95 
18.28 
17.48 
5.13 
5.08 
10.48 
18.45 
18.45 
17.01 
4.83 
4.78 
4.73 
4.68 
15.63 
15.26 
16.63 
15.64 
15.88 
15.15 
4.34 
4.30 
4.25 
9.91 
4.16 
4.11 
4.07 
4.02 
9.71 
14.18 
13.61 
14.17 
14.17 
13.27 
14.04 
13.49 
12.94 
12.94 
12.94 
11.99 
11.89 
6.88 
12.62 
9.64 
10.58 
5.32 
6.08 
10.93 
8.06 
11.25 
10.77 
9.91 
3.06 
9.28 
8.74 
8.77 
10.31 
7.14 
9.70 
9.64 
5.71 
9.52 
8.91 
2.78 
2.76 
5.08 
8.89 
9.47 
8.63 
5.32 
9.52 
9.57 
9.44 
9.06 
6.08 
8.92 
2.59 
4.21 
8.85 
8.83 
7.44 
8.80 
8.02 
8.44 
8.78 
8.26 
9.03 
8.95 
8.53 
8.96 
8.97 
8.47 
9.17 
6.53 
9.39 
9.41 
9.44 
9.38 
5.93 
8.31 
9.66 
9.70 
9.74 
9.34 
10.10 
10.06 
10.12 
10.35 
10.41 
9.38 
10.35 
10.33 
10.67 
10.65 
10.81 
10.89 
10.97 
9.71 
11.03 
11.02 
11.39 
11.28 
7.71 
11.16 
11.75 
12.15 
12.56 
12.25 
11.21 
11.93 
8.99 
7.49 
12.98 
4.95 
12.77 
10.49 
3.68 
13.32 
12.44 
6.05 
14.23 
13.90 
3.94 
13.44 
14.37 
14.84 
12.96 
4.17 
4.22 
5.83 
16.44 
15.72 
4.41 
7.55 
14.73 
17.36 
16.86 
17.88 
18.15 
10.68 
18.16 
18.43 
18.30 
18.83 
18.84 
18.70 
15.87 
11.38 
9.16 
15.81 
19.91 
18.66 
7.64 
14.98 
13.54 
15.75 
19.41 
19.25 
19.36 
19.91 
21.92 
22.05 
18.21 
22.59 
19.01 
17.78 
6.10 
23.07 
23.34 
23.15 
21.15 
6.34 
16.77 
22.83 
19.09 
23.66 
24.85 
23.71 
18.98 
23.28 
21.97 
24.57 
21.83 
24.92 
24.54 
19.53 
7.00 
17.60 
22.31 
21.26 
17.95 
7.20 
24.71 
23.16 
7.31 
15.97 
25.81 
25.88 
25.46 
8.80 
17.37 
22.52 
24.88 
16.69 
20.53 
28.35 
22.78 
20.50 
26.53 
24.91 
27.95 
21.50 
21.21 
10.73 
27.46 
7.94 
27.04 
28.58 
25.94 
25.30 
27.01 
15.96 
22.20 
22.89 
8.13 
18.40 
24.31 
28.20 
12.40 
29.42 
28.60 
29.63 
18.19 
22.25 
25.80 
27.16 
17.39 
15.54 
25.51 
30.07 
20.96 
14.56 
10.85 
24.86 
29.08 
21.66 
22.67 
19.97 
8.33 
8.33 
23.84 
29.91 
26.87 
22.82 
23.82 
14.54 
17.06 
8.29 
17.88 
30.16 
29.81 
10.78 
18.84 
20.01 
25.54 
30.05 
26.00 
23.12 
17.06 
21.90 
19.37 
20.85 
18.65 
8.08 
16.76 
8.04 
8.02 
13.01 
13.98 
17.28 
7.93 
7.91 
29.48 
12.84 
19.60 
7.81 
19.52 
27.41 
24.88 
10.00 
23.96 
23.08 
7.60 
7.57 
19.16 
19.60 
19.87 
19.82 
25.45 
21.16 
21.26 
7.30 
7.26 
21.71 
12.17 
24.94 
24.54 
24.46 
24.54 
21.44 
14.87 
11.33 
13.80 
17.04 
9.92 
19.23 
18.22 
18.45 
6.62 
23.53 
22.20 
18.73 
22.15 
22.66 
19.82 
12.18 
6.70 
22.08 
6.16 
16.36 
12.42 
6.60 
6.55 
10.30 
11.97 
18.41 
21.32 
21.20 
21.50 
21.23 
20.96 
20.70 
19.03 
18.08 
16.58 
12.20 
5.28 
19.51 
19.92 
19.78 
19.51 
18.31 
17.92 
14.38 
18.06 
14.81 
4.78 
10.75 
16.51 
14.74 
7.47 
7.53 
7.21 
9.98 
15.39 
16.36 
15.15 
13.83 
4.20 
4.16 
4.11 
4.07 
15.00 
14.42 
8.60 
9.99 
12.71 
12.83 
9.29 
4.92 
3.68 
10.89 
3.59 
4.09 
3.51 
4.21 
12.41 
6.20 
12.52 
11.81 
9.99 
11.32 
11.93 
10.94 
10.16 
3.13 
3.09 
3.06 
11.40 
10.84 
10.66 
4.74 
10.61 
6.53 
8.25 
2.85 
8.97 
9.28 
2.78 
10.16 
8.40 
4.06 
10.09 
9.43 
2.67 
4.50 
8.08 
9.35 
9.50 
9.20 
9.52 
9.49 
6.45 
9.19 
9.34 
9.24 
9.14 
9.39 
9.21 
9.12 
8.86 
9.20 
9.04 
9.04 
9.13 
8.72 
7.10 
8.57 
2.57 
2.58 
8.72 
9.00 
4.78 
9.15 
9.36 
9.40 
9.35 
2.67 
8.72 
9.66 
9.97 
10.12 
8.91 
9.78 
9.92 
8.15 
2.85 
2.87 
4.49 
2.92 
6.35 
11.06 
10.85 
11.03 
11.11 
10.12 
10.79 
11.07 
5.48 
11.45 
3.97 
12.15 
11.84 
11.73 
12.04 
11.40 
7.17 
12.13 
12.98 
13.42 
13.10 
13.87 
13.87 
7.21 
3.81 
13.55 
13.56 
13.10 
14.02 
14.72 
14.49 
12.96 
11.77 
4.22 
16.18 
8.19 
16.08 
16.09 
13.50 
4.51 
11.71 
4.60 
4.65 
4.70 
4.75 
4.80 
17.65 
18.17 
17.91 
17.77 
18.30 
18.97 
19.37 
15.15 
19.37 
15.92 
10.90 
8.75 
20.45 
19.73 
20.14 
14.15 
11.52 
15.48 
21.21 
21.19 
20.59 
21.58 
18.91 
19.46 
16.74 
20.87 
18.13 
6.20 
22.85 
22.36 
22.16 
21.05 
21.15 
24.48 
19.65 
10.75 
24.64 
23.34 
23.75 
22.44 
7.73 
23.72 
23.34 
11.04 
10.46 
7.00 
7.04 
21.67 
7.12 
7.16 
25.44 
21.31 
18.14 
23.07 
23.79 
15.86 
23.92 
23.98 
25.52 
23.12 
26.47 
25.54 
16.19 
25.16 
22.56 
23.77 
7.73 
17.39 
19.43 
22.13 
23.50 
21.37 
27.42 
27.29 
15.97 
16.16 
16.69 
11.53 
27.81 
22.81 
22.84 
26.56 
26.59 
27.46 
8.14 
26.16 
20.63 
9.71 
23.53 
8.22 
23.06 
23.24 
8.25 
25.46 
28.17 
18.74 
27.52 
20.28 
19.61 
10.84 
9.66 
14.90 
24.52 
20.81 
22.33 
8.33 
8.33 
12.72 
8.33 
8.33 
8.32 
8.32 
8.32 
12.86 
8.31 
8.30 
25.31 
28.66 
28.65 
29.48 
19.87 
10.60 
14.29 
8.22 
8.21 
8.20 
11.54 
11.36 
14.36 
16.35 
27.22 
28.19 
28.83 
21.27 
23.25 
19.71 
8.00 
7.98 
23.78 
23.58 
14.23 
10.54 
15.99 
13.80 
7.81 
28.13 
20.97 
7.72 
7.69 
17.54 
16.35 
11.05 
19.70 
24.07 
15.84 
8.78 
26.98 
25.77 
7.37 
17.21 
24.92 
9.20 
24.93 
21.96 
7.15 
7.11 
23.34 
14.04 
22.07 
24.84 
24.60 
21.99 
22.53 
6.79 
6.75 
19.46 
21.24 
21.62 
6.57 
8.99 
6.48 
8.88 
22.81 
22.10 
19.73 
6.25 
16.24 
19.88 
16.66 
7.69 
21.33 
20.63 
20.66 
18.51 
21.73 
22.04 
21.92 
21.79 
20.24 
16.87 
15.36 
12.60 
16.41 
6.35 
16.47 
5.55 
17.87 
19.92 
19.78 
19.38 
17.12 
14.75 
17.27 
17.93 
18.18 
15.35 
15.36 
12.44 
14.24 
15.63 
15.89 
17.37 
16.13 
4.39 
5.32 
16.47 
15.02 
15.62 
12.89 
4.11 
12.91 
14.77 
14.53 
14.64 
3.89 
11.70 
13.61 
5.86 
13.27 
13.05 
13.16 
6.82 
3.55 
3.51 
3.48 
12.31 
10.65 
12.01 
10.89 
3.29 
9.40 
11.23 
11.63 
11.35 
11.26 
8.35 
11.29 
5.24 
11.41 
10.85 
9.55 
7.52 
10.91 
10.01 
3.59 
10.62 
10.28 
10.49 
10.34 
9.93 
2.72 
4.22 
10.05 
9.03 
9.78 
5.45 
8.39 
9.32 
9.38 
2.60 
8.98 
2.58 
2.57 
2.56 
7.19 
2.55 
9.48 
9.38 
2.54 
2.54 
6.98 
9.21 
9.38 
9.39 
9.49 
9.50 
6.86 
2.57 
9.47 
9.50 
9.44 
9.44 
9.73 
9.41 
9.53 
9.66 
9.70 
9.65 
9.87 
10.01 
9.62 
2.74 
9.63 
4.69 
9.19 
7.69 
10.79 
10.76 
10.37 
9.22 
2.95 
5.36 
10.57 
10.45 
11.40 
10.90 
11.38 
10.58 
9.77 
11.15 
3.26 
3.30 
11.94 
11.94 
3.41 
12.03 
7.91 
12.87 
12.88 
9.43 
11.90 
12.77 
10.01 
13.44 
13.33 
5.88 
14.35 
9.21 
9.64 
14.02 
15.43 
15.44 
15.80 
15.93 
15.70 
9.89 
4.36 
15.84 
16.84 
12.36 
17.61 
4.60 
17.50 
17.76 
12.87 
8.82 
9.94 
15.94 
13.15 
18.44 
17.63 
5.10 
19.51 
18.83 
16.35 
17.85 
15.06 
17.39 
5.46 
20.86 
14.20 
21.26 
7.95 
21.66 
21.94 
17.71 
19.27 
18.21 
10.08 
9.55 
6.05 
9.09 
22.92 
20.48 
6.25 
9.63 
21.86 
18.76 
21.45 
20.94 
19.80 
24.54 
24.33 
19.44 
22.19 
24.01 
23.79 
9.67 
24.13 
8.35 
25.10 
22.16 
12.96 
7.08 
19.98 
25.04 
16.08 
22.77 
10.35 
26.16 
27.70 
27.28 
21.47 
25.13 
24.05 
24.93 
21.53 
22.25 
23.62 
7.64 
27.53 
28.58 
23.49 
25.20 
28.07 
27.29 
23.50 
11.37 
7.90 
14.43 
28.67 
11.48 
27.07 
23.59 
8.70 
27.01 
8.07 
9.43 
12.81 
30.15 
30.01 
28.69 
21.81 
15.26 
25.89 
8.22 
8.23 
8.24 
8.25 
8.26 
8.27 
11.15 
11.83 
22.47 
26.02 
23.66 
19.11 
8.32 
19.29 
24.02 
28.07 
16.26 
25.71 
8.33 
28.91 
8.33 
11.19 
19.45 
22.48 
8.31 
8.31 
8.30 
8.29 
23.95 
28.99 
16.01 
31.14 
26.41 
16.81 
15.79 
8.21 
8.20 
11.54 
27.97 
16.87 
19.03 
8.12 
29.19 
29.33 
8.06 
15.06 
29.73 
22.85 
13.98 
20.62 
29.57 
29.19 
24.83 
7.86 
28.72 
11.95 
26.31 
22.46 
13.33 
24.01 
23.30 
24.40 
25.00 
21.99 
7.54 
21.72 
25.74 
23.56 
7.89 
9.32 
21.26 
18.77 
11.30 
10.45 
25.02 
26.22 
24.70 
7.07 
20.40 
8.90 
23.42 
23.65 
24.19 
24.73 
6.79 
6.75 
13.39 
25.28 
21.77 
21.37 
24.35 
24.39 
9.64 
7.76 
13.92 
19.43 
18.73 
11.00 
20.03 
23.04 
14.20 
9.26 
18.43 
21.39 
20.40 
5.82 
5.77 
10.31 
17.22 
18.54 
5.58 
5.53 
19.87 
20.86 
20.31 
19.63 
5.28 
5.23 
5.18 
9.30 
19.51 
18.18 
15.02 
4.93 
12.32 
15.07 
15.86 
7.93 
13.84 
17.78 
14.50 
4.54 
5.73 
16.75 
16.74 
15.39 
10.81 
13.11 
15.26 
13.13 
10.91 
12.33 
10.84 
14.53 
14.41 
13.50 
3.84 
11.94 
14.05 
10.86 
11.42 
10.67 
12.30 
13.58 
3.51 
11.26 
13.04 
9.62 
3.36 
12.52 
12.42 
12.22 
5.52 
12.03 
10.85 
9.69 
11.47 
11.48 
11.40 
11.22 
11.04 
10.78 
9.67 
2.90 
10.56 
10.68 
10.71 
10.55 
10.67 
10.61 
10.38 
9.43 
9.20 
8.36 
10.09 
9.87 
8.78 
2.63 
9.58 
7.21 
8.05 
9.41 
9.47 
9.45 
9.43 
8.04 
9.14 
8.96 
9.21 
9.29 
9.29 
8.61 
9.04 
7.67 
6.65 
9.40 
9.42 
9.43 
9.19 
9.04 
9.15 
8.92 
8.77 
9.33 
4.73 
8.96 
2.66 
7.27 
9.52 
9.48 
9.53 
9.58 
9.72 
9.41 
10.38 
10.17 
2.85 
6.31 
10.18 
2.92 
9.94 
10.49 
10.85 
3.04 
3.07 
11.49 
9.02 
8.60 
11.36 
6.74 
12.35 
10.11 
3.33 
10.80 
12.76 
12.87 
12.45 
3.52 
3.56 
4.68 
13.64 
12.99 
13.54 
13.66 
3.81 
3.85 
3.90 
13.44 
12.40 
4.03 
14.72 
12.73 
4.17 
4.22 
4.27 
4.31 
4.36 
4.41 
16.59 
4.51 
15.10 
12.94 
8.47 
17.64 
16.22 
17.26 
17.65 
17.65 
18.57 
15.78 
5.05 
18.84 
17.21 
19.37 
17.86 
15.92 
17.13 
16.55 
8.26 
20.30 
20.28 
20.69 
19.96 
16.92 
17.60 
18.15 
10.23 
12.79 
19.20 
22.12 
10.21 
19.52 
18.13 
23.04 
22.85 
23.27 
23.68 
23.03 
19.62 
20.32 
14.09 
12.92 
20.91 
22.88 
19.22 
20.87 
9.31 
6.83 
13.52 
9.30 
19.21 
24.87 
24.96 
19.27 
19.66 
14.73 
20.92 
24.87 
24.95 
25.18 
25.09 
20.10 
17.55 
15.14 
22.08 
26.57 
19.56 
23.07 
23.45 
7.64 
9.50 
7.70 
24.48 
15.23 
15.10 
26.62 
29.00 
23.88 
24.58 
20.45 
28.67 
24.70 
23.06 
17.56 
8.03 
16.78 
25.70 
17.83 
24.24 
27.63 
27.32 
10.52 
8.18 
15.77 
26.73 
13.95 
25.92 
8.24 
10.78 
22.93 
17.04 
11.49 
21.78 
16.90 
16.74 
24.17 
8.31 
8.32 
20.13 
24.86 
18.79 
15.08 
14.40 
10.86 
27.39 
24.52 
10.69 
16.75 
31.08 
26.69 
27.69 
21.27 
10.15 
8.29 
12.65 
23.92 
8.26 
9.42 
8.24 
21.67 
16.44 
26.67 
26.65 
24.11 
24.75 
23.39 
16.49 
8.10 
10.76 
8.06 
21.74 
21.38 
13.17 
7.98 
18.45 
7.93 
24.37 
24.99 
22.63 
22.42 
21.05 
13.40 
18.16 
13.33 
15.28 
20.17 
7.64 
20.41 
25.76 
25.87 
24.17 
20.20 
20.63 
25.93 
22.95 
7.34 
20.39 
26.62 
25.25 
10.08 
23.82 
23.58 
19.99 
21.04 
17.47 
13.44 
13.54 
22.14 
24.10 
24.32 
6.75 
7.48 
6.66 
6.62 
6.57 
6.53 
22.56 
23.07 
20.68 
17.25 
6.30 
23.69 
20.28 
14.36 
10.27 
6.06 
12.35 
9.78 
22.56 
11.54 
16.09 
20.31 
19.48 
16.37 
15.56 
5.58 
5.53 
16.24 
14.60 
5.38 
20.18 
17.86 
11.75 
10.05 
5.13 
7.08 
10.74 
4.98 
5.59 
16.36 
17.41 
4.78 
4.73 
4.68 
4.63 
8.35 
17.13 
16.63 
15.39 
15.15 
15.15 
14.42 
4.25 
8.96 
8.76 
11.61 
8.84 
6.56 
7.65 
14.87 
14.74 
11.59 
10.04 
3.76 
3.72 
6.51 
13.81 
13.26 
13.15 
12.20 
12.94 
12.83 
12.73 
11.80 
10.38 
3.29 
11.92 
11.83 
11.63 
6.81 
6.56 
11.56 
11.29 
3.03 
6.16 
10.00 
10.31 
2.92 
10.17 
8.71 
2.85 
2.83 
9.64 
3.42 
5.74 
9.75 
9.70 
9.47 
8.89 
8.59 
6.18 
5.01 
9.18 
2.62 
7.81 
9.78 
9.41 
9.21 
8.85 
9.00 
5.56 
8.63 
8.54 
8.61 
8.78 
9.12 
9.20 
6.90 
9.21 
9.22 
8.37 
6.16 
4.71 
9.28 
5.25 
9.41 
