20050101
7.15 
10.67 
11.21 
9.32 
3.19 
8.58 
9.52 
11.30 
4.99 
9.54 
10.20 
11.80 
9.47 
11.92 
12.19 
11.93 
11.68 
12.17 
12.56 
8.87 
3.52 
3.55 
6.42 
9.97 
9.93 
3.67 
10.84 
9.34 
12.57 
12.09 
14.12 
13.64 
12.58 
3.93 
7.37 
4.01 
4.04 
4.08 
4.12 
4.16 
6.75 
7.54 
12.40 
10.27 
4.36 
4.40 
6.84 
4.49 
14.75 
16.14 
17.16 
16.50 
14.91 
15.15 
13.01 
14.70 
15.20 
11.13 
16.77 
14.57 
12.33 
17.25 
19.17 
19.71 
19.55 
19.68 
16.54 
18.50 
6.43 
17.72 
21.01 
21.42 
17.89 
18.29 
5.71 
21.62 
19.35 
12.73 
13.10 
5.94 
10.38 
16.23 
23.20 
21.77 
21.57 
19.67 
20.38 
13.93 
22.14 
19.73 
7.84 
20.23 
22.38 
23.75 
18.09 
22.66 
22.10 
6.71 
17.10 
18.31 
11.38 
24.16 
25.71 
21.70 
17.99 
21.35 
25.88 
20.83 
20.56 
25.45 
26.52 
25.76 
19.14 
26.40 
27.98 
26.37 
27.44 
22.44 
24.02 
18.49 
26.50 
17.39 
26.10 
7.61 
20.24 
29.15 
26.13 
28.74 
26.73 
24.55 
28.53 
23.25 
10.76 
27.10 
8.92 
7.91 
7.93 
28.79 
20.72 
24.71 
26.64 
26.67 
28.76 
19.63 
21.38 
20.37 
19.35 
13.14 
9.00 
23.03 
21.15 
30.86 
29.83 
29.16 
21.55 
8.22 
23.65 
23.31 
19.16 
8.25 
24.38 
26.64 
26.64 
27.86 
30.47 
30.99 
26.48 
26.49 
21.46 
25.10 
26.14 
22.50 
25.97 
28.39 
23.01 
8.29 
13.65 
22.14 
9.49 
22.81 
13.63 
8.26 
8.26 
28.14 
26.92 
25.35 
23.09 
26.19 
20.99 
20.12 
23.90 
28.03 
19.55 
24.19 
28.14 
25.19 
20.86 
12.57 
8.08 
20.11 
23.18 
16.11 
9.21 
12.45 
24.10 
21.50 
25.41 
7.91 
25.86 
18.64 
21.68 
19.09 
24.00 
20.89 
22.05 
23.88 
22.48 
22.44 
10.87 
24.04 
19.09 
21.24 
22.37 
21.48 
18.91 
17.18 
25.85 
7.72 
8.52 
20.49 
27.10 
12.24 
22.15 
19.27 
7.15 
23.60 
21.06 
18.20 
20.92 
11.71 
8.73 
22.50 
23.07 
22.50 
6.78 
19.61 
21.61 
24.73 
23.04 
16.91 
20.64 
22.76 
17.32 
21.47 
20.91 
18.64 
6.29 
6.25 
13.75 
21.20 
13.30 
6.07 
6.03 
5.99 
17.22 
17.42 
17.03 
7.88 
7.83 
8.66 
5.67 
6.21 
6.31 
5.54 
5.49 
6.16 
14.50 
15.68 
5.31 
20.52 
18.31 
18.33 
15.46 
9.33 
5.04 
6.75 
15.99 
17.23 
18.04 
16.87 
4.77 
4.73 
4.68 
14.99 
7.94 
12.48 
15.44 
16.34 
11.21 
13.62 
16.25 
15.77 
16.51 
15.91 
8.90 
15.57 
12.71 
13.46 
7.10 
15.15 
13.99 
12.39 
14.49 
12.79 
13.50 
5.15 
3.75 
9.66 
8.03 
8.86 
9.68 
6.99 
3.57 
6.36 
10.41 
12.50 
12.75 
12.46 
12.61 
12.12 
10.70 
11.90 
12.36 
11.58 
9.47 
9.84 
5.60 
12.10 
11.95 
11.20 
11.87 
10.53 
10.29 
3.15 
8.04 
8.92 
10.99 
11.57 
11.25 
10.54 
11.22 
10.42 
10.81 
9.42 
11.59 
11.40 
11.20 
10.51 
10.92 
10.73 
4.10 
3.11 
7.79 
3.13 
3.14 
9.65 
4.16 
3.17 
3.18 
3.19 
12.43 
10.03 
11.19 
11.24 
10.98 
6.38 
3.31 
8.74 
6.90 
7.57 
3.39 
3.42 
3.44 
3.47 
5.86 
8.06 
6.59 
8.93 
8.88 
6.73 
10.11 
11.18 
3.73 
3.76 
3.79 
9.66 
11.68 
12.11 
8.36 
12.29 
4.01 
15.19 
15.78 
14.57 
14.79 
14.78 
15.98 
14.25 
12.99 
10.72 
11.05 
16.56 
15.15 
16.16 
17.04 
16.77 
4.66 
16.22 
10.54 
15.39 
13.23 
4.88 
4.93 
13.92 
18.93 
18.23 
18.22 
19.17 
16.78 
18.15 
17.00 
8.17 
11.23 
17.32 
5.48 
18.69 
21.71 
19.50 
19.47 
22.24 
11.39 
20.84 
20.66 
18.97 
7.14 
21.45 
20.64 
22.89 
21.62 
20.19 
22.61 
24.27 
24.07 
22.30 
23.34 
23.29 
24.34 
16.03 
6.55 
17.93 
23.46 
24.52 
22.35 
14.03 
24.47 
17.08 
17.31 
19.99 
23.67 
24.73 
23.66 
23.40 
21.00 
27.03 
24.78 
20.69 
26.26 
27.67 
26.74 
12.37 
24.18 
22.56 
27.84 
26.89 
27.29 
22.43 
16.04 
22.36 
9.99 
16.32 
28.13 
27.32 
27.37 
7.74 
27.11 
7.79 
17.59 
28.44 
29.51 
29.72 
29.24 
27.21 
22.93 
29.17 
13.68 
10.08 
28.39 
29.46 
13.93 
14.99 
17.77 
31.28 
30.44 
24.92 
29.78 
30.32 
27.57 
23.60 
13.39 
20.68 
23.81 
25.73 
29.55 
31.29 
25.41 
31.48 
30.28 
24.04 
12.26 
26.13 
31.51 
30.64 
29.43 
29.61 
27.35 
14.70 
8.29 
8.29 
23.19 
28.04 
21.80 
27.68 
21.62 
17.11 
24.37 
20.56 
27.99 
14.66 
10.15 
24.15 
25.18 
28.28 
23.08 
24.45 
9.58 
20.45 
21.47 
20.24 
12.29 
19.00 
16.05 
14.14 
18.94 
14.45 
17.52 
8.04 
11.81 
8.01 
15.37 
20.67 
14.81 
16.33 
22.81 
24.32 
20.18 
20.49 
18.58 
29.29 
16.81 
18.98 
21.50 
19.93 
25.83 
23.07 
21.33 
23.65 
23.77 
22.54 
25.19 
23.28 
9.63 
10.10 
26.29 
24.39 
20.83 
26.26 
7.25 
7.22 
7.18 
19.54 
20.47 
7.08 
21.16 
18.14 
6.97 
6.93 
6.90 
7.51 
16.84 
19.52 
18.96 
6.70 
25.05 
20.97 
11.35 
23.81 
24.97 
25.03 
23.51 
22.00 
20.04 
6.29 
18.31 
22.07 
15.52 
15.44 
17.34 
6.48 
5.99 
15.41 
15.03 
5.85 
7.74 
5.76 
5.72 
12.55 
12.18 
8.48 
17.95 
18.13 
18.73 
15.64 
17.66 
16.14 
11.84 
13.29 
16.39 
18.63 
18.51 
7.08 
14.61 
12.09 
16.42 
4.86 
8.92 
4.77 
13.10 
4.68 
4.64 
18.35 
14.01 
4.51 
12.93 
9.82 
11.12 
15.63 
14.78 
11.00 
15.42 
16.04 
14.85 
15.46 
15.12 
15.72 
15.26 
15.04 
12.74 
11.15 
14.17 
14.53 
13.30 
12.87 
14.25 
11.82 
12.63 
11.23 
4.04 
11.09 
6.79 
8.47 
5.21 
3.46 
3.44 
3.41 
4.34 
3.79 
9.19 
12.15 
11.89 
12.25 
11.99 
12.04 
9.86 
10.02 
3.20 
3.19 
3.18 
10.80 
11.17 
11.34 
5.13 
10.49 
11.47 
11.55 
11.83 
11.52 
10.62 
10.91 
11.40 
11.30 
10.41 
3.09 
3.10 
3.10 
3.10 
3.11 
3.11 
3.12 
3.13 
3.14 
6.55 
5.86 
8.79 
3.18 
11.07 
12.43 
12.27 
11.30 
11.03 
10.36 
9.27 
10.35 
12.17 
8.36 
3.37 
11.62 
12.53 
12.59 
7.75 
10.48 
12.49 
6.48 
10.57 
3.61 
11.47 
10.55 
12.41 
14.17 
13.70 
14.48 
13.66 
14.56 
15.47 
14.88 
15.10 
14.61 
11.16 
4.08 
10.72 
16.12 
15.63 
14.76 
11.66 
13.24 
16.45 
10.05 
14.67 
8.93 
9.64 
10.10 
15.48 
12.34 
17.80 
12.12 
14.73 
17.63 
15.61 
15.85 
4.97 
5.02 
5.06 
5.11 
10.84 
19.99 
20.53 
19.82 
13.28 
16.07 
20.62 
20.74 
11.46 
9.64 
5.62 
5.66 
5.71 
5.75 
9.97 
13.92 
18.37 
19.98 
18.57 
12.12 
19.98 
23.46 
21.42 
18.43 
24.42 
22.98 
11.19 
19.89 
18.56 
25.29 
25.23 
24.22 
19.85 
22.34 
25.64 
25.25 
24.70 
23.17 
13.99 
21.71 
22.11 
19.90 
15.36 
25.47 
26.05 
25.96 
23.05 
24.29 
25.19 
23.42 
9.27 
25.06 
26.64 
16.95 
26.26 
26.15 
26.55 
20.69 
27.35 
25.54 
23.55 
28.36 
25.35 
25.40 
28.52 
23.78 
25.02 
21.29 
19.79 
29.94 
27.41 
26.07 
26.11 
29.58 
28.07 
30.69 
29.86 
25.58 
15.42 
8.02 
22.89 
28.96 
26.57 
25.38 
30.24 
27.84 
26.82 
8.15 
8.16 
23.93 
28.45 
20.67 
20.85 
23.98 
23.82 
26.95 
24.36 
24.37 
27.50 
24.73 
25.78 
9.14 
21.97 
25.27 
20.77 
25.10 
8.29 
8.29 
8.29 
8.29 
8.29 
28.04 
29.94 
23.18 
27.16 
21.44 
21.61 
8.27 
24.02 
31.28 
18.98 
21.40 
14.30 
22.59 
19.46 
17.89 
23.41 
24.78 
30.29 
26.30 
23.35 
8.15 
14.69 
13.81 
20.00 
22.22 
11.86 
8.75 
8.04 
19.89 
15.74 
15.37 
7.97 
20.13 
11.53 
12.19 
21.58 
7.87 
7.84 
15.67 
20.42 
12.37 
25.45 
21.33 
22.65 
16.33 
21.88 
17.44 
10.97 
16.17 
27.77 
27.04 
23.11 
25.41 
22.84 
22.61 
25.23 
24.16 
22.94 
20.05 
22.81 
22.74 
24.83 
19.48 
11.52 
16.40 
7.01 
6.97 
6.93 
6.90 
10.26 
21.69 
18.39 
6.74 
15.04 
18.49 
19.85 
12.78 
18.26 
20.55 
21.88 
18.49 
7.63 
6.33 
18.08 
18.15 
17.91 
6.16 
23.85 
23.73 
22.86 
22.29 
22.03 
22.22 
20.31 
11.30 
8.13 
5.72 
5.67 
5.63 
5.58 
5.54 
9.51 
5.44 
5.40 
5.35 
5.31 
5.26 
5.22 
5.17 
5.13 
5.08 
5.04 
12.31 
17.61 
18.43 
18.31 
17.26 
15.43 
17.95 
16.13 
15.38 
15.01 
10.43 
12.90 
13.69 
13.34 
4.39 
16.87 
15.89 
14.19 
14.94 
16.04 
15.81 
15.70 
12.15 
13.60 
12.68 
10.14 
14.36 
12.88 
12.68 
6.78 
5.94 
3.75 
8.31 
3.69 
4.99 
10.34 
13.02 
12.94 
13.51 
12.78 
12.50 
12.64 
12.15 
10.60 
12.86 
13.11 
12.00 
10.39 
6.51 
3.29 
11.27 
11.74 
10.77 
9.41 
10.80 
10.05 
3.18 
3.17 
4.46 
4.94 
9.12 
11.59 
11.47 
11.35 
5.88 
11.52 
10.92 
10.51 
9.72 
11.49 
6.85 
10.81 
3.10 
7.95 
3.10 
3.11 
11.85 
11.87 
11.79 
11.82 
12.15 
11.58 
11.91 
11.44 
11.48 
11.21 
9.12 
11.70 
9.81 
3.27 
3.29 
4.55 
4.16 
3.35 
3.37 
3.39 
3.42 
3.44 
3.47 
3.49 
3.52 
3.55 
9.47 
6.79 
8.05 
11.66 
10.17 
10.24 
12.91 
11.86 
13.32 
13.18 
13.04 
13.83 
11.58 
14.73 
14.84 
12.43 
15.65 
14.31 
14.29 
13.78 
15.48 
15.84 
16.20 
15.44 
14.41 
8.17 
4.53 
15.24 
16.77 
17.41 
17.01 
15.68 
4.79 
10.70 
18.42 
18.68 
18.54 
19.48 
17.55 
19.46 
19.72 
19.71 
17.73 
17.00 
18.52 
11.94 
16.89 
18.58 
19.71 
5.57 
16.14 
19.61 
20.76 
19.39 
20.99 
16.77 
16.71 
5.94 
16.75 
22.47 
23.81 
23.16 
23.42 
24.00 
22.56 
6.29 
11.03 
20.99 
21.08 
21.17 
25.39 
22.79 
18.25 
15.44 
23.71 
24.45 
6.75 
25.12 
10.73 
6.87 
14.43 
20.55 
24.73 
23.82 
23.07 
22.65 
7.13 
7.16 
7.53 
20.75 
23.82 
27.24 
27.47 
27.04 
27.27 
27.67 
27.06 
24.24 
25.82 
26.38 
20.15 
13.05 
29.10 
27.61 
27.66 
7.72 
10.65 
22.49 
26.99 
25.65 
29.64 
28.99 
28.69 
25.45 
16.53 
8.64 
28.31 
27.99 
27.16 
29.08 
20.99 
22.05 
24.32 
26.07 
8.11 
24.04 
28.21 
11.26 
31.19 
5681.86 
20.65 
26.21 
12.19 
31.09 
23.99 
8.23 
30.08 
29.22 
20.22 
21.61 
25.08 
22.14 
8.28 
8.28 
8.98 
8.29 
16.96 
25.28 
13.49 
23.19 
13.66 
15.57 
30.64 
16.60 
26.47 
25.60 
21.44 
22.99 
16.58 
8.26 
23.48 
30.05 
23.63 
14.46 
16.70 
28.44 
27.04 
28.06 
21.83 
22.85 
19.38 
26.95 
28.14 
8.12 
9.49 
19.63 
8.08 
8.40 
18.88 
27.11 
16.77 
24.65 
23.76 
25.27 
25.07 
22.81 
23.12 
23.77 
25.27 
20.28 
20.25 
17.83 
25.28 
17.25 
22.31 
20.57 
13.41 
24.21 
19.60 
17.02 
22.20 
24.18 
17.56 
7.44 
16.47 
13.74 
12.20 
24.66 
22.44 
21.71 
10.37 
14.30 
27.14 
27.39 
18.92 
19.84 
16.50 
16.77 
21.92 
17.79 
7.99 
26.55 
26.61 
21.54 
21.45 
23.61 
24.95 
17.55 
9.87 
6.50 
6.46 
13.94 
20.60 
23.46 
23.82 
22.48 
18.68 
17.36 
16.82 
9.42 
9.36 
18.82 
5.94 
10.24 
5.85 
5.81 
5.76 
8.22 
5.67 
6.06 
15.44 
16.79 
18.41 
18.59 
18.48 
5.35 
9.53 
19.26 
7.03 
17.08 
13.39 
18.92 
10.35 
14.88 
15.46 
17.36 
13.78 
15.54 
16.49 
15.20 
15.61 
4.64 
11.03 
9.67 
17.22 
17.48 
16.85 
16.99 
15.63 
4.30 
14.92 
10.80 
16.16 
15.69 
15.82 
14.41 
13.72 
12.33 
12.48 
5.78 
9.65 
11.76 
11.57 
6.84 
6.23 
11.56 
3.69 
13.18 
12.55 
12.80 
13.26 
13.84 
13.86 
13.03 
12.00 
3.44 
12.19 
12.96 
11.75 
13.15 
12.98 
12.82 
12.04 
11.89 
11.53 
5.48 
12.05 
12.52 
11.87 
11.63 
9.69 
11.07 
10.54 
11.91 
4.62 
10.57 
11.85 
11.63 
11.62 
11.21 
10.81 
10.31 
3.88 
11.40 
11.50 
11.21 
11.21 
11.23 
7.47 
10.46 
5.11 
10.60 
11.92 
11.85 
11.65 
9.87 
7.99 
8.01 
3.19 
9.08 
9.02 
11.50 
12.26 
12.31 
12.37 
12.53 
12.69 
12.23 
11.77 
11.51 
12.10 
13.13 
6.57 
3.49 
13.03 
12.13 
13.62 
13.93 
13.90 
13.55 
13.75 
13.28 
13.82 
13.23 
11.49 
3.86 
3.90 
3.93 
6.78 
9.55 
4.04 
7.54 
4.12 
10.92 
10.40 
15.37 
4.28 
13.73 
14.21 
15.31 
6.21 
4.49 
4.53 
10.87 
17.16 
17.15 
16.49 
6.20 
4.79 
4.84 
4.88 
15.71 
13.11 
9.66 
5.06 
15.59 
5.15 
18.87 
18.85 
14.32 
20.08 
18.64 
5.43 
5.48 
13.63 
18.08 
20.82 
19.61 
18.84 
21.32 
19.80 
21.86 
9.05 
5.94 
20.99 
21.56 
14.94 
22.08 
21.57 
6.20 
21.63 
17.05 
20.42 
16.75 
22.34 
6.46 
21.43 
21.36 
22.57 
24.58 
24.19 
24.13 
25.35 
6.79 
23.74 
16.98 
22.77 
6.95 
17.34 
24.65 
25.88 
8.09 
7.13 
26.11 
26.02 
11.24 
12.95 
21.88 
27.64 
26.20 
26.77 
23.62 
23.85 
23.57 
21.42 
27.74 
27.46 
27.51 
26.20 
28.47 
28.00 
20.53 
7.74 
7.77 
7.79 
24.28 
12.30 
7.86 
7.88 
23.05 
25.49 
28.45 
26.58 
28.34 
19.91 
22.87 
30.49 
22.74 
29.85 
29.36 
9.14 
8.12 
20.59 
30.65 
31.01 
26.18 
27.93 
25.34 
29.86 
25.89 
16.20 
23.14 
18.99 
28.70 
31.66 
24.04 
20.92 
27.17 
25.79 
22.15 
19.21 
23.02 
8.29 
12.45 
31.34 
23.89 
31.68 
30.81 
31.50 
28.38 
23.53 
16.59 
20.40 
30.09 
31.29 
30.76 
28.67 
27.62 
28.82 
16.36 
15.14 
8.56 
8.21 
27.54 
12.33 
23.88 
26.80 
10.39 
29.69 
19.50 
16.03 
8.09 
25.12 
19.42 
8.04 
8.03 
29.49 
28.42 
19.30 
18.76 
22.84 
7.91 
23.46 
20.52 
24.42 
24.21 
23.32 
21.92 
19.84 
7.72 
10.76 
20.91 
19.85 
19.30 
18.41 
15.67 
26.93 
28.55 
29.33 
25.74 
22.67 
11.90 
16.87 
23.83 
17.27 
7.25 
7.22 
7.18 
23.34 
20.80 
18.26 
19.02 
22.73 
17.91 
9.38 
22.34 
19.02 
20.24 
15.33 
19.61 
6.70 
9.22 
6.62 
6.58 
6.54 
25.13 
6.46 
15.36 
12.31 
6.33 
21.19 
19.39 
19.60 
21.50 
15.90 
6.07 
18.01 
23.50 
22.63 
20.57 
7.64 
19.46 
15.96 
16.89 
13.72 
14.22 
15.01 
19.10 
20.28 
16.73 
16.77 
19.92 
19.38 
5.26 
7.03 
7.11 
5.13 
5.08 
7.35 
17.32 
18.96 
17.63 
18.18 
18.06 
15.57 
17.68 
16.78 
17.19 
17.45 
16.70 
15.56 
14.57 
13.09 
11.87 
14.39 
13.92 
5.37 
9.70 
16.16 
15.69 
14.87 
15.12 
14.78 
13.97 
14.23 
13.32 
3.89 
3.85 
3.82 
11.71 
8.03 
10.22 
5.47 
3.66 
13.54 
11.37 
11.52 
11.89 
12.78 
12.28 
11.47 
10.98 
6.80 
10.33 
7.03 
3.35 
7.89 
8.89 
10.29 
11.99 
12.04 
9.35 
11.75 
11.10 
3.19 
10.02 
3.17 
3.15 
4.54 
4.43 
3.13 
3.12 
3.11 
5.09 
11.62 
11.31 
11.40 
11.50 
11.30 
11.40 
9.03 
9.03 
9.93 
3.60 
12.13 
11.26 
11.07 
11.89 
11.42 
11.15 
10.97 
3.17 
12.15 
7.13 
9.39 
3.22 
3.24 
9.09 
3.27 
9.58 
12.22 
12.48 
12.54 
11.24 
11.09 
11.26 
11.21 
3.47 
3.49 
6.87 
13.22 
13.19 
5.36 
13.68 
11.11 
13.08 
14.62 
13.93 
14.25 
12.97 
13.52 
12.69 
7.77 
13.11 
4.01 
4.04 
4.08 
7.72 
4.16 
4.20 
5.83 
11.54 
8.78 
6.11 
4.40 
11.89 
17.57 
17.31 
17.04 
17.16 
15.59 
18.06 
16.60 
9.43 
15.50 
7.03 
15.85 
4.97 
5.02 
16.72 
9.11 
9.87 
5.20 
6.79 
7.55 
5.34 
20.63 
20.62 
15.56 
16.96 
10.66 
5.62 
11.54 
20.02 
14.06 
5.80 
15.12 
19.27 
10.77 
5.98 
14.25 
6.07 
22.08 
22.04 
15.80 
21.16 
6.29 
6.33 
6.38 
21.87 
24.34 
20.95 
22.31 
15.85 
22.82 
21.30 
24.13 
13.71 
6.79 
6.83 
11.92 
23.26 
8.91 
22.92 
21.52 
7.06 
22.65 
15.42 
7.16 
7.20 
21.59 
26.16 
25.39 
8.85 
19.64 
20.70 
26.49 
26.89 
26.10 
28.53 
24.86 
19.64 
7.61 
18.20 
28.81 
24.93 
14.89 
26.39 
28.83 
28.70 
22.05 
7.84 
10.61 
25.25 
7.91 
11.20 
28.62 
29.17 
26.96 
8.01 
24.42 
27.73 
28.62 
18.27 
8.09 
8.11 
25.42 
24.75 
29.44 
24.26 
14.23 
22.39 
8.20 
19.29 
19.31 
21.05 
16.38 
9.80 
8.25 
21.08 
22.30 
21.96 
23.35 
25.27 
26.66 
15.39 
28.39 
27.53 
23.89 
23.02 
27.87 
16.61 
18.17 
20.24 
21.62 
21.10 
24.21 
25.94 
28.35 
8.27 
10.51 
19.85 
9.11 
16.37 
14.29 
25.86 
8.73 
15.64 
9.92 
26.84 
21.47 
22.49 
18.15 
19.86 
8.12 
24.65 
10.50 
19.96 
8.06 
29.03 
18.17 
18.32 
15.03 
7.97 
26.13 
19.76 
17.84 
26.54 
25.65 
24.59 
24.89 
14.96 
18.68 
22.39 
19.46 
13.13 
24.98 
17.48 
19.47 
12.49 
7.56 
7.53 
22.66 
7.47 
7.44 
27.19 
27.13 
25.23 
16.83 
10.45 
7.25 
7.22 
22.91 
7.15 
17.99 
25.83 
9.18 
18.31 
20.20 
21.11 
17.62 
11.24 
17.33 
10.33 
19.61 
11.51 
6.66 
6.62 
6.58 
6.54 
6.50 
18.42 
19.59 
18.57 
18.48 
16.38 
9.65 
6.20 
15.37 
15.59 
6.07 
10.12 
5.99 
21.13 
18.62 
5.85 
15.16 
16.99 
19.84 
12.11 
13.49 
16.17 
8.13 
21.00 
21.59 
20.75 
20.06 
20.22 
16.04 
11.62 
8.50 
5.13 
20.01 
5.04 
12.58 
16.94 
17.76 
15.91 
13.95 
4.77 
11.66 
4.68 
9.94 
16.43 
11.46 
4.51 
9.77 
4.43 
12.00 
15.50 
15.52 
14.68 
14.82 
6.00 
5.35 
11.88 
15.24 
15.37 
13.03 
15.04 
15.17 
10.00 
12.68 
13.05 
14.09 
14.23 
8.98 
13.04 
13.40 
12.99 
9.07 
12.72 
12.86 
11.81 
11.21 
10.93 
12.89 
12.50 
12.44 
12.48 
12.63 
12.36 
12.41 
12.35 
11.48 
11.64 
11.39 
11.14 
9.99 
11.67 
11.03 
11.60 
10.77 
11.74 
10.91 
8.70 
8.49 
11.15 
11.63 
11.22 
10.62 
10.31 
9.42 
11.40 
9.72 
10.31 
3.10 
6.76 
11.42 
10.94 
11.55 
10.88 
11.39 
11.72 
10.45 
3.16 
3.17 
6.50 
4.40 
11.62 
10.44 
4.46 
11.24 
11.39 
12.37 
12.01 
10.61 
10.45 
12.71 
11.72 
10.62 
8.13 
6.57 
3.49 
11.08 
12.35 
13.73 
13.38 
10.70 
3.67 
3.70 
10.36 
14.16 
14.25 
14.69 
13.98 
14.66 
12.43 
14.63 
12.26 
14.84 
10.41 
13.49 
4.16 
6.87 
13.41 
4.28 
13.86 
15.83 
8.29 
4.44 
8.68 
4.53 
7.66 
4.62 
6.61 
13.21 
16.86 
9.56 
4.84 
4.88 
4.93 
4.97 
13.07 
17.00 
17.39 
18.47 
13.85 
12.96 
19.96 
15.97 
21.35 
21.05 
19.88 
20.00 
20.26 
14.09 
21.23 
21.79 
21.91 
16.97 
7.94 
5.89 
13.48 
21.75 
20.19 
23.20 
23.92 
23.58 
24.31 
23.34 
23.29 
22.92 
21.46 
6.42 
9.15 
24.60 
23.11 
14.74 
19.61 
17.28 
24.13 
23.73 
19.12 
26.02 
24.16 
23.26 
18.58 
24.57 
25.80 
25.22 
26.95 
24.71 
20.63 
20.02 
23.92 
26.00 
27.74 
22.78 
19.47 
28.62 
26.32 
18.44 
23.06 
22.60 
22.14 
21.51 
21.90 
23.31 
20.45 
20.66 
12.50 
7.74 
9.31 
23.90 
30.46 
25.18 
28.99 
29.03 
27.86 
25.14 
24.14 
14.00 
7.99 
21.81 
20.45 
23.41 
22.74 
25.36 
25.21 
23.50 
25.59 
12.29 
14.90 
29.97 
28.95 
29.66 
25.52 
21.03 
10.30 
12.21 
26.43 
24.01 
15.01 
20.39 
27.33 
26.47 
21.10 
20.41 
12.62 
8.29 
8.29 
17.65 
25.80 
8.29 
19.73 
8.29 
8.29 
19.55 
15.56 
28.20 
8.28 
26.98 
23.85 
17.79 
17.95 
8.26 
8.25 
8.24 
8.23 
8.23 
28.96 
28.25 
23.40 
24.59 
19.91 
21.45 
14.88 
21.76 
19.67 
20.00 
16.02 
9.63 
17.35 
8.04 
11.81 
10.41 
16.06 
19.98 
26.13 
23.70 
27.26 
16.45 
7.87 
26.30 
20.11 
7.80 
7.77 
21.37 
10.45 
19.93 
20.40 
20.36 
21.33 
24.67 
22.25 
20.86 
16.93 
15.04 
21.04 
14.96 
7.38 
7.35 
7.32 
7.29 
16.23 
20.16 
19.43 
20.86 
18.49 
9.22 
7.04 
18.96 
21.18 
18.99 
17.95 
18.69 
12.48 
6.78 
6.74 
18.09 
6.66 
6.62 
7.85 
20.32 
16.60 
6.46 
6.42 
9.03 
6.33 
12.65 
13.05 
6.20 
6.16 
6.12 
22.06 
23.16 
18.22 
22.63 
20.42 
19.12 
18.87 
19.06 
5.72 
5.67 
16.26 
17.47 
9.29 
5.49 
10.16 
5.40 
19.07 
18.11 
16.74 
14.41 
8.91 
5.13 
5.08 
5.04 
19.22 
13.97 
18.30 
18.98 
18.32 
16.22 
13.10 
12.75 
15.63 
4.60 
5.45 
7.43 
11.54 
4.43 
12.37 
12.78 
14.04 
9.16 
9.82 
4.18 
4.15 
4.11 
4.07 
4.03 
4.00 
3.96 
3.92 
13.57 
7.18 
4.05 
4.81 
13.32 
11.78 
3.69 
3.66 
3.63 
11.26 
12.83 
12.21 
4.92 
12.82 
13.28 
7.47 
3.41 
3.39 
3.37 
3.35 
3.33 
4.86 
3.29 
3.27 
4.68 
3.23 
3.22 
3.20 
4.30 
11.43 
11.00 
11.47 
10.14 
11.11 
8.90 
9.98 
11.35 
11.53 
9.14 
9.73 
6.26 
5.07 
9.52 
10.41 
10.31 
11.11 
10.92 
4.69 
6.38 
9.57 
3.12 
3.13 
6.23 
8.25 
4.06 
11.11 
11.74 
10.97 
9.39 
3.22 
6.30 
8.68 
10.26 
4.42 
9.11 
6.24 
3.35 
3.37 
3.39 
7.34 
3.44 
4.64 
3.49 
3.52 
3.55 
11.22 
13.38 
12.47 
12.33 
6.94 
10.69 
3.76 
6.18 
11.37 
3.86 
13.04 
13.95 
3.97 
8.72 
13.29 
15.42 
4.12 
4.16 
14.65 
14.51 
4.28 
4.32 
6.60 
4.40 
16.31 
15.79 
17.31 
15.89 
13.15 
7.13 
9.02 
15.02 
4.79 
4.84 
4.88 
9.11 
10.13 
7.75 
5.06 
5.11 
10.15 
5.20 
6.93 
11.50 
18.52 
7.38 
6.43 
17.00 
17.54 
5.57 
18.04 
16.97 
5.71 
17.32 
16.97 
15.57 
5.89 
11.52 
5.98 
6.03 
21.21 
21.62 
22.34 
21.06 
22.71 
17.67 
17.13 
17.53 
22.18 
19.12 
7.93 
24.06 
25.28 
25.70 
25.64 
24.61 
23.89 
21.55 
16.59 
21.06 
22.60 
24.65 
18.98 
23.16 
23.07 
15.53 
20.90 
15.64 
12.53 
18.42 
23.15 
20.20 
7.33 
25.52 
26.26 
22.61 
24.86 
24.92 
21.75 
25.88 
24.23 
23.60 
26.20 
23.18 
24.59 
19.17 
17.83 
11.19 
20.64 
7.82 
16.77 
23.32 
27.66 
28.55 
29.27 
28.27 
25.20 
22.30 
22.50 
8.02 
13.91 
16.70 
15.68 
26.07 
24.36 
27.50 
21.29 
20.26 
27.20 
17.52 
17.88 
20.32 
15.31 
28.49 
21.74 
8.23 
21.07 
26.62 
29.58 
26.29 
28.90 
29.42 
25.09 
31.34 
31.51 
28.39 
26.66 
25.62 
23.89 
22.67 
21.29 
27.52 
8.29 
9.67 
11.23 
8.28 
8.28 
8.27 
8.27 
29.38 
26.60 
24.16 
28.13 
8.23 
28.62 
22.56 
8.21 
8.20 
8.19 
28.54 
24.21 
28.85 
8.14 
8.12 
8.11 
14.46 
15.14 
14.43 
13.55 
8.03 
8.01 
24.82 
18.44 
22.01 
15.64 
12.36 
25.00 
21.72 
21.51 
7.82 
7.80 
14.08 
13.54 
12.15 
24.18 
7.67 
23.58 
19.98 
18.92 
10.94 
27.26 
18.62 
7.47 
7.44 
7.41 
25.96 
24.73 
7.32 
7.29 
13.73 
14.68 
25.72 
25.98 
24.26 
24.68 
16.40 
18.96 
12.36 
20.13 
24.61 
23.07 
6.82 
6.78 
21.21 
25.14 
19.13 
6.62 
6.58 
19.37 
19.60 
18.73 
6.42 
13.56 
16.77 
22.89 
22.94 
19.14 
20.28 
16.51 
12.92 
13.91 
12.48 
5.94 
16.83 
11.96 
11.89 
5.76 
5.72 
16.94 
20.20 
20.66 
19.39 
16.98 
15.45 
18.34 
5.35 
16.71 
19.82 
6.89 
6.97 
19.87 
18.78 
16.75 
13.93 
16.67 
13.34 
4.86 
14.61 
18.20 
15.33 
14.31 
14.60 
4.60 
17.34 
7.18 
16.47 
14.59 
4.39 
14.14 
9.23 
4.26 
15.18 
15.20 
14.85 
13.43 
7.63 
13.48 
14.56 
13.29 
3.92 
10.80 
4.77 
7.01 
13.98 
13.66 
13.57 
11.15 
3.66 
8.91 
12.58 
11.41 
11.24 
3.52 
6.60 
3.46 
10.66 
11.66 
3.39 
12.06 
11.58 
11.22 
5.06 
9.98 
3.27 
5.50 
11.59 
10.53 
11.81 
10.66 
11.43 
11.00 
10.37 
3.14 
3.13 
3.13 
3.12 
3.11 
3.11 
3.10 
3.10 
9.52 
3.09 
3.09 
3.09 
10.11 
10.41 
9.73 
6.87 
3.11 
3.11 
3.12 
8.80 
11.72 
10.35 
11.75 
10.97 
10.70 
11.14 
9.76 
9.39 
7.39 
11.19 
11.14 
10.16 
11.54 
11.28 
11.75 
11.08 
10.93 
12.56 
10.83 
10.89 
3.47 
3.49 
3.52 
3.55 
3.58 
13.05 
13.35 
13.66 
13.64 
11.82 
12.35 
7.20 
3.83 
12.72 
10.49 
3.93 
5.96 
7.78 
11.99 
4.08 
4.12 
14.07 
6.99 
4.24 
15.11 
12.87 
10.84 
15.94 
4.44 
14.01 
4.53 
16.27 
15.48 
13.25 
16.49 
13.84 
10.36 
4.84 
11.58 
11.13 
7.41 
11.57 
14.80 
18.35 
18.75 
19.15 
10.02 
17.56 
18.38 
17.64 
13.88 
5.48 
5.52 
9.93 
5.62 
18.15 
8.66 
15.69 
18.91 
15.72 
18.82 
14.69 
17.35 
20.64 
11.57 
7.65 
16.18 
22.45 
19.92 
6.29 
16.04 
15.49 
22.81 
21.65 
18.73 
6.55 
9.62 
25.54 
23.39 
14.77 
23.89 
25.60 
24.07 
24.97 
23.59 
23.99 
21.28 
21.52 
21.59 
7.09 
7.13 
21.29 
20.19 
7.23 
18.64 
26.74 
26.13 
25.69 
17.67 
19.58 
13.21 
27.46 
21.25 
16.88 
26.44 
20.88 
20.41 
7.66 
7.69 
7.72 
19.54 
29.85 
28.53 
27.71 
23.98 
20.92 
27.48 
16.34 
7.93 
23.11 
28.13 
27.47 
22.33 
12.17 
12.88 
16.01 
8.07 
8.09 
28.17 
8.12 
25.27 
27.36 
9.55 
21.33 
17.71 
23.27 
25.36 
23.12 
13.42 
8.23 
8.24 
8.25 
8.26 
21.26 
27.86 
26.13 
28.91 
26.31 
24.92 
13.31 
11.58 
8.29 
9.51 
8.29 
8.29 
24.92 
14.18 
20.07 
16.25 
28.02 
26.28 
25.07 
15.37 
13.28 
28.85 
17.59 
12.39 
27.95 
24.13 
25.50 
9.24 
8.20 
8.19 
8.17 
8.16 
8.15 
11.76 
8.12 
29.47 
23.08 
8.08 
18.73 
25.59 
24.53 
8.01 
28.60 
25.30 
9.84 
18.90 
20.41 
25.52 
10.94 
29.37 
25.75 
24.68 
14.93 
26.82 
28.13 
23.67 
24.30 
7.65 
15.24 
23.99 
26.31 
13.27 
18.28 
25.13 
21.55 
20.66 
20.60 
25.39 
26.83 
26.76 
25.53 
20.82 
23.41 
15.41 
22.12 
7.08 
27.07 
7.01 
10.24 
26.32 
26.73 
21.77 
21.69 
16.62 
18.16 
6.70 
21.53 
23.36 
20.56 
6.54 
21.03 
15.90 
11.12 
11.85 
21.28 
22.58 
11.97 
19.14 
16.44 
19.26 
8.05 
6.03 
5.99 
5.94 
5.90 
18.22 
15.45 
18.91 
19.54 
16.50 
16.26 
9.06 
14.19 
21.43 
12.45 
17.91 
12.71 
14.88 
16.04 
12.18 
9.05 
18.35 
19.19 
16.35 
13.12 
4.95 
13.07 
9.52 
15.14 
11.48 
14.67 
13.01 
7.74 
14.24 
16.18 
16.33 
14.07 
12.96 
9.13 
11.91 
12.93 
6.59 
4.22 
4.18 
11.48 
12.24 
6.21 
10.65 
11.39 
14.46 
3.92 
3.89 
12.68 
13.84 
13.30 
3.75 
13.57 
13.04 
13.62 
14.20 
13.89 
12.72 
12.75 
10.95 
10.78 
3.46 
10.87 
13.14 
11.60 
12.58 
12.00 
12.77 
12.51 
12.04 
8.50 
11.43 
11.69 
10.84 
11.20 
11.06 
3.18 
11.60 
11.47 
11.44 
11.61 
11.39 
10.77 
8.77 
9.95 
3.10 
3.10 
7.84 
10.80 
7.44 
8.92 
9.42 
6.06 
8.94 
11.72 
11.14 
11.55 
10.98 
10.80 
11.22 
10.85 
7.47 
10.90 
11.54 
11.38 
3.21 
3.22 
8.64 
10.62 
8.31 
8.34 
11.91 
11.86 
11.08 
9.04 
11.41 
12.31 
11.96 
6.78 
12.95 
12.81 
12.78 
13.30 
3.61 
11.36 
12.77 
11.40 
11.59 
12.80 
13.23 
9.77 
12.14 
13.15 
11.97 
3.97 
4.01 
4.04 
4.08 
5.56 
4.16 
6.99 
10.60 
4.28 
15.59 
12.84 
11.30 
4.44 
4.49 
12.45 
16.14 
8.24 
8.56 
8.24 
4.75 
4.79 
12.57 
8.37 
11.53 
4.97 
14.29 
16.59 
7.32 
17.22 
5.20 
15.77 
5.29 
11.01 
18.92 
18.75 
15.99 
5.52 
17.93 
21.99 
21.08 
20.91 
16.13 
5.80 
8.39 
22.27 
22.09 
22.36 
21.40 
20.29 
16.09 
20.80 
19.82 
22.87 
23.44 
9.62 
6.38 
21.55 
15.80 
13.17 
25.18 
23.52 
22.50 
21.30 
23.32 
22.60 
6.79 
6.83 
6.87 
16.88 
20.55 
6.98 
9.16 
18.12 
7.09 
7.63 
11.49 
7.20 
24.76 
17.47 
21.88 
7.33 
25.86 
24.41 
19.07 
25.37 
25.43 
15.99 
29.10 
21.85 
28.19 
28.93 
24.89 
28.52 
24.98 
18.86 
7.77 
24.76 
29.60 
16.77 
14.05 
27.31 
22.01 
24.97 
25.17 
17.27 
27.65 
28.71 
23.39 
16.16 
24.13 
20.52 
27.28 
27.48 
30.44 
26.65 
18.01 
8.16 
12.33 
24.81 
26.73 
8.21 
23.64 
24.51 
28.86 
25.23 
31.82 
30.10 
27.68 
24.91 
8.27 
17.12 
12.79 
16.78 
28.05 
16.26 
8.29 
25.27 
20.60 
22.67 
20.07 
15.39 
11.93 
25.95 
21.27 
8.28 
10.52 
27.31 
12.07 
28.85 
12.75 
9.97 
18.78 
20.67 
22.56 
14.25 
8.20 
14.75 
24.92 
21.45 
27.99 
22.79 
29.33 
27.58 
28.59 
27.53 
23.55 
28.17 
27.45 
11.96 
9.53 
14.66 
29.73 
25.75 
27.26 
23.80 
7.87 
27.15 
25.58 
21.44 
24.30 
24.77 
18.44 
7.70 
7.67 
7.65 
7.62 
23.15 
19.05 
15.80 
12.05 
17.40 
26.75 
28.37 
18.43 
7.35 
19.33 
16.94 
18.72 
21.65 
16.29 
13.76 
22.45 
25.01 
19.52 
19.45 
23.63 
18.83 
10.96 
20.64 
6.82 
15.00 
26.52 
25.14 
24.09 
6.62 
8.65 
13.99 
18.18 
10.24 
6.42 
6.38 
6.33 
6.29 
6.25 
6.20 
6.16 
16.66 
15.06 
17.70 
15.50 
15.26 
5.90 
18.67 
8.63 
15.96 
14.69 
5.67 
18.74 
10.22 
5.54 
15.26 
9.59 
17.34 
20.35 
16.57 
16.18 
5.22 
12.24 
13.25 
7.82 
5.04 
18.54 
18.02 
17.90 
17.25 
17.39 
12.01 
7.87 
4.68 
8.78 
12.31 
12.48 
16.45 
16.34 
15.85 
12.99 
4.34 
4.30 
4.26 
4.22 
11.81 
15.33 
14.51 
14.76 
10.41 
14.09 
3.96 
3.92 
8.96 
3.85 
12.59 
13.75 
13.55 
11.67 
4.91 
11.30 
13.32 
12.69 
8.15 
6.90 
11.06 
3.49 
3.46 
3.44 
3.41 
5.29 
3.37 
9.08 
3.33 
9.92 
12.45 
11.58 
10.92 
11.90 
11.55 
10.29 
11.97 
10.53 
3.17 
10.67 
7.14 
11.71 
11.29 
8.78 
6.19 
11.63 
11.42 
9.63 
12.00 
4.48 
11.49 
11.79 
11.20 
11.40 
10.52 
3.10 
8.46 
9.86 
12.37 
11.79 
12.32 
