20050101
8.73 
7.44 
9.57 
9.34 
2.67 
9.24 
9.55 
9.68 
9.10 
9.78 
9.92 
10.06 
9.76 
7.52 
10.61 
6.22 
10.00 
10.06 
10.51 
10.77 
9.89 
3.03 
4.13 
8.36 
3.12 
10.27 
3.18 
3.22 
11.32 
9.79 
12.02 
12.01 
12.01 
3.43 
10.84 
5.31 
3.54 
8.32 
3.62 
13.06 
12.95 
13.61 
13.40 
13.40 
3.88 
3.92 
13.74 
4.01 
14.56 
14.68 
14.33 
10.75 
13.13 
4.29 
15.17 
15.66 
15.42 
15.42 
10.79 
13.65 
13.00 
4.67 
12.56 
17.06 
17.32 
18.24 
17.58 
15.85 
17.57 
18.64 
19.04 
19.58 
18.35 
19.02 
14.03 
13.16 
18.98 
19.39 
19.37 
13.53 
20.76 
20.17 
21.44 
21.13 
21.55 
22.11 
22.09 
22.35 
22.33 
6.07 
10.15 
21.63 
20.69 
22.76 
18.46 
17.79 
16.81 
6.45 
21.14 
21.39 
19.47 
23.92 
21.21 
24.90 
22.64 
19.58 
17.28 
18.15 
18.86 
20.37 
25.56 
25.00 
13.84 
25.49 
24.93 
19.34 
24.75 
25.31 
22.78 
21.05 
26.51 
25.43 
24.51 
17.51 
23.32 
22.72 
26.24 
27.62 
28.01 
19.28 
25.30 
26.84 
21.40 
22.11 
22.66 
7.85 
16.89 
28.29 
26.49 
26.70 
10.99 
29.29 
29.49 
26.00 
27.54 
28.41 
15.49 
26.62 
8.13 
24.48 
8.16 
17.45 
30.28 
30.47 
25.93 
8.23 
29.85 
24.63 
12.82 
16.04 
27.37 
30.42 
23.67 
24.18 
29.09 
30.11 
18.79 
24.04 
24.88 
14.92 
29.79 
29.62 
25.73 
23.87 
8.33 
11.87 
8.32 
12.71 
11.86 
27.88 
27.70 
30.39 
12.50 
26.99 
29.84 
30.50 
28.12 
21.20 
20.34 
24.70 
28.21 
28.36 
29.68 
20.92 
28.11 
22.38 
27.05 
26.01 
25.31 
23.94 
18.56 
17.03 
7.98 
7.96 
19.94 
7.91 
19.03 
21.99 
28.43 
29.37 
7.78 
23.31 
26.90 
23.05 
12.45 
22.62 
22.08 
21.70 
23.12 
22.57 
7.48 
19.84 
23.53 
7.38 
16.75 
20.58 
10.02 
7.24 
24.41 
25.14 
26.98 
24.18 
21.07 
23.86 
22.51 
11.83 
18.72 
17.85 
22.17 
23.50 
19.97 
23.15 
16.24 
22.50 
23.78 
23.99 
23.73 
20.58 
21.69 
9.94 
22.54 
21.08 
12.60 
6.13 
6.08 
12.82 
19.95 
5.93 
14.48 
21.65 
19.65 
11.20 
5.69 
20.30 
20.46 
5.54 
5.49 
19.67 
14.69 
15.83 
13.25 
5.25 
15.10 
11.08 
15.69 
17.71 
17.06 
15.62 
4.90 
17.47 
16.70 
16.57 
16.32 
9.09 
4.60 
12.82 
15.33 
15.83 
14.97 
15.34 
15.21 
14.73 
4.23 
14.61 
14.73 
14.49 
14.37 
13.56 
8.53 
12.77 
7.48 
12.90 
13.57 
12.02 
13.45 
11.49 
10.64 
12.91 
7.80 
12.91 
10.91 
12.39 
12.08 
11.98 
11.68 
10.88 
11.70 
12.41 
9.73 
10.64 
10.56 
3.87 
3.83 
11.58 
10.74 
10.76 
10.87 
9.86 
9.52 
9.37 
3.31 
8.70 
9.75 
7.33 
10.00 
2.75 
4.16 
5.84 
7.32 
9.68 
9.90 
6.88 
3.34 
8.84 
8.98 
9.31 
9.20 
9.18 
9.33 
8.62 
9.13 
9.64 
7.39 
8.76 
8.67 
7.64 
9.28 
8.60 
9.55 
9.04 
7.07 
4.75 
8.14 
2.60 
2.61 
2.62 
5.60 
2.64 
2.65 
9.91 
9.68 
9.55 
5.39 
8.47 
9.15 
2.77 
2.79 
9.39 
6.60 
9.04 
7.24 
2.90 
4.43 
2.95 
2.98 
10.56 
10.35 
10.13 
3.09 
11.27 
10.76 
9.65 
3.22 
10.82 
6.54 
10.38 
12.01 
12.63 
11.90 
11.37 
9.13 
4.72 
12.52 
12.84 
13.06 
10.53 
12.73 
12.28 
8.22 
13.51 
11.91 
13.40 
13.51 
13.51 
13.74 
11.72 
4.19 
13.97 
12.63 
13.22 
13.33 
12.21 
4.48 
4.53 
13.27 
14.65 
15.15 
16.68 
16.68 
14.98 
16.93 
14.68 
14.53 
10.10 
16.62 
17.55 
11.02 
18.07 
15.45 
18.04 
8.99 
18.98 
15.73 
15.27 
11.12 
19.76 
19.31 
15.82 
19.68 
12.96 
12.16 
16.94 
17.04 
18.77 
6.07 
20.32 
20.88 
19.63 
21.09 
13.30 
6.35 
22.02 
15.51 
20.99 
19.38 
8.14 
21.74 
21.36 
12.99 
24.21 
10.27 
9.53 
8.79 
24.74 
24.99 
18.20 
20.51 
23.00 
22.59 
7.17 
13.03 
17.30 
24.83 
15.13 
24.81 
25.04 
26.25 
24.02 
9.30 
25.13 
13.16 
18.32 
7.62 
17.58 
28.89 
15.67 
7.74 
25.40 
27.77 
29.16 
19.19 
25.74 
21.60 
23.81 
7.95 
21.37 
29.12 
27.64 
16.43 
8.05 
8.07 
19.36 
29.82 
27.49 
19.77 
22.99 
24.86 
11.39 
22.71 
22.73 
19.54 
10.94 
28.00 
28.36 
23.30 
22.13 
18.26 
18.10 
20.81 
26.56 
27.58 
8.32 
29.78 
23.02 
10.86 
21.17 
26.07 
8.33 
22.35 
20.15 
23.02 
26.89 
24.19 
8.31 
16.91 
26.86 
23.47 
18.57 
11.82 
28.16 
26.12 
29.13 
25.92 
8.22 
13.43 
18.62 
27.68 
25.14 
27.97 
20.56 
26.91 
23.69 
8.08 
8.06 
21.93 
25.08 
28.22 
21.84 
14.30 
16.60 
7.91 
12.38 
18.67 
23.44 
12.95 
27.00 
7.76 
21.45 
17.77 
20.53 
13.90 
19.77 
19.40 
20.00 
7.51 
12.38 
7.45 
7.41 
7.38 
7.34 
15.57 
25.69 
23.68 
20.87 
20.33 
9.04 
15.39 
26.97 
25.29 
24.73 
23.22 
6.88 
9.99 
22.80 
6.76 
21.22 
11.02 
22.59 
10.45 
17.01 
6.49 
21.59 
20.42 
23.21 
18.72 
17.27 
6.97 
22.92 
22.36 
21.94 
21.09 
5.98 
11.06 
18.56 
21.07 
20.52 
15.08 
10.70 
19.87 
20.46 
20.34 
5.49 
18.69 
19.82 
17.90 
19.70 
19.30 
11.84 
18.37 
14.35 
18.51 
19.18 
15.09 
15.77 
11.88 
11.53 
13.88 
16.45 
16.58 
16.08 
12.95 
14.71 
4.46 
12.64 
15.21 
14.00 
14.13 
12.34 
4.18 
4.13 
13.79 
4.04 
14.14 
12.65 
3.91 
13.68 
13.34 
13.34 
13.34 
13.56 
12.58 
11.39 
10.01 
11.84 
11.85 
12.17 
12.59 
12.49 
11.67 
11.78 
11.18 
9.59 
11.31 
11.22 
6.99 
3.12 
11.16 
9.83 
9.66 
10.64 
7.81 
2.95 
7.71 
2.90 
8.44 
2.85 
8.79 
9.02 
9.60 
9.28 
9.68 
9.72 
6.64 
7.14 
2.68 
7.79 
5.29 
9.48 
8.84 
7.59 
4.52 
9.11 
8.74 
7.43 
8.88 
8.70 
8.17 
5.07 
7.99 
8.50 
8.24 
4.89 
6.87 
2.57 
9.13 
9.14 
8.81 
6.15 
2.60 
2.61 
9.42 
9.45 
6.94 
2.65 
2.67 
7.64 
8.84 
9.77 
7.66 
9.24 
9.74 
10.25 
9.85 
4.67 
6.36 
9.84 
9.90 
10.82 
2.95 
10.01 
10.66 
6.59 
10.91 
9.04 
4.10 
9.18 
10.45 
10.73 
10.31 
10.80 
11.51 
12.01 
11.70 
12.11 
11.37 
12.10 
10.60 
3.58 
3.62 
12.84 
13.17 
13.06 
11.61 
13.62 
13.74 
13.62 
11.56 
14.20 
13.62 
14.44 
14.21 
14.80 
14.69 
11.91 
14.20 
14.44 
4.43 
4.48 
9.66 
4.58 
11.60 
4.67 
6.14 
16.81 
15.37 
17.71 
17.19 
12.01 
18.11 
16.49 
18.09 
17.40 
18.07 
19.02 
18.46 
18.44 
5.43 
10.82 
12.03 
18.50 
10.19 
5.68 
20.43 
19.83 
20.09 
16.99 
19.88 
18.67 
6.02 
12.47 
20.32 
21.18 
22.95 
18.82 
6.31 
18.10 
15.89 
23.35 
23.76 
19.69 
14.04 
19.09 
20.89 
22.39 
6.76 
20.21 
22.98 
15.77 
12.02 
23.56 
19.16 
21.64 
10.14 
26.62 
24.76 
25.81 
24.59 
22.07 
23.60 
10.29 
27.00 
19.05 
26.81 
20.14 
26.94 
24.20 
24.42 
17.54 
26.68 
22.10 
15.51 
27.84 
25.73 
27.94 
13.82 
23.70 
27.75 
28.96 
24.15 
19.16 
26.23 
7.99 
14.05 
9.88 
28.89 
24.21 
26.42 
27.63 
28.83 
8.15 
17.43 
23.01 
25.56 
13.94 
29.81 
29.83 
23.94 
28.51 
26.84 
22.80 
21.29 
23.32 
8.30 
8.30 
12.87 
12.20 
19.13 
14.57 
8.32 
8.33 
8.33 
28.10 
17.11 
8.33 
25.22 
20.82 
28.75 
8.32 
24.01 
19.78 
8.30 
28.53 
28.18 
19.40 
23.44 
27.97 
15.83 
21.37 
26.06 
19.82 
29.56 
25.50 
27.83 
8.15 
17.87 
19.69 
22.69 
16.63 
17.61 
27.96 
19.90 
26.38 
7.98 
7.96 
12.27 
27.56 
23.53 
21.49 
13.81 
19.09 
7.78 
13.88 
23.76 
24.37 
16.90 
23.44 
11.06 
16.28 
10.82 
27.81 
27.74 
26.37 
26.63 
24.44 
27.13 
26.74 
24.56 
23.04 
22.00 
20.97 
21.06 
22.74 
23.46 
23.23 
21.40 
25.75 
19.98 
6.84 
24.21 
11.29 
23.25 
24.09 
23.21 
18.32 
16.39 
22.91 
23.73 
22.56 
19.26 
19.93 
21.94 
22.13 
22.32 
16.10 
16.16 
6.03 
9.07 
17.35 
20.02 
5.84 
5.79 
21.12 
21.42 
20.59 
20.04 
20.06 
17.13 
15.21 
5.40 
11.69 
17.09 
16.98 
14.01 
8.11 
15.42 
12.51 
8.97 
4.95 
4.90 
11.49 
16.05 
6.42 
9.17 
14.17 
16.08 
10.44 
15.83 
15.46 
14.23 
13.75 
14.97 
14.37 
14.02 
13.78 
14.61 
10.99 
12.40 
12.76 
12.08 
11.07 
13.91 
12.78 
6.67 
13.56 
13.23 
12.47 
13.23 
11.19 
7.80 
3.50 
6.61 
12.39 
11.25 
11.98 
10.97 
3.28 
3.25 
3.21 
11.32 
10.45 
11.05 
9.22 
10.21 
7.35 
10.26 
5.35 
10.59 
9.11 
9.33 
10.57 
10.05 
7.42 
10.20 
9.69 
3.94 
9.95 
9.99 
9.32 
8.39 
9.68 
9.02 
8.63 
7.38 
2.63 
9.51 
7.22 
9.46 
7.53 
9.07 
8.80 
7.49 
9.03 
8.16 
9.02 
7.30 
6.27 
9.54 
2.57 
2.57 
2.58 
2.58 
4.32 
4.67 
8.42 
8.88 
9.25 
7.88 
9.22 
9.25 
8.41 
8.62 
9.46 
9.32 
9.46 
2.75 
9.19 
10.06 
8.57 
2.83 
10.15 
10.12 
2.90 
8.37 
2.95 
2.98 
3.00 
10.06 
10.62 
10.50 
4.79 
10.66 
6.27 
9.53 
10.01 
11.72 
11.40 
11.81 
11.07 
10.96 
6.31 
11.78 
12.41 
12.52 
12.52 
7.60 
12.07 
12.73 
13.62 
13.17 
13.62 
12.71 
13.97 
13.97 
11.52 
13.39 
13.14 
10.27 
14.69 
13.24 
4.33 
13.46 
14.93 
15.54 
15.67 
16.17 
4.63 
13.36 
16.29 
16.93 
17.32 
17.19 
17.58 
4.97 
17.04 
16.09 
16.20 
5.85 
19.17 
13.39 
19.56 
12.47 
17.31 
12.64 
18.38 
8.13 
5.63 
10.41 
20.72 
20.55 
16.02 
21.67 
16.36 
5.97 
12.10 
20.51 
13.89 
14.87 
22.49 
21.24 
23.02 
10.47 
22.02 
22.73 
6.49 
21.86 
6.58 
16.13 
9.64 
24.43 
22.01 
19.58 
21.08 
23.07 
23.63 
6.97 
7.01 
9.77 
18.66 
22.43 
14.92 
22.90 
25.73 
23.37 
20.18 
22.52 
26.67 
20.36 
22.54 
8.80 
23.32 
26.01 
20.30 
8.78 
22.55 
7.68 
22.64 
17.54 
8.93 
26.44 
23.82 
25.03 
25.41 
13.75 
24.82 
25.02 
16.68 
22.08 
24.29 
23.98 
29.56 
28.92 
23.23 
25.95 
24.63 
26.33 
26.02 
19.64 
20.50 
25.07 
8.22 
27.13 
25.80 
26.32 
26.33 
30.23 
23.31 
22.82 
22.66 
21.31 
10.84 
8.31 
8.32 
12.88 
8.32 
23.53 
23.03 
12.72 
27.92 
23.02 
28.09 
24.87 
17.10 
14.39 
17.43 
13.54 
9.65 
20.61 
17.05 
25.14 
29.17 
17.52 
10.10 
29.96 
28.42 
21.50 
24.01 
25.83 
10.02 
29.48 
24.25 
8.12 
16.82 
26.01 
25.14 
20.59 
21.07 
24.88 
26.35 
28.31 
28.10 
24.40 
23.19 
23.15 
24.77 
9.14 
25.51 
13.71 
8.22 
19.25 
26.79 
27.40 
24.54 
18.91 
23.77 
16.02 
11.57 
7.45 
7.41 
20.71 
13.99 
15.24 
11.47 
24.65 
20.07 
9.09 
11.61 
22.11 
20.12 
11.14 
24.89 
23.69 
16.82 
22.73 
17.00 
24.12 
22.31 
14.13 
7.71 
24.04 
23.94 
22.76 
10.58 
18.59 
22.00 
16.60 
11.24 
17.63 
6.17 
22.36 
21.94 
20.35 
15.25 
15.16 
21.19 
16.43 
19.51 
18.96 
16.56 
19.45 
5.59 
5.54 
5.49 
5.44 
18.29 
18.59 
11.06 
19.03 
18.63 
17.96 
16.63 
17.98 
18.38 
4.95 
9.48 
17.73 
17.09 
17.35 
7.38 
16.71 
16.33 
15.95 
15.70 
15.71 
15.70 
14.85 
12.43 
14.49 
14.61 
8.92 
6.61 
4.09 
13.91 
13.45 
13.80 
14.02 
13.79 
7.07 
7.90 
11.02 
12.57 
6.70 
11.93 
13.01 
12.06 
11.96 
11.86 
11.86 
3.39 
11.88 
11.58 
3.28 
3.25 
11.61 
11.12 
11.63 
10.07 
11.65 
10.21 
11.48 
11.31 
11.23 
10.87 
2.92 
9.43 
10.39 
8.75 
10.54 
7.37 
10.51 
9.55 
9.86 
9.63 
4.94 
8.30 
8.08 
7.61 
5.47 
4.83 
2.63 
5.76 
8.79 
7.29 
9.26 
9.07 
9.06 
8.35 
9.03 
8.16 
8.16 
5.23 
9.19 
8.16 
8.34 
7.83 
9.22 
7.85 
7.86 
2.59 
7.81 
9.40 
9.86 
8.99 
5.17 
8.69 
10.13 
9.91 
9.42 
9.73 
6.38 
10.09 
9.96 
10.19 
10.25 
10.12 
10.73 
9.96 
6.87 
4.11 
9.31 
9.57 
10.87 
9.22 
8.33 
10.23 
10.41 
11.86 
11.65 
10.55 
10.73 
11.52 
9.99 
8.85 
9.54 
10.97 
10.23 
3.47 
11.25 
11.02 
13.06 
12.19 
12.95 
12.95 
13.06 
3.79 
12.05 
10.22 
13.97 
14.09 
9.57 
4.06 
10.56 
14.45 
13.73 
15.17 
8.64 
15.66 
15.54 
14.93 
15.67 
15.92 
16.17 
4.63 
4.67 
9.35 
16.68 
17.58 
12.21 
18.11 
16.65 
17.57 
10.98 
14.04 
19.44 
19.17 
14.49 
18.32 
18.86 
15.63 
19.81 
17.96 
9.55 
18.04 
18.30 
21.30 
21.71 
21.11 
20.94 
22.23 
13.50 
18.62 
21.11 
23.16 
21.63 
14.96 
23.52 
24.39 
23.13 
23.55 
23.04 
21.45 
9.01 
14.97 
20.49 
24.49 
19.88 
24.53 
24.78 
23.14 
10.85 
15.52 
7.93 
26.68 
19.39 
7.09 
14.05 
25.57 
23.22 
27.19 
26.45 
13.18 
26.44 
19.97 
25.76 
27.14 
22.93 
21.67 
24.37 
25.41 
22.66 
22.05 
20.94 
23.31 
27.51 
25.23 
7.79 
15.99 
19.69 
27.08 
28.46 
24.15 
26.53 
7.97 
28.95 
29.49 
21.80 
24.85 
26.23 
21.88 
8.11 
29.00 
30.04 
30.23 
25.03 
29.94 
29.96 
18.85 
28.65 
17.53 
24.46 
16.54 
16.55 
29.39 
28.39 
30.26 
28.58 
22.84 
25.38 
8.32 
17.78 
8.32 
21.34 
29.28 
24.38 
29.78 
29.10 
28.09 
27.07 
19.80 
25.87 
29.41 
28.89 
27.53 
27.86 
30.04 
28.00 
8.27 
8.26 
28.63 
28.78 
8.22 
30.42 
22.49 
15.24 
25.81 
8.15 
30.46 
28.42 
16.48 
8.08 
25.14 
17.92 
29.93 
29.56 
19.84 
21.30 
18.10 
27.73 
24.19 
7.86 
23.28 
25.89 
9.11 
20.66 
7.73 
26.68 
22.84 
22.95 
24.38 
23.83 
21.48 
21.59 
7.48 
27.67 
27.60 
27.53 
27.30 
24.47 
23.43 
7.24 
19.27 
7.16 
16.25 
23.54 
16.61 
24.82 
26.00 
9.45 
6.88 
22.73 
17.62 
24.43 
24.18 
17.40 
23.68 
16.78 
6.54 
12.33 
6.45 
8.84 
6.36 
12.51 
15.31 
17.93 
17.54 
17.89 
22.39 
18.43 
22.30 
21.74 
17.98 
21.36 
5.79 
7.90 
18.99 
20.59 
19.75 
16.39 
16.85 
11.30 
17.18 
16.52 
18.19 
13.30 
5.20 
18.77 
18.64 
18.78 
18.52 
18.52 
18.12 
12.40 
16.31 
11.31 
16.07 
4.65 
11.03 
16.08 
15.95 
14.59 
5.76 
15.58 
9.16 
15.69 
13.78 
12.00 
14.85 
14.61 
13.68 
7.23 
13.91 
13.00 
13.00 
12.90 
3.78 
13.01 
3.70 
12.80 
12.58 
12.16 
12.06 
11.74 
11.96 
3.42 
3.39 
10.34 
8.62 
3.28 
10.69 
11.51 
10.63 
10.74 
10.66 
9.61 
9.92 
11.00 
10.55 
10.66 
10.50 
10.52 
9.24 
9.92 
10.41 
8.24 
8.38 
7.42 
2.77 
5.90 
7.93 
5.30 
9.63 
9.32 
3.99 
9.34 
7.64 
2.63 
9.33 
5.57 
3.21 
7.79 
8.29 
9.23 
9.13 
8.95 
9.28 
8.85 
8.67 
8.50 
5.84 
2.57 
9.29 
2.58 
8.80 
8.30 
7.27 
7.72 
4.18 
2.62 
9.54 
2.64 
9.34 
9.03 
8.62 
9.10 
6.02 
9.19 
7.25 
9.92 
6.15 
10.03 
7.97 
10.06 
9.75 
9.44 
9.78 
2.95 
9.06 
9.03 
8.04 
11.10 
8.26 
11.56 
11.36 
10.95 
11.53 
11.73 
12.13 
11.81 
11.39 
11.80 
12.32 
10.94 
11.78 
3.54 
3.58 
10.02 
3.67 
5.58 
3.75 
12.50 
12.61 
10.00 
13.62 
12.25 
13.28 
11.06 
14.21 
7.82 
14.45 
14.09 
12.39 
11.40 
15.17 
7.89 
5.97 
4.53 
8.36 
15.79 
14.64 
4.72 
15.51 
15.63 
4.87 
4.92 
17.44 
17.17 
5.07 
16.34 
16.86 
5.23 
15.04 
18.18 
18.72 
13.11 
5.48 
9.91 
7.99 
5.63 
17.30 
18.99 
16.50 
19.51 
19.33 
21.50 
9.07 
6.02 
9.94 
20.92 
22.23 
19.78 
21.09 
19.83 
22.83 
17.88 
15.05 
16.52 
22.32 
12.79 
22.52 
24.17 
19.57 
17.61 
22.42 
18.07 
16.72 
21.72 
11.59 
7.01 
14.42 
24.77 
26.13 
7.17 
15.62 
14.70 
20.44 
27.34 
23.34 
25.36 
26.09 
17.95 
23.26 
9.99 
27.33 
25.25 
18.20 
25.19 
21.93 
19.32 
27.67 
26.06 
7.79 
20.82 
7.85 
23.74 
15.42 
27.33 
28.37 
15.84 
26.60 
24.29 
28.52 
26.70 
8.07 
8.09 
19.72 
29.34 
22.29 
23.16 
25.20 
18.81 
29.62 
25.76 
27.47 
25.12 
24.29 
18.39 
8.27 
21.46 
21.47 
25.02 
19.79 
29.77 
24.70 
17.78 
16.77 
15.25 
27.42 
30.63 
12.55 
29.28 
27.92 
28.42 
27.41 
23.52 
18.61 
25.02 
20.29 
12.69 
15.88 
26.50 
27.50 
24.62 
29.66 
29.47 
8.24 
29.77 
8.21 
10.72 
23.31 
22.45 
15.71 
20.39 
9.29 
19.84 
25.01 
28.49 
8.04 
26.75 
25.88 
27.35 
19.47 
24.10 
26.40 
18.04 
15.67 
22.78 
19.75 
15.57 
8.42 
25.41 
7.70 
10.31 
10.27 
27.01 
27.28 
7.55 
22.24 
28.39 
26.04 
13.11 
24.77 
20.16 
25.12 
27.63 
26.91 
16.05 
7.16 
17.37 
18.75 
7.04 
24.82 
25.68 
25.43 
23.45 
19.90 
24.53 
24.90 
23.87 
22.37 
7.40 
16.01 
21.78 
18.62 
20.98 
21.79 
22.76 
6.31 
10.49 
11.47 
19.93 
22.21 
22.24 
22.42 
21.13 
12.08 
5.89 
5.84 
14.02 
14.36 
5.69 
7.63 
20.32 
20.76 
18.67 
15.48 
19.68 
19.28 
19.15 
19.03 
19.03 
7.17 
5.10 
15.85 
18.38 
17.73 
17.73 
16.17 
4.80 
4.75 
4.70 
9.35 
15.95 
14.82 
16.57 
16.45 
15.58 
8.51 
4.32 
12.09 
4.23 
4.18 
4.13 
4.09 
5.32 
13.91 
12.65 
8.91 
12.10 
13.12 
13.45 
12.79 
13.01 
13.23 
12.47 
13.01 
12.27 
10.16 
9.44 
11.86 
10.63 
10.34 
7.29 
3.28 
12.40 
9.61 
11.32 
10.94 
10.66 
5.52 
6.54 
10.24 
10.93 
10.85 
5.50 
10.80 
10.36 
6.21 
9.68 
8.88 
9.84 
9.42 
9.55 
9.41 
9.45 
8.51 
4.56 
10.12 
7.34 
8.02 
6.67 
8.75 
7.15 
8.00 
2.60 
8.66 
8.12 
7.42 
8.53 
8.60 
8.34 
8.68 
8.33 
7.81 
8.50 
8.77 
8.60 
8.79 
8.45 
9.07 
2.59 
7.12 
8.79 
8.99 
5.17 
3.34 
8.02 
9.11 
9.42 
9.10 
9.32 
9.64 
9.33 
9.74 
9.24 
8.93 
9.54 
10.15 
9.84 
10.09 
10.25 
10.23 
10.39 
10.08 
3.03 
10.42 
9.23 
11.47 
10.96 
3.18 
9.23 
11.73 
11.52 
12.02 
11.91 
12.01 
12.53 
12.21 
8.07 
12.63 
8.00 
12.84 
8.36 
3.71 
13.17 
8.59 
11.71 
13.51 
13.51 
3.97 
14.09 
13.74 
14.21 
10.18 
4.19 
4.24 
9.97 
15.17 
12.35 
9.49 
4.48 
15.29 
16.17 
16.42 
16.42 
16.68 
15.25 
17.19 
17.32 
18.24 
18.51 
18.91 
17.03 
16.74 
10.61 
5.23 
17.37 
19.84 
15.38 
17.03 
11.80 
13.44 
16.23 
20.61 
14.28 
21.58 
20.84 
21.55 
21.38 
21.50 
22.21 
21.14 
16.79 
6.12 
19.68 
22.95 
22.76 
17.25 
11.54 
22.17 
22.89 
14.36 
24.02 
24.44 
23.45 
21.21 
23.65 
24.84 
22.26 
18.39 
25.60 
22.83 
21.48 
20.92 
14.26 
22.19 
25.49 
11.53 
10.44 
22.81 
15.57 
11.22 
19.10 
18.99 
27.23 
20.90 
12.25 
24.31 
26.18 
27.06 
12.41 
15.76 
27.07 
7.71 
25.02 
28.06 
22.95 
23.16 
22.53 
17.22 
12.41 
20.80 
17.66 
29.08 
29.79 
27.98 
27.34 
23.01 
22.87 
29.79 
22.75 
8.13 
28.86 
11.03 
28.57 
23.36 
25.41 
27.96 
23.92 
16.34 
19.06 
29.20 
25.16 
20.27 
19.27 
29.75 
29.59 
21.15 
15.92 
20.99 
22.85 
29.11 
27.25 
25.22 
26.24 
14.58 
17.96 
16.43 
29.94 
29.93 
20.98 
29.24 
17.93 
22.98 
11.67 
20.09 
30.19 
26.64 
17.19 
23.57 
21.03 
21.02 
28.23 
18.12 
21.46 
27.32 
27.97 
23.24 
23.39 
20.51 
12.10 
8.06 
14.74 
18.89 
18.53 
21.67 
19.47 
7.94 
13.57 
24.69 
26.98 
16.47 
7.81 
27.17 
27.28 
26.74 
22.23 
20.69 
27.89 
19.94 
13.82 
21.97 
24.53 
22.19 
25.55 
25.81 
23.79 
17.24 
7.31 
9.21 
23.20 
7.20 
25.78 
25.38 
25.78 
24.90 
24.18 
23.62 
13.09 
11.93 
10.15 
11.66 
23.18 
23.25 
16.78 
10.97 
21.88 
21.17 
20.15 
22.35 
22.25 
19.87 
16.30 
8.98 
14.48 
6.17 
19.97 
8.75 
15.92 
17.30 
13.69 
5.89 
21.36 
17.48 
20.97 
20.85 
20.30 
20.46 
20.34 
19.65 
18.41 
12.61 
12.66 
5.30 
19.44 
18.90 
18.77 
18.78 
18.38 
16.13 
17.60 
17.86 
15.91 
13.34 
16.57 
4.70 
13.66 
8.76 
9.44 
12.97 
4.46 
13.13 
15.70 
15.46 
12.81 
4.23 
8.68 
4.13 
4.09 
14.49 
13.80 
3.95 
13.00 
13.23 
10.99 
3.78 
3.74 
3.70 
3.66 
3.62 
3.58 
5.67 
5.72 
10.49 
6.86 
12.29 
11.67 
3.32 
11.39 
11.60 
11.11 
10.43 
8.67 
3.12 
10.87 
10.31 
10.72 
10.16 
6.77 
10.68 
2.92 
5.04 
6.68 
5.43 
9.62 
2.81 
10.05 
6.11 
2.75 
9.63 
9.50 
2.70 
2.68 
9.20 
8.11 
9.57 
7.70 
9.51 
9.22 
4.86 
8.48 
7.26 
8.80 
8.87 
9.12 
8.34 
8.25 
7.99 
8.85 
9.19 
7.91 
9.29 
8.53 
7.76 
9.33 
2.59 
2.60 
9.40 
9.16 
5.95 
8.78 
9.43 
8.41 
8.35 
2.70 
9.59 
9.46 
10.14 
9.74 
9.97 
9.66 
9.90 
2.85 
2.87 
4.30 
8.84 
2.95 
2.98 
10.85 
10.83 
11.30 
12.06 
6.26 
10.37 
11.64 
9.33 
12.43 
11.92 
7.93 
12.12 
12.53 
12.53 
7.57 
12.42 
12.84 
13.60 
13.93 
13.06 
13.72 
13.84 
3.79 
12.27 
14.64 
14.20 
14.20 
14.78 
15.14 
14.80 
14.45 
12.54 
10.96 
14.32 
11.88 
15.79 
15.91 
15.17 
11.79 
4.58 
4.63 
4.67 
4.72 
4.77 
4.82 
17.98 
18.50 
16.12 
15.57 
16.35 
18.77 
18.22 
19.71 
19.71 
12.93 
18.58 
10.46 
20.93 
19.94 
19.21 
7.05 
10.70 
14.52 
21.28 
20.38 
21.67 
22.09 
18.52 
19.36 
17.53 
21.22 
15.77 
14.20 
20.03 
22.26 
19.01 
24.01 
20.89 
23.92 
17.52 
8.29 
23.45 
22.61 
22.24 
19.81 
21.63 
23.93 
23.54 
13.13 
21.96 
18.20 
22.28 
23.48 
18.56 
7.17 
27.75 
17.94 
24.66 
22.46 
23.50 
11.80 
23.30 
27.14 
28.03 
28.09 
28.32 
22.28 
18.69 
25.36 
17.13 
21.98 
7.74 
23.23 
26.44 
26.32 
14.52 
28.08 
27.79 
20.64 
25.53 
24.05 
7.99 
23.95 
24.15 
28.89 
17.65 
27.10 
25.11 
23.45 
15.56 
29.05 
14.75 
25.73 
29.96 
16.15 
26.96 
26.81 
10.28 
25.82 
27.36 
19.94 
29.40 
27.39 
20.97 
18.28 
18.11 
19.47 
29.61 
22.69 
15.93 
20.15 
12.72 
16.77 
23.02 
21.84 
15.08 
19.63 
17.43 
16.24 
8.31 
21.29 
30.73 
30.38 
27.33 
30.52 
25.44 
21.39 
23.73 
10.75 
19.32 
17.62 
20.96 
23.12 
19.07 
13.34 
16.51 
29.39 
28.53 
27.15 
24.78 
20.23 
15.52 
7.98 
29.15 
28.77 
25.23 
7.89 
21.66 
15.81 
19.09 
24.85 
9.91 
8.39 
11.00 
25.80 
27.56 
25.86 
26.46 
26.07 
20.93 
14.83 
28.65 
18.32 
8.19 
27.13 
26.09 
7.27 
26.75 
25.06 
16.79 
11.29 
26.90 
23.62 
26.72 
24.57 
25.59 
23.45 
24.94 
20.29 
15.83 
24.03 
25.02 
22.44 
9.06 
6.54 
7.57 
13.48 
24.38 
23.82 
23.10 
19.83 
21.83 
21.57 
13.57 
10.82 
19.62 
13.63 
21.74 
22.35 
21.65 
20.81 
22.41 
18.42 
19.16 
8.00 
18.36 
19.51 
7.95 
5.40 
15.00 
11.47 
18.62 
20.39 
19.72 
19.31 
17.18 
17.59 
9.43 
17.08 
18.38 
15.66 
16.06 
11.60 
14.80 
16.08 
16.20 
17.45 
13.36 
4.41 
11.07 
16.55 
14.85 
16.17 
15.80 
4.13 
10.40 
15.42 
15.52 
14.60 
3.91 
14.13 
13.79 
9.56 
13.23 
13.45 
13.34 
11.50 
3.58 
3.54 
11.11 
12.59 
8.32 
12.60 
8.28 
3.32 
8.95 
11.20 
11.41 
12.31 
8.97 
7.33 
11.46 
8.67 
11.39 
10.35 
10.28 
9.93 
10.71 
10.08 
6.58 
10.51 
9.71 
9.93 
9.60 
10.36 
2.75 
2.73 
9.50 
2.70 
10.47 
2.67 
2.65 
9.74 
9.97 
2.62 
2.61 
2.60 
2.59 
2.59 
7.42 
2.58 
9.89 
9.46 
8.85 
2.57 
9.45 
4.55 
9.63 
8.95 
8.79 
9.84 
8.81 
2.59 
6.51 
9.05 
2.62 
8.99 
9.54 
10.01 
10.05 
10.17 
10.13 
8.39 
10.31 
10.36 
10.05 
5.48 
10.15 
10.49 
5.86 
9.13 
11.14 
11.12 
8.84 
6.35 
2.98 
10.66 
10.93 
10.42 
11.67 
11.47 
10.47 
11.64 
11.53 
11.63 
3.29 
3.32 
12.73 
12.94 
6.15 
13.16 
10.29 
13.27 
13.38 
13.17 
13.61 
10.09 
8.07 
12.95 
13.96 
13.28 
14.54 
8.57 
9.45 
13.04 
14.80 
15.63 
15.28 
16.25 
15.53 
15.05 
4.38 
14.68 
16.91 
12.16 
16.55 
4.63 
17.44 
17.71 
16.42 
9.25 
11.82 
12.44 
18.37 
18.51 
16.49 
7.69 
18.36 
16.71 
13.94 
17.49 
17.89 
17.31 
5.48 
20.64 
17.93 
20.76 
14.14 
20.29 
19.83 
17.18 
22.40 
16.21 
11.43 
18.92 
7.26 
19.13 
22.98 
20.99 
6.26 
14.06 
23.59 
14.21 
12.13 
20.52 
16.91 
24.44 
17.06 
21.67 
20.04 
22.96 
24.15 
9.06 
24.02 
9.15 
24.03 
24.28 
7.05 
14.48 
23.56 
26.22 
23.55 
21.84 
19.63 
27.83 
27.74 
26.67 
26.90 
24.51 
23.10 
25.79 
25.02 
22.44 
17.37 
14.44 
26.90 
28.95 
20.86 
22.90 
28.61 
24.66 
14.19 
13.89 
23.61 
26.99 
28.71 
19.20 
20.06 
24.12 
8.03 
25.86 
17.15 
16.67 
15.85 
29.51 
28.35 
26.19 
16.43 
26.91 
28.95 
8.22 
8.23 
8.24 
11.63 
22.11 
13.85 
25.68 
29.07 
27.39 
24.69 
23.68 
8.31 
8.32 
17.62 
26.57 
27.25 
8.33 
19.99 
8.33 
23.53 
19.98 
20.99 
29.59 
27.90 
17.09 
19.78 
8.30 
8.29 
28.02 
22.78 
19.73 
30.84 
28.29 
23.39 
20.01 
8.21 
8.20 
15.92 
26.48 
23.44 
18.38 
8.12 
30.06 
26.68 
19.45 
22.27 
22.24 
25.71 
10.82 
24.64 
29.27 
27.56 
7.89 
7.86 
27.93 
11.46 
27.50 
22.82 
20.79 
17.77 
26.79 
19.16 
25.69 
24.32 
7.55 
22.08 
25.45 
25.55 
10.34 
18.27 
19.83 
20.75 
17.77 
10.78 
25.86 
26.75 
21.06 
7.08 
23.62 
12.25 
24.41 
24.17 
23.76 
25.56 
17.00 
9.73 
9.37 
24.40 
24.45 
20.02 
24.40 
20.31 
9.36 
18.75 
22.45 
24.01 
16.96 
16.43 
22.62 
22.50 
15.27 
19.91 
23.04 
19.84 
17.54 
11.64 
7.96 
15.66 
16.13 
19.87 
10.55 
11.18 
17.83 
20.78 
20.24 
19.69 
17.37 
12.61 
5.20 
15.94 
19.98 
18.78 
18.12 
10.09 
4.90 
14.09 
13.47 
14.00 
8.28 
17.85 
10.66 
4.56 
10.73 
17.68 
16.20 
15.34 
12.55 
8.48 
14.61 
13.90 
4.13 
14.84 
7.53 
14.83 
13.68 
11.98 
13.00 
14.58 
13.90 
8.49 
3.70 
9.64 
13.55 
14.09 
7.26 
12.70 
13.64 
5.40 
6.28 
12.29 
12.40 
12.70 
5.76 
11.01 
11.62 
11.04 
10.86 
11.75 
10.99 
10.72 
10.16 
10.00 
10.59 
4.42 
10.27 
8.90 
10.23 
11.00 
10.93 
10.87 
10.72 
8.42 
10.44 
9.14 
10.34 
9.77 
9.99 
2.65 
9.92 
9.80 
2.62 
10.18 
10.06 
9.87 
7.60 
6.55 
9.99 
9.81 
9.89 
9.97 
10.05 
9.28 
9.71 
7.74 
8.86 
10.08 
7.94 
10.02 
9.70 
9.98 
5.74 
9.77 
9.28 
10.10 
9.25 
9.47 
2.68 
2.70 
9.06 
9.91 
10.59 
10.46 
9.97 
9.94 
10.92 
9.32 
10.21 
10.18 
9.88 
2.95 
6.97 
11.14 
9.58 
3.06 
3.09 
9.11 
6.71 
9.16 
11.83 
3.25 
11.72 
3.32 
3.36 
3.39 
12.32 
10.84 
10.08 
3.54 
3.58 
13.49 
14.37 
12.62 
13.50 
13.73 
3.83 
7.39 
12.37 
13.28 
4.01 
4.06 
15.62 
14.45 
7.89 
4.24 
4.29 
4.33 
4.38 
4.43 
16.41 
4.53 
15.67 
17.06 
4.67 
18.09 
17.71 
16.93 
15.49 
17.71 
18.51 
15.30 
11.92 
17.15 
14.69 
19.44 
19.16 
17.08 
19.83 
15.63 
11.66 
20.93 
20.49 
21.76 
18.59 
18.12 
19.54 
19.36 
11.58 
21.06 
21.47 
20.40 
9.64 
20.02 
21.78 
22.80 
22.76 
23.78 
23.89 
22.63 
17.97 
22.99 
6.54 
15.90 
19.40 
24.49 
22.39 
15.25 
6.80 
6.84 
17.99 
16.63 
24.67 
23.00 
25.64 
18.98 
23.24 
7.17 
26.62 
25.89 
25.48 
26.85 
25.95 
12.62 
19.54 
23.69 
26.71 
28.26 
18.27 
28.71 
21.01 
13.11 
7.68 
7.71 
26.01 
24.40 
26.44 
26.16 
29.37 
20.90 
23.44 
28.67 
29.88 
25.06 
26.94 
16.74 
14.92 
27.04 
27.24 
28.27 
27.12 
30.85 
26.17 
13.89 
8.18 
24.38 
25.74 
11.09 
26.96 
14.32 
30.37 
22.28 
18.57 
14.02 
29.57 
29.92 
26.04 
28.92 
17.44 
16.60 
15.59 
28.94 
17.96 
26.91 
19.31 
18.46 
30.12 
25.89 
11.03 
28.58 
30.60 
29.75 
18.60 
16.90 
11.84 
16.38 
19.24 
29.17 
23.76 
26.10 
8.24 
22.70 
8.88 
23.84 
27.35 
27.32 
27.63 
21.56 
18.35 
21.35 
24.84 
23.80 
24.44 
24.08 
16.36 
7.98 
13.46 
27.27 
28.56 
27.69 
26.81 
27.10 
14.61 
26.84 
24.64 
22.77 
12.98 
11.30 
14.39 
24.54 
29.08 
29.02 
23.72 
18.10 
28.16 
26.30 
12.90 
13.83 
21.39 
26.98 
25.46 
17.50 
26.43 
25.38 
20.51 
21.07 
10.82 
22.99 
22.27 
26.29 
26.04 
24.68 
6.76 
17.32 
6.67 
17.94 
6.58 
9.00 
24.76 
23.58 
24.23 
15.16 
14.33 
23.29 
22.43 
20.67 
6.13 
7.71 
17.84 
14.36 
22.18 
6.76 
17.59 
20.81 
16.81 
19.99 
16.89 
5.59 
5.54 
19.37 
17.85 
13.86 
20.52 
6.81 
19.16 
8.86 
5.15 
10.19 
12.51 
12.29 
16.80 
17.60 
17.60 
15.28 
14.65 
8.92 
4.65 
4.60 
17.83 
16.82 
16.57 
16.81 
16.43 
16.06 
6.92 
15.69 
12.12 
14.73 
11.80 
14.61 
14.26 
15.05 
13.45 
7.03 
7.30 
3.78 
3.74 
3.70 
13.78 
13.55 
12.80 
13.65 
11.74 
3.46 
12.18 
12.49 
5.92 
7.91 
12.60 
12.60 
12.11 
5.07 
4.73 
11.64 
11.16 
9.44 
9.18 
10.83 
11.04 
8.33 
9.96 
9.24 
4.26 
2.85 
10.17 
2.81 
9.42 
9.91 
9.86 
9.99 
10.21 
10.16 
6.93 
8.58 
9.69 
2.64 
8.49 
8.20 
8.79 
9.11 
8.74 
8.03 
6.81 
9.30 
7.05 
8.08 
8.42 
2.57 
9.28 
9.28 
9.89 
9.55 
6.98 
8.97 
8.47 
9.35 
5.29 
9.31 
