20050101
9.96 
9.54 
10.29 
10.42 
2.79 
8.94 
10.73 
10.86 
10.27 
10.13 
11.11 
10.80 
10.95 
11.20 
10.79 
11.24 
11.02 
11.18 
11.35 
11.62 
10.62 
7.22 
3.18 
11.34 
6.27 
7.64 
3.30 
4.57 
12.60 
11.03 
12.59 
13.00 
12.78 
3.55 
11.15 
3.62 
3.66 
3.70 
3.74 
14.53 
13.74 
14.42 
11.11 
3.95 
6.77 
4.03 
12.78 
4.12 
13.95 
16.10 
16.35 
14.53 
15.88 
9.33 
15.01 
17.50 
16.63 
16.38 
9.74 
13.42 
17.92 
7.64 
18.58 
18.18 
16.86 
17.65 
17.77 
16.01 
13.81 
19.79 
20.61 
20.60 
17.68 
19.06 
8.51 
20.29 
21.27 
19.41 
19.81 
5.66 
18.17 
20.61 
22.19 
22.02 
19.63 
17.67 
22.53 
22.35 
22.77 
9.31 
13.76 
19.16 
23.23 
19.05 
15.45 
18.31 
17.00 
6.51 
22.47 
22.25 
19.52 
15.35 
23.95 
25.79 
25.09 
23.12 
12.97 
19.44 
15.01 
23.29 
26.76 
26.69 
15.57 
27.66 
26.77 
16.72 
26.43 
18.96 
23.78 
20.06 
28.03 
27.28 
24.20 
21.61 
14.03 
28.69 
24.42 
27.64 
28.87 
12.72 
25.63 
26.18 
7.79 
11.17 
24.13 
7.86 
13.44 
27.62 
27.15 
23.14 
12.20 
30.47 
29.82 
28.50 
21.26 
29.75 
14.53 
25.57 
13.73 
23.41 
20.21 
24.47 
31.45 
31.13 
28.60 
10.10 
29.65 
23.55 
8.26 
10.31 
19.67 
27.84 
21.73 
16.46 
26.50 
31.78 
27.53 
10.02 
27.20 
13.08 
29.24 
25.33 
26.01 
25.32 
8.32 
8.32 
8.31 
14.26 
20.20 
27.49 
30.20 
30.36 
15.41 
24.56 
30.15 
31.83 
30.46 
17.90 
12.63 
28.37 
25.64 
21.55 
16.46 
8.15 
19.97 
12.68 
8.11 
8.09 
13.13 
8.05 
17.29 
14.41 
7.99 
7.97 
24.91 
27.38 
23.66 
13.57 
28.76 
28.89 
17.32 
13.11 
25.41 
21.03 
16.17 
18.45 
25.87 
20.18 
19.80 
12.16 
8.33 
17.51 
10.40 
7.41 
11.63 
10.61 
11.55 
7.27 
17.96 
27.62 
27.38 
23.10 
24.47 
21.99 
19.19 
15.76 
23.19 
9.91 
20.17 
12.34 
15.28 
6.73 
17.03 
21.80 
23.11 
25.49 
25.08 
21.42 
23.48 
23.07 
22.65 
17.53 
6.24 
21.28 
6.15 
7.60 
22.15 
6.01 
11.58 
22.97 
17.43 
5.82 
5.77 
19.73 
21.05 
9.35 
13.12 
12.75 
16.75 
17.20 
5.39 
5.34 
9.56 
5.24 
12.01 
17.35 
19.25 
17.51 
5.00 
18.72 
18.59 
16.89 
15.34 
4.75 
4.71 
10.15 
17.30 
17.42 
15.79 
17.16 
16.04 
13.83 
4.70 
15.07 
14.59 
14.59 
14.71 
10.59 
4.06 
10.41 
15.29 
14.94 
14.71 
13.24 
12.57 
9.35 
8.60 
10.73 
3.65 
13.38 
12.73 
13.27 
12.64 
12.23 
12.13 
6.83 
10.81 
12.48 
11.67 
9.05 
10.80 
3.21 
3.18 
10.77 
10.99 
11.11 
11.14 
10.39 
10.90 
9.59 
2.97 
10.33 
10.28 
8.53 
9.70 
2.87 
9.79 
10.67 
10.35 
10.49 
9.63 
9.14 
7.11 
9.26 
9.95 
10.11 
9.99 
9.88 
9.86 
9.85 
10.01 
9.56 
8.21 
8.92 
9.45 
9.81 
9.63 
8.04 
9.65 
8.86 
8.60 
2.71 
6.48 
2.72 
3.72 
8.70 
6.55 
2.76 
2.78 
9.91 
10.31 
10.36 
10.03 
10.17 
9.10 
2.89 
2.91 
9.53 
2.95 
8.02 
2.99 
3.02 
8.18 
3.07 
3.10 
3.12 
11.28 
3.18 
3.21 
10.82 
9.27 
10.37 
3.34 
5.76 
4.03 
7.96 
10.57 
12.57 
12.67 
11.58 
3.62 
3.66 
12.97 
14.41 
13.30 
13.29 
13.17 
7.79 
3.95 
12.92 
4.03 
15.25 
15.49 
15.14 
15.38 
12.48 
4.30 
16.61 
15.88 
5.81 
12.12 
11.34 
4.58 
4.63 
17.78 
18.05 
16.49 
17.40 
17.00 
17.52 
17.91 
11.87 
11.28 
15.71 
12.00 
20.19 
19.36 
20.04 
19.06 
19.46 
6.60 
21.27 
17.84 
17.52 
16.47 
22.08 
21.77 
21.90 
21.58 
18.16 
7.58 
22.83 
20.26 
22.02 
19.42 
12.10 
17.95 
20.33 
11.23 
20.68 
9.51 
22.58 
18.33 
12.48 
6.60 
12.14 
20.86 
24.11 
18.82 
24.30 
22.32 
6.90 
10.14 
25.94 
26.19 
20.30 
22.31 
24.66 
24.41 
7.21 
7.25 
20.38 
23.06 
21.48 
25.16 
23.75 
26.29 
20.72 
7.52 
18.67 
22.71 
20.76 
7.64 
7.67 
28.75 
17.94 
9.43 
22.04 
26.78 
27.16 
24.51 
22.53 
17.01 
7.94 
7.96 
7.98 
25.06 
23.91 
15.65 
8.06 
8.08 
11.49 
29.97 
27.12 
21.72 
10.37 
24.30 
9.21 
12.79 
17.56 
21.31 
14.19 
26.95 
28.49 
25.78 
26.13 
23.76 
11.86 
8.30 
29.05 
29.91 
26.85 
30.77 
23.80 
9.51 
8.32 
20.23 
14.10 
22.26 
13.59 
15.46 
19.87 
23.94 
14.25 
10.00 
22.05 
13.21 
22.03 
22.70 
18.27 
22.50 
30.46 
17.73 
9.07 
8.21 
8.71 
23.92 
22.55 
11.54 
8.14 
19.78 
17.39 
16.19 
8.07 
11.08 
23.69 
30.06 
25.14 
9.15 
16.68 
7.92 
7.90 
7.88 
7.85 
8.66 
16.15 
9.28 
23.91 
22.53 
11.85 
12.97 
9.62 
21.84 
19.31 
12.82 
8.83 
7.48 
8.92 
7.41 
7.38 
7.34 
28.34 
15.25 
16.33 
17.73 
23.66 
17.29 
24.15 
11.39 
25.60 
13.84 
6.93 
14.20 
24.45 
15.35 
18.12 
6.73 
20.32 
17.73 
6.60 
7.18 
17.80 
20.19 
23.02 
8.83 
17.47 
21.33 
23.05 
23.84 
21.62 
21.06 
6.35 
16.69 
17.93 
20.47 
20.51 
14.42 
17.96 
20.88 
20.62 
19.21 
10.70 
8.22 
21.82 
14.96 
20.44 
19.34 
13.01 
17.58 
17.60 
18.70 
17.50 
14.43 
11.93 
14.88 
7.14 
7.34 
15.86 
16.00 
14.47 
4.66 
4.61 
4.56 
10.53 
15.91 
12.09 
14.94 
4.33 
4.29 
15.07 
16.50 
4.15 
12.83 
7.93 
6.46 
14.71 
14.48 
11.29 
14.82 
14.48 
13.03 
12.59 
12.82 
13.59 
13.70 
12.95 
13.06 
11.58 
7.37 
12.03 
9.96 
12.57 
11.76 
12.59 
7.12 
3.24 
9.92 
8.16 
3.15 
8.43 
5.25 
3.65 
3.62 
3.02 
7.87 
6.59 
11.28 
11.22 
10.22 
11.10 
11.24 
10.44 
9.29 
8.97 
2.80 
9.17 
2.78 
10.29 
9.44 
4.00 
2.73 
10.08 
9.17 
10.49 
10.12 
10.19 
8.40 
7.06 
7.23 
6.25 
10.08 
8.57 
8.21 
2.69 
5.38 
9.76 
10.05 
6.12 
2.72 
2.73 
7.70 
9.26 
9.11 
7.23 
7.90 
10.59 
10.54 
10.31 
9.71 
7.71 
10.83 
10.61 
10.67 
7.98 
6.31 
11.43 
11.30 
11.38 
5.70 
9.37 
11.70 
4.44 
11.66 
3.21 
3.24 
12.02 
11.80 
12.40 
11.98 
12.39 
13.43 
12.90 
12.04 
12.99 
11.58 
12.55 
13.20 
3.70 
9.19 
14.19 
14.76 
13.74 
11.57 
11.78 
15.24 
13.38 
13.02 
14.55 
13.59 
13.10 
13.09 
4.30 
15.63 
15.14 
10.78 
4.49 
4.54 
4.58 
4.63 
4.68 
12.36 
4.78 
4.83 
19.11 
18.98 
19.65 
18.17 
13.31 
19.92 
19.65 
18.13 
14.80 
12.82 
14.87 
11.18 
17.05 
5.52 
5.56 
5.61 
17.05 
5.71 
5.76 
21.31 
21.14 
21.85 
22.12 
21.49 
15.02 
6.10 
17.76 
20.43 
23.88 
24.45 
23.03 
6.38 
20.16 
24.44 
24.70 
18.10 
22.41 
6.64 
13.15 
24.27 
25.79 
14.44 
20.57 
25.60 
18.48 
13.41 
26.83 
24.98 
21.83 
9.57 
25.71 
26.28 
25.87 
22.99 
24.54 
21.98 
16.61 
27.37 
20.67 
27.01 
24.42 
27.63 
27.86 
24.59 
10.48 
27.03 
24.58 
14.26 
29.53 
26.23 
28.96 
9.01 
27.53 
29.26 
29.97 
30.02 
20.10 
26.55 
8.00 
13.94 
21.57 
29.21 
29.24 
27.41 
29.64 
28.98 
14.76 
8.16 
8.18 
8.19 
9.05 
28.43 
30.48 
19.29 
20.49 
23.56 
26.63 
27.66 
22.91 
10.33 
8.30 
25.82 
28.21 
24.13 
21.58 
8.32 
8.32 
8.32 
26.01 
10.87 
9.85 
20.22 
23.78 
28.03 
8.31 
24.62 
8.30 
8.30 
27.30 
22.54 
8.27 
25.57 
21.65 
13.67 
22.13 
14.83 
19.56 
28.01 
25.95 
8.17 
11.03 
8.14 
8.12 
21.61 
15.01 
17.51 
27.09 
10.22 
18.11 
11.69 
19.90 
12.65 
27.55 
8.40 
8.88 
7.85 
7.83 
7.80 
9.28 
26.40 
21.70 
16.00 
7.66 
7.63 
7.60 
7.57 
21.07 
24.65 
15.70 
24.85 
19.22 
28.33 
27.11 
22.96 
10.04 
19.58 
23.57 
22.53 
14.87 
23.35 
20.70 
24.79 
23.91 
21.12 
6.89 
18.11 
9.97 
22.38 
23.23 
22.36 
19.61 
14.07 
15.56 
23.22 
20.50 
21.48 
22.45 
22.96 
21.94 
19.11 
17.05 
14.86 
6.10 
6.06 
17.58 
5.96 
5.92 
8.36 
19.67 
21.15 
21.75 
17.46 
20.21 
18.67 
18.13 
5.48 
11.46 
13.75 
11.30 
10.67 
5.24 
16.37 
14.63 
12.37 
6.12 
5.00 
15.94 
17.67 
7.47 
8.57 
5.92 
17.30 
8.36 
17.80 
18.05 
16.41 
13.05 
14.93 
17.14 
15.67 
15.31 
14.83 
4.32 
5.34 
9.18 
4.06 
4.95 
14.14 
12.53 
5.83 
14.37 
14.25 
12.25 
14.03 
11.06 
7.80 
3.62 
3.58 
12.63 
13.07 
12.65 
8.57 
3.40 
4.19 
3.33 
5.75 
11.08 
12.21 
10.12 
10.35 
9.38 
10.70 
3.09 
11.04 
3.04 
5.52 
10.55 
10.68 
8.06 
11.31 
9.10 
2.89 
9.93 
10.81 
9.47 
8.15 
10.12 
10.27 
8.50 
2.76 
2.75 
9.68 
7.50 
9.37 
9.35 
9.86 
8.33 
7.96 
8.76 
8.75 
8.48 
3.40 
2.69 
9.37 
2.69 
2.69 
2.70 
2.70 
6.56 
9.17 
10.36 
10.11 
10.50 
9.45 
10.20 
7.96 
8.27 
8.39 
9.16 
9.20 
8.88 
3.05 
8.12 
10.33 
9.25 
2.95 
8.50 
11.04 
3.02 
3.04 
3.07 
5.15 
3.12 
6.03 
11.96 
11.85 
7.28 
12.12 
10.88 
9.72 
12.50 
12.80 
12.80 
12.16 
12.46 
13.21 
12.23 
12.66 
13.53 
14.30 
14.41 
13.19 
13.97 
14.20 
15.00 
14.54 
14.89 
14.90 
15.72 
14.78 
12.04 
14.06 
14.66 
12.58 
14.77 
16.62 
6.56 
12.62 
17.39 
17.52 
16.76 
17.78 
4.73 
15.97 
18.58 
17.66 
17.52 
19.38 
18.58 
5.07 
15.17 
16.92 
10.30 
5.27 
21.02 
15.15 
20.45 
17.89 
15.88 
8.28 
19.67 
13.59 
5.71 
5.76 
21.02 
22.31 
20.96 
21.82 
21.64 
6.05 
6.10 
22.74 
17.55 
11.26 
23.69 
23.80 
22.68 
15.99 
10.34 
6.51 
6.56 
19.28 
6.64 
17.71 
12.10 
25.00 
23.50 
19.13 
18.57 
20.72 
21.44 
8.63 
7.06 
7.90 
17.36 
24.41 
23.02 
19.66 
25.12 
26.67 
23.29 
22.70 
23.25 
12.41 
8.98 
7.52 
27.97 
27.03 
22.76 
7.64 
22.03 
7.70 
29.14 
9.60 
7.79 
25.77 
18.25 
25.18 
16.81 
7.91 
27.82 
24.83 
17.10 
28.27 
24.75 
19.37 
28.03 
26.70 
18.43 
25.23 
30.17 
27.65 
28.52 
20.06 
24.15 
24.34 
8.22 
24.54 
21.66 
23.21 
14.21 
27.14 
27.15 
24.78 
24.28 
19.69 
8.30 
8.31 
20.05 
15.12 
9.85 
12.40 
18.53 
12.40 
26.01 
19.88 
18.01 
17.50 
8.31 
8.31 
8.99 
12.38 
8.30 
8.29 
8.28 
21.34 
24.55 
11.65 
8.24 
30.78 
19.41 
8.21 
12.94 
13.60 
8.17 
29.12 
29.60 
8.12 
23.98 
25.80 
24.93 
11.59 
23.02 
22.82 
21.11 
28.30 
24.91 
17.99 
11.42 
24.12 
10.03 
18.36 
7.80 
13.78 
11.58 
16.21 
25.14 
27.91 
17.58 
22.50 
11.04 
17.44 
15.09 
21.46 
7.44 
7.41 
20.14 
7.34 
7.31 
25.17 
24.45 
8.01 
21.07 
22.78 
20.61 
7.05 
25.76 
24.71 
19.21 
18.18 
15.89 
13.92 
13.55 
7.51 
7.94 
24.45 
25.75 
24.10 
17.34 
18.65 
24.40 
10.82 
6.33 
11.45 
6.24 
21.88 
23.57 
23.01 
9.19 
19.51 
21.03 
11.36 
15.97 
17.48 
6.93 
19.44 
7.11 
17.78 
9.71 
5.53 
16.33 
20.43 
13.33 
14.07 
9.29 
17.31 
16.37 
15.58 
11.43 
5.04 
5.00 
18.99 
15.70 
18.72 
5.84 
18.72 
18.32 
17.68 
13.11 
16.66 
16.41 
15.17 
13.20 
9.04 
16.28 
7.56 
5.20 
4.20 
16.49 
16.01 
15.77 
15.65 
14.60 
11.73 
3.89 
10.86 
14.81 
13.69 
13.92 
14.14 
12.39 
12.40 
12.52 
12.31 
3.50 
12.75 
10.98 
5.27 
3.37 
11.55 
7.79 
12.40 
11.10 
11.92 
11.04 
11.76 
11.38 
11.90 
10.75 
3.04 
7.92 
11.22 
8.30 
11.09 
7.07 
10.79 
9.98 
9.84 
10.07 
2.83 
10.17 
10.31 
8.72 
6.87 
5.30 
2.75 
3.46 
7.86 
6.85 
10.24 
9.06 
9.31 
7.78 
10.09 
9.55 
9.46 
9.45 
8.12 
9.72 
9.64 
9.38 
10.02 
8.78 
4.68 
4.06 
10.09 
10.20 
10.50 
9.96 
7.64 
8.30 
8.42 
9.91 
10.22 
10.08 
5.88 
11.01 
10.31 
11.11 
11.27 
10.19 
11.20 
9.83 
7.69 
3.02 
10.89 
10.38 
6.92 
7.76 
9.90 
11.86 
11.95 
12.33 
12.42 
10.88 
10.65 
9.39 
8.31 
10.80 
8.66 
9.91 
11.38 
8.45 
12.11 
10.46 
12.86 
10.19 
12.96 
11.04 
13.86 
3.90 
12.01 
13.04 
15.48 
14.08 
4.12 
4.17 
8.78 
15.87 
12.58 
15.63 
7.61 
11.78 
16.50 
14.74 
14.86 
15.99 
15.99 
7.96 
11.80 
4.83 
17.66 
18.45 
17.91 
17.23 
15.60 
15.98 
10.63 
10.85 
18.67 
19.07 
13.05 
19.74 
17.61 
16.73 
18.98 
17.66 
5.66 
21.21 
18.71 
20.43 
22.75 
20.81 
20.78 
21.49 
9.19 
15.11 
21.68 
24.06 
20.53 
19.41 
20.89 
24.53 
24.64 
23.66 
22.53 
22.78 
18.97 
10.57 
15.67 
20.32 
20.56 
23.82 
23.75 
23.36 
6.94 
6.98 
24.42 
27.41 
25.39 
7.13 
17.74 
27.09 
27.17 
27.25 
21.26 
18.03 
23.35 
11.21 
24.96 
28.33 
25.09 
26.31 
26.70 
25.92 
25.48 
15.02 
20.40 
17.77 
28.86 
28.41 
7.81 
7.84 
19.46 
29.26 
28.46 
24.28 
28.87 
9.67 
29.96 
29.82 
24.62 
24.31 
26.87 
21.48 
8.12 
26.78 
30.53 
31.91 
25.32 
30.77 
30.79 
24.18 
29.80 
8.24 
19.13 
8.26 
29.18 
31.40 
29.37 
30.40 
25.47 
29.56 
22.43 
8.31 
12.91 
8.32 
17.33 
29.75 
14.95 
31.45 
25.32 
28.72 
26.50 
20.21 
19.02 
28.86 
31.06 
30.20 
26.12 
30.52 
27.79 
17.26 
13.17 
8.24 
21.12 
8.22 
30.06 
24.11 
14.78 
19.67 
8.15 
26.39 
23.33 
10.30 
8.09 
26.62 
19.00 
25.71 
23.66 
7.99 
10.32 
20.71 
26.38 
26.51 
13.57 
16.05 
7.83 
7.80 
13.44 
7.75 
26.52 
22.98 
12.14 
9.46 
9.26 
12.53 
12.99 
7.51 
20.15 
26.50 
27.74 
25.71 
23.52 
21.82 
7.27 
10.00 
13.36 
7.16 
25.20 
8.70 
21.18 
21.59 
6.97 
6.93 
16.59 
16.68 
22.78 
20.96 
21.82 
20.47 
21.80 
8.00 
11.83 
6.51 
6.47 
6.42 
6.38 
10.76 
22.70 
15.02 
22.93 
23.57 
20.17 
19.46 
21.44 
12.91 
15.92 
5.87 
5.82 
16.36 
21.61 
21.34 
17.35 
12.41 
6.52 
5.48 
5.43 
18.49 
5.34 
5.29 
17.44 
19.78 
20.19 
19.25 
18.72 
17.92 
10.25 
8.32 
14.93 
12.35 
4.75 
15.50 
17.42 
17.68 
15.02 
12.16 
17.16 
8.38 
16.78 
15.43 
15.55 
15.79 
13.16 
12.46 
5.29 
15.54 
12.74 
9.40 
12.08 
3.89 
12.33 
3.81 
14.59 
14.14 
12.71 
12.06 
7.09 
4.65 
3.54 
3.50 
5.90 
4.27 
3.40 
8.02 
12.37 
12.39 
10.67 
11.91 
11.42 
11.54 
11.96 
10.89 
10.14 
9.78 
7.59 
3.31 
2.99 
8.97 
5.03 
6.79 
9.66 
8.02 
9.10 
10.26 
4.77 
10.44 
9.21 
2.79 
9.32 
2.76 
2.75 
5.36 
7.41 
8.65 
8.18 
9.78 
9.85 
10.10 
9.91 
10.08 
9.90 
9.81 
8.74 
3.85 
2.69 
8.93 
4.48 
9.67 
8.08 
7.29 
9.37 
8.94 
5.81 
2.75 
2.76 
10.24 
10.09 
9.95 
9.44 
2.83 
9.52 
6.78 
8.31 
10.70 
10.95 
9.78 
10.79 
7.59 
9.18 
7.50 
3.07 
3.10 
10.12 
11.68 
11.76 
10.94 
12.03 
11.10 
11.19 
10.76 
12.60 
12.39 
13.22 
7.71 
9.80 
12.46 
12.56 
7.21 
3.66 
3.70 
9.97 
6.69 
9.80 
5.45 
13.40 
13.74 
5.73 
15.60 
12.67 
15.61 
11.44 
15.98 
12.97 
15.02 
13.91 
13.78 
4.44 
4.49 
4.54 
4.58 
4.63 
8.66 
16.11 
4.78 
4.83 
17.13 
11.42 
4.97 
7.17 
19.25 
19.52 
10.91 
19.09 
17.70 
5.32 
20.18 
19.60 
20.29 
5.52 
5.56 
11.35 
14.31 
9.62 
18.28 
8.00 
20.26 
21.70 
20.93 
22.53 
6.05 
6.10 
12.78 
23.31 
24.03 
18.34 
21.65 
16.84 
24.18 
22.27 
21.13 
6.56 
24.13 
6.64 
17.08 
25.38 
18.50 
6.81 
18.97 
6.90 
14.47 
6.98 
15.23 
7.06 
9.52 
25.31 
25.88 
11.12 
16.23 
25.78 
26.50 
27.89 
28.29 
27.37 
26.62 
13.44 
22.93 
18.17 
29.19 
26.09 
21.64 
22.36 
28.25 
27.13 
28.19 
27.23 
7.81 
24.13 
7.86 
10.08 
20.88 
29.51 
28.71 
18.95 
27.59 
27.63 
28.00 
30.23 
20.78 
8.10 
13.88 
27.63 
26.63 
17.49 
18.70 
12.95 
26.54 
28.43 
26.58 
25.06 
24.06 
21.18 
24.42 
12.70 
11.69 
22.92 
11.19 
25.48 
25.49 
21.92 
8.32 
10.53 
26.01 
30.26 
17.51 
25.67 
28.89 
29.57 
23.44 
23.10 
17.15 
21.22 
18.32 
8.30 
8.29 
28.14 
28.47 
22.52 
30.81 
30.46 
12.13 
29.91 
13.46 
8.20 
8.18 
8.17 
8.15 
8.14 
8.12 
19.75 
20.41 
22.57 
8.05 
24.70 
26.86 
22.12 
26.12 
27.09 
23.86 
7.90 
19.43 
21.24 
16.18 
7.80 
9.44 
18.24 
17.37 
13.84 
9.32 
25.20 
26.64 
12.20 
22.72 
7.51 
19.32 
7.44 
21.18 
7.38 
23.68 
28.02 
25.99 
21.04 
7.20 
8.94 
13.26 
7.09 
25.20 
22.87 
18.32 
25.26 
25.17 
17.47 
25.62 
23.16 
21.50 
12.33 
13.36 
18.43 
7.33 
17.50 
18.49 
18.87 
6.38 
16.10 
13.73 
23.20 
23.39 
22.97 
22.41 
19.91 
8.53 
5.96 
5.92 
7.62 
9.61 
5.77 
6.74 
22.06 
21.79 
18.39 
17.28 
20.55 
20.85 
20.16 
18.78 
18.11 
8.67 
13.51 
18.97 
19.38 
18.31 
16.19 
12.63 
12.40 
4.85 
4.80 
18.33 
16.78 
16.15 
17.93 
17.55 
16.29 
4.47 
4.42 
4.38 
4.33 
4.29 
4.24 
4.20 
4.15 
15.89 
13.78 
14.13 
14.48 
15.17 
14.94 
13.69 
14.25 
14.36 
13.70 
14.03 
13.15 
10.34 
11.87 
13.49 
10.20 
11.17 
10.67 
9.85 
13.19 
8.37 
11.88 
11.38 
9.08 
3.21 
8.35 
8.69 
10.20 
11.31 
8.32 
11.07 
10.81 
5.67 
10.68 
10.52 
2.93 
2.91 
2.89 
9.38 
10.16 
8.46 
9.43 
9.85 
9.99 
9.59 
7.11 
9.44 
10.13 
3.63 
8.20 
10.15 
9.69 
9.40 
9.48 
7.24 
9.19 
8.83 
7.76 
9.36 
9.37 
9.91 
7.33 
9.93 
9.23 
9.69 
8.81 
9.10 
10.20 
10.23 
7.73 
6.30 
8.96 
10.55 
10.50 
9.81 
5.23 
11.01 
9.85 
10.93 
10.70 
9.91 
10.92 
11.17 
11.24 
11.30 
11.28 
11.55 
11.43 
11.21 
10.79 
11.66 
11.24 
12.44 
12.22 
5.66 
11.48 
13.12 
13.12 
13.43 
11.84 
11.51 
11.60 
8.45 
8.30 
13.97 
6.68 
13.52 
7.59 
3.82 
14.99 
8.48 
6.48 
14.89 
12.91 
8.19 
11.82 
13.83 
14.18 
4.86 
4.30 
4.35 
4.40 
14.39 
14.63 
4.54 
8.39 
16.12 
17.53 
17.92 
18.57 
18.05 
16.34 
15.80 
19.38 
19.38 
19.79 
19.52 
17.46 
15.25 
15.35 
8.51 
19.76 
20.45 
19.87 
13.61 
15.55 
8.48 
18.35 
21.65 
18.28 
22.48 
20.99 
20.81 
23.01 
21.94 
22.05 
21.72 
17.16 
6.19 
21.90 
24.15 
23.65 
19.14 
15.68 
17.31 
24.39 
21.38 
22.57 
25.65 
23.70 
21.43 
23.73 
25.09 
24.71 
24.00 
26.49 
24.82 
19.26 
7.06 
17.62 
21.25 
26.20 
12.10 
22.60 
27.90 
22.40 
12.12 
15.95 
22.76 
28.43 
24.03 
7.52 
19.17 
28.03 
27.59 
12.98 
16.18 
19.23 
22.95 
29.36 
28.74 
29.12 
27.32 
28.54 
17.82 
16.16 
23.95 
14.87 
27.73 
28.78 
25.60 
24.11 
27.69 
16.71 
26.39 
26.08 
11.01 
21.04 
24.79 
28.54 
28.39 
27.22 
20.79 
27.94 
12.83 
22.87 
29.17 
26.97 
18.65 
22.57 
30.57 
29.56 
22.59 
14.94 
8.31 
25.49 
27.54 
23.12 
25.50 
26.01 
8.32 
8.32 
16.48 
30.41 
28.37 
24.62 
24.28 
8.30 
11.18 
8.29 
8.28 
26.60 
26.25 
13.68 
16.21 
29.42 
31.10 
31.08 
18.02 
19.52 
11.21 
18.47 
8.14 
14.03 
22.62 
8.09 
8.07 
10.41 
9.55 
11.38 
7.99 
9.99 
7.95 
14.80 
28.18 
15.91 
13.71 
7.83 
25.00 
26.95 
20.07 
21.70 
25.47 
24.26 
14.43 
16.71 
13.19 
20.91 
7.51 
21.63 
22.55 
20.20 
7.38 
8.98 
7.31 
25.17 
10.00 
23.73 
20.59 
24.87 
25.44 
23.59 
20.47 
19.28 
6.93 
9.59 
16.68 
21.20 
16.70 
11.13 
6.68 
17.58 
23.73 
9.04 
22.29 
21.42 
19.48 
14.49 
10.91 
21.33 
6.24 
18.71 
6.15 
6.10 
9.93 
13.87 
12.17 
14.74 
20.07 
22.73 
22.46 
21.61 
22.06 
19.93 
19.52 
16.57 
16.89 
13.42 
5.39 
18.51 
20.32 
19.50 
19.92 
19.65 
13.59 
16.04 
18.32 
17.53 
8.98 
4.85 
4.80 
4.75 
6.89 
13.34 
12.60 
16.41 
17.54 
16.91 
15.79 
8.92 
4.33 
10.46 
4.24 
4.20 
16.02 
15.54 
4.06 
12.86 
12.75 
10.13 
3.89 
3.85 
3.81 
4.77 
4.62 
3.69 
3.65 
7.63 
7.24 
7.61 
13.07 
12.97 
8.78 
12.04 
12.88 
12.58 
8.20 
3.27 
3.24 
8.12 
12.54 
11.66 
10.01 
8.77 
11.62 
3.04 
8.11 
5.48 
9.44 
7.97 
2.93 
10.50 
9.14 
2.87 
10.44 
2.83 
2.82 
2.80 
7.26 
10.59 
9.38 
10.25 
9.50 
9.12 
2.72 
10.33 
9.95 
10.21 
9.48 
9.38 
9.37 
8.57 
10.17 
9.90 
9.01 
9.64 
9.29 
7.78 
6.19 
8.26 
2.72 
2.72 
8.40 
9.51 
8.72 
10.02 
10.33 
10.09 
2.80 
2.82 
7.54 
9.62 
8.73 
11.02 
9.86 
10.57 
10.82 
7.83 
2.99 
3.02 
3.04 
3.07 
3.10 
10.91 
11.98 
11.56 
11.95 
12.03 
11.92 
11.19 
3.34 
11.98 
3.40 
10.59 
13.11 
13.00 
12.56 
12.02 
10.70 
13.31 
14.08 
14.30 
10.95 
14.53 
14.08 
3.90 
10.51 
12.34 
13.50 
15.61 
15.85 
16.10 
15.86 
14.05 
13.32 
4.35 
16.74 
8.05 
15.13 
16.38 
13.46 
13.18 
11.23 
4.73 
4.78 
4.83 
6.98 
4.92 
18.98 
19.11 
15.06 
17.07 
19.79 
19.78 
19.08 
18.93 
20.04 
13.98 
14.22 
5.52 
17.55 
8.34 
18.78 
12.23 
7.80 
20.43 
22.75 
22.44 
19.74 
22.38 
20.71 
21.12 
21.98 
23.31 
17.95 
6.28 
23.95 
24.83 
23.71 
24.59 
23.77 
24.65 
20.22 
18.58 
20.39 
24.59 
25.16 
25.25 
18.33 
25.92 
23.29 
6.98 
7.02 
7.06 
7.10 
19.30 
7.17 
7.21 
27.01 
26.59 
25.03 
23.45 
23.52 
21.27 
12.08 
26.02 
25.75 
26.14 
28.03 
26.26 
18.98 
26.53 
18.06 
21.62 
7.76 
18.68 
18.72 
25.81 
28.21 
28.75 
28.80 
26.81 
19.26 
11.86 
8.00 
18.84 
26.64 
27.86 
19.76 
29.95 
26.92 
27.29 
8.15 
31.41 
21.08 
13.96 
21.79 
10.60 
26.58 
28.97 
8.25 
21.18 
27.48 
15.25 
24.10 
31.59 
22.24 
13.41 
22.08 
24.81 
28.04 
27.54 
12.74 
14.95 
13.59 
19.88 
11.89 
8.32 
8.32 
8.31 
9.50 
19.18 
8.30 
8.30 
30.02 
24.07 
31.69 
30.32 
14.19 
8.24 
8.23 
11.10 
8.21 
8.20 
24.43 
19.84 
26.59 
14.39 
28.39 
29.38 
27.15 
23.75 
17.66 
8.03 
8.01 
7.99 
26.45 
25.41 
16.82 
8.24 
7.88 
8.35 
7.83 
30.01 
11.94 
7.75 
7.72 
28.80 
16.46 
27.36 
17.53 
22.28 
18.27 
7.51 
27.88 
23.38 
7.41 
22.93 
24.82 
7.31 
25.99 
23.80 
8.33 
7.16 
25.04 
14.01 
24.88 
26.88 
22.63 
24.94 
22.63 
15.57 
8.55 
21.59 
23.23 
9.66 
6.64 
6.60 
6.55 
24.61 
25.28 
24.71 
10.97 
17.93 
22.09 
16.99 
12.98 
9.45 
21.36 
18.72 
23.81 
21.62 
22.53 
21.68 
22.87 
19.70 
17.28 
7.98 
13.49 
17.39 
10.63 
6.33 
20.57 
14.72 
21.14 
20.59 
20.32 
19.78 
16.26 
18.98 
14.56 
18.19 
16.60 
14.25 
4.85 
16.51 
18.07 
15.63 
15.13 
17.80 
12.76 
5.14 
10.57 
16.53 
15.18 
14.21 
13.49 
4.24 
15.91 
15.07 
15.19 
13.08 
4.02 
12.41 
14.71 
10.04 
14.48 
13.58 
13.47 
8.82 
3.69 
3.65 
13.27 
13.38 
12.10 
12.75 
8.64 
3.43 
12.35 
12.57 
12.89 
12.08 
10.57 
8.78 
11.62 
4.87 
11.46 
10.50 
8.28 
3.07 
11.16 
10.42 
3.76 
10.49 
8.35 
10.94 
10.13 
10.64 
2.87 
2.85 
10.67 
8.05 
10.31 
2.79 
7.78 
10.38 
10.35 
5.45 
6.33 
2.72 
2.72 
2.71 
2.70 
2.70 
10.27 
9.28 
2.69 
2.69 
9.63 
8.74 
10.35 
8.31 
9.75 
7.80 
2.71 
2.72 
9.91 
10.29 
8.79 
10.41 
10.44 
10.02 
9.78 
10.18 
9.31 
8.70 
9.66 
10.64 
2.87 
4.29 
5.16 
2.93 
5.60 
5.45 
10.47 
11.11 
8.37 
6.97 
3.10 
8.35 
8.11 
3.18 
11.85 
10.72 
10.90 
3.30 
3.34 
3.37 
3.40 
3.44 
12.05 
12.36 
3.55 
13.74 
3.62 
13.42 
12.53 
13.52 
11.62 
6.19 
4.66 
13.74 
11.66 
5.15 
14.90 
6.78 
4.12 
13.23 
15.74 
15.26 
10.27 
16.61 
15.38 
4.44 
4.49 
14.49 
15.24 
9.74 
17.66 
8.74 
16.10 
18.58 
13.57 
4.92 
14.44 
15.36 
13.17 
19.92 
15.41 
5.22 
19.91 
14.90 
14.03 
11.74 
12.10 
14.32 
7.70 
17.80 
16.04 
19.91 
18.57 
22.48 
20.55 
16.68 
18.85 
21.19 
12.33 
18.41 
6.14 
21.19 
21.90 
20.79 
6.33 
17.30 
24.02 
21.81 
22.53 
22.16 
22.88 
25.80 
23.39 
20.00 
25.16 
22.55 
23.59 
22.24 
25.53 
6.98 
23.93 
20.62 
7.10 
7.13 
22.95 
27.26 
21.95 
23.98 
17.32 
27.40 
28.13 
26.22 
22.82 
22.38 
25.09 
24.15 
19.22 
19.43 
9.81 
8.68 
29.26 
29.14 
28.36 
17.51 
29.12 
25.31 
22.15 
9.74 
11.28 
21.08 
29.04 
21.15 
24.05 
20.36 
18.36 
26.50 
8.08 
8.10 
12.01 
29.49 
29.69 
25.98 
22.26 
8.19 
25.86 
8.22 
8.23 
8.24 
8.25 
8.26 
8.27 
16.78 
20.87 
27.85 
24.11 
20.72 
22.94 
8.31 
17.33 
23.80 
29.41 
8.32 
16.99 
8.32 
29.06 
13.25 
8.32 
24.63 
21.90 
8.31 
8.30 
8.30 
8.29 
32.22 
30.67 
24.04 
31.49 
27.91 
19.59 
8.22 
8.21 
8.20 
9.71 
28.47 
25.74 
17.94 
8.12 
30.22 
29.69 
8.07 
12.26 
23.86 
25.85 
14.38 
26.12 
30.11 
25.87 
7.90 
7.88 
29.43 
8.83 
25.00 
21.12 
11.41 
19.20 
27.13 
23.26 
28.35 
17.37 
11.37 
21.73 
28.11 
24.26 
7.44 
18.07 
21.13 
20.90 
7.31 
7.27 
26.56 
25.51 
25.76 
15.03 
13.85 
7.05 
20.95 
19.76 
26.06 
23.58 
6.85 
6.81 
26.00 
24.33 
25.49 
23.83 
22.33 
11.68 
6.51 
20.96 
17.02 
20.62 
6.33 
13.13 
21.83 
20.97 
12.31 
6.10 
20.21 
20.10 
11.87 
5.92 
5.87 
9.61 
17.67 
18.43 
5.68 
5.63 
19.81 
20.96 
20.41 
17.76 
9.85 
5.34 
5.29 
10.18 
20.05 
17.89 
11.43 
12.15 
9.39 
16.21 
15.43 
7.08 
15.99 
17.94 
12.41 
4.66 
5.50 
17.55 
16.16 
14.67 
9.74 
10.15 
15.55 
14.10 
10.14 
15.31 
14.83 
14.48 
14.83 
10.88 
7.44 
15.17 
13.00 
4.98 
3.81 
3.77 
14.58 
14.36 
4.09 
12.51 
13.38 
9.32 
3.82 
12.44 
12.55 
12.77 
4.19 
11.24 
12.08 
11.79 
12.11 
11.72 
11.44 
11.46 
10.60 
11.02 
9.68 
3.04 
11.29 
10.84 
10.68 
11.00 
10.65 
10.88 
9.80 
10.21 
10.44 
10.03 
10.35 
9.03 
6.53 
3.78 
9.47 
7.00 
9.95 
10.38 
9.37 
9.35 
9.51 
7.62 
3.68 
9.56 
10.08 
9.81 
8.92 
7.41 
9.99 
6.08 
5.64 
10.28 
8.15 
10.49 
9.71 
10.09 
9.93 
9.69 
8.72 
10.38 
8.23 
10.46 
2.80 
4.66 
9.76 
10.45 
10.41 
9.71 
10.61 
10.10 
10.25 
10.03 
6.16 
8.32 
9.92 
5.70 
11.82 
11.31 
10.19 
6.57 
3.21 
12.33 
11.41 
10.78 
11.58 
7.83 
12.18 
3.44 
3.47 
12.14 
13.21 
11.80 
8.19 
7.28 
3.70 
11.74 
14.75 
14.08 
11.58 
12.48 
4.64 
9.21 
4.03 
8.43 
10.64 
6.07 
15.02 
4.26 
4.30 
4.35 
4.40 
4.44 
4.49 
4.54 
17.77 
4.63 
16.76 
16.37 
4.78 
18.58 
17.66 
18.71 
16.04 
14.82 
16.41 
15.58 
10.22 
16.62 
19.22 
20.74 
16.68 
17.50 
10.83 
15.59 
7.99 
21.82 
21.09 
21.50 
17.70 
17.51 
16.58 
18.45 
5.95 
12.55 
22.35 
21.72 
6.14 
20.73 
17.64 
24.15 
23.49 
23.76 
23.09 
22.27 
19.88 
21.84 
6.60 
9.31 
18.97 
21.74 
17.87 
9.04 
6.86 
10.41 
11.91 
9.87 
21.03 
23.85 
25.23 
21.41 
16.28 
19.92 
21.62 
25.78 
25.85 
25.26 
25.66 
19.79 
23.15 
21.88 
28.07 
27.80 
20.88 
26.92 
22.31 
8.18 
9.37 
7.73 
27.18 
28.24 
22.58 
26.32 
28.54 
21.18 
26.10 
20.07 
28.71 
22.33 
26.75 
23.91 
8.04 
23.12 
29.41 
25.71 
29.30 
29.49 
25.11 
14.95 
11.40 
16.68 
27.73 
17.22 
27.94 
10.45 
31.02 
22.03 
28.16 
18.99 
29.71 
31.08 
24.11 
27.18 
16.30 
14.10 
8.32 
24.82 
8.32 
22.10 
14.44 
18.69 
30.93 
27.87 
8.32 
22.42 
28.02 
30.73 
25.80 
26.64 
8.29 
8.28 
9.12 
10.64 
18.26 
8.24 
8.23 
17.54 
15.32 
29.19 
27.31 
30.16 
26.92 
26.56 
24.85 
12.16 
8.09 
18.19 
26.25 
27.74 
14.24 
7.99 
7.97 
9.63 
27.05 
27.34 
26.97 
25.42 
17.85 
7.80 
10.78 
18.08 
21.36 
11.35 
7.66 
18.08 
26.97 
26.25 
23.71 
23.99 
27.88 
27.81 
22.99 
8.69 
26.29 
25.73 
23.22 
21.20 
19.52 
23.66 
23.10 
14.17 
7.05 
15.98 
18.80 
26.70 
25.97 
24.92 
6.81 
6.77 
6.73 
9.66 
6.64 
6.60 
25.49 
25.39 
22.50 
6.42 
13.88 
22.50 
21.94 
19.72 
8.46 
6.15 
17.32 
7.99 
23.22 
12.61 
12.39 
22.27 
18.06 
17.23 
5.72 
5.68 
5.63 
16.25 
6.52 
5.48 
19.17 
5.39 
16.98 
9.56 
5.24 
15.28 
5.14 
5.09 
17.91 
18.06 
13.29 
4.90 
4.85 
4.80 
7.47 
4.71 
18.19 
18.06 
16.79 
16.79 
15.67 
14.31 
4.38 
4.33 
5.38 
4.24 
4.20 
4.15 
4.11 
15.65 
14.83 
11.48 
7.83 
3.89 
3.85 
3.81 
14.70 
14.36 
11.83 
13.59 
13.81 
4.44 
11.99 
13.38 
12.02 
6.79 
12.56 
12.88 
12.27 
6.46 
10.06 
11.91 
11.52 
3.18 
4.93 
9.12 
10.92 
3.07 
11.16 
7.44 
2.99 
2.97 
10.24 
2.93 
5.35 
10.64 
10.40 
9.52 
10.58 
10.63 
7.74 
8.63 
9.32 
2.76 
8.81 
9.41 
10.20 
10.08 
9.44 
9.69 
9.85 
9.92 
8.40 
10.00 
10.08 
9.63 
9.36 
9.46 
10.17 
9.83 
6.18 
7.17 
9.15 
8.90 
8.02 
10.29 
