20050101
8.34 
8.28 
8.73 
8.43 
2.53 
8.24 
8.71 
8.66 
8.80 
8.76 
8.63 
8.94 
8.21 
2.69 
8.76 
9.35 
9.59 
9.03 
9.37 
9.89 
9.78 
8.65 
8.53 
9.82 
2.98 
9.79 
6.79 
5.11 
10.82 
10.22 
10.31 
11.40 
12.00 
3.29 
11.49 
6.97 
3.41 
12.01 
6.33 
12.12 
12.54 
12.98 
12.23 
10.59 
6.61 
3.79 
12.56 
5.91 
10.63 
12.44 
13.59 
13.24 
13.36 
14.53 
13.59 
14.66 
14.79 
15.40 
15.77 
13.93 
15.78 
10.04 
16.54 
17.05 
17.31 
14.88 
17.58 
15.12 
13.28 
17.85 
18.51 
18.65 
17.98 
18.24 
12.68 
16.18 
18.21 
19.58 
19.99 
11.47 
20.39 
13.47 
20.36 
20.77 
21.33 
20.88 
21.73 
21.42 
21.54 
13.60 
15.74 
19.09 
21.72 
15.72 
17.90 
19.35 
15.22 
6.37 
20.56 
22.33 
19.37 
21.15 
23.10 
24.28 
24.07 
19.50 
19.90 
20.45 
15.66 
21.09 
21.48 
25.36 
17.51 
22.20 
24.83 
22.35 
22.26 
26.99 
22.40 
23.76 
26.10 
25.84 
24.94 
21.27 
9.12 
20.73 
22.75 
18.22 
27.94 
7.65 
21.48 
19.23 
26.19 
21.95 
19.52 
20.06 
9.84 
29.08 
28.62 
29.00 
7.95 
28.42 
19.31 
21.83 
27.03 
28.89 
11.75 
27.79 
8.12 
21.33 
21.69 
24.55 
24.57 
29.78 
29.13 
10.40 
25.15 
12.27 
20.49 
17.82 
25.87 
28.90 
21.54 
17.19 
22.73 
19.55 
26.93 
16.87 
16.88 
16.54 
27.44 
29.62 
30.12 
19.73 
9.84 
12.01 
8.32 
8.32 
22.38 
17.18 
30.06 
26.03 
24.68 
24.83 
29.50 
29.98 
29.63 
25.60 
24.75 
25.90 
14.53 
18.85 
20.66 
8.15 
23.61 
27.07 
25.38 
23.03 
25.15 
16.16 
21.11 
11.30 
7.97 
7.95 
25.10 
24.23 
19.41 
17.07 
24.92 
28.16 
14.33 
10.68 
13.11 
19.44 
8.95 
8.59 
8.07 
14.70 
18.71 
9.10 
7.45 
12.74 
18.33 
7.34 
11.80 
10.63 
9.30 
7.19 
22.58 
26.47 
26.07 
22.83 
21.01 
24.70 
16.62 
22.34 
22.87 
17.50 
21.45 
22.44 
16.50 
24.10 
6.56 
18.40 
23.17 
22.16 
23.56 
20.75 
21.99 
15.03 
22.22 
21.37 
6.09 
6.04 
5.99 
12.63 
21.38 
7.00 
16.98 
20.87 
19.75 
14.26 
17.12 
19.25 
20.10 
12.09 
14.48 
13.42 
14.28 
11.60 
15.96 
5.14 
12.94 
15.75 
18.39 
15.91 
17.87 
14.90 
4.78 
16.70 
17.08 
16.32 
15.20 
7.14 
6.95 
10.55 
15.56 
15.44 
15.31 
15.18 
14.82 
14.11 
4.10 
14.57 
14.33 
14.09 
13.29 
13.18 
3.82 
7.65 
12.73 
3.69 
12.94 
12.29 
12.93 
11.65 
12.08 
11.87 
3.82 
11.56 
11.15 
11.77 
11.47 
11.27 
10.78 
10.69 
10.79 
10.71 
11.00 
10.53 
10.55 
10.56 
10.10 
9.29 
9.58 
10.06 
9.54 
9.38 
9.31 
9.16 
8.93 
9.31 
9.25 
3.00 
9.06 
2.61 
8.36 
6.69 
8.87 
8.58 
8.37 
8.42 
8.14 
8.70 
8.33 
8.14 
8.20 
8.18 
8.08 
8.15 
8.22 
8.05 
8.04 
7.95 
7.87 
5.07 
8.37 
7.05 
8.30 
8.06 
7.91 
7.59 
8.10 
7.29 
5.89 
8.42 
8.62 
5.62 
4.03 
8.88 
8.84 
9.31 
8.24 
8.71 
9.02 
2.63 
2.65 
9.17 
8.96 
8.67 
8.10 
5.91 
9.66 
9.00 
6.68 
10.33 
10.41 
10.12 
2.95 
10.47 
10.55 
10.74 
3.08 
9.26 
10.02 
10.80 
11.69 
11.49 
11.70 
11.80 
11.18 
3.41 
9.92 
12.32 
12.65 
12.22 
12.44 
11.58 
5.12 
12.01 
7.78 
13.45 
13.35 
13.92 
14.38 
12.32 
5.81 
11.95 
15.01 
8.36 
14.42 
15.39 
4.35 
8.93 
14.92 
16.03 
16.16 
15.29 
16.42 
17.19 
17.58 
14.10 
17.07 
15.89 
16.27 
15.47 
15.45 
17.98 
15.95 
17.15 
12.63 
19.17 
18.89 
13.33 
15.66 
18.42 
17.70 
15.26 
20.35 
14.17 
18.29 
17.25 
21.13 
19.64 
17.12 
12.65 
18.05 
17.56 
19.00 
20.90 
6.27 
17.49 
15.46 
17.06 
18.82 
12.64 
17.77 
18.17 
11.44 
23.92 
6.74 
15.68 
11.99 
20.38 
24.71 
17.69 
20.61 
21.17 
21.88 
9.19 
11.95 
20.34 
19.76 
13.55 
23.44 
24.96 
23.58 
20.72 
7.45 
26.54 
19.59 
22.09 
7.59 
15.32 
27.17 
22.30 
7.71 
22.73 
26.07 
27.11 
22.20 
25.22 
22.95 
24.48 
14.73 
7.95 
26.59 
24.79 
8.02 
8.04 
10.56 
16.42 
28.95 
28.98 
20.33 
12.67 
22.38 
8.19 
22.58 
25.95 
27.64 
8.24 
21.65 
16.30 
18.49 
23.02 
20.19 
15.67 
12.16 
25.41 
29.27 
28.27 
25.59 
25.43 
9.34 
19.56 
27.44 
22.24 
14.03 
14.03 
15.70 
17.37 
27.58 
13.67 
8.31 
8.30 
25.36 
29.36 
8.28 
22.31 
17.62 
19.77 
27.61 
8.56 
8.21 
8.20 
24.35 
18.66 
28.96 
25.94 
25.74 
24.05 
8.08 
8.06 
19.65 
27.41 
24.55 
28.32 
9.10 
7.92 
7.90 
7.87 
10.15 
18.51 
7.79 
26.63 
14.78 
19.98 
11.76 
20.38 
12.66 
12.30 
16.81 
14.33 
7.48 
7.45 
10.48 
9.47 
13.29 
7.30 
24.24 
26.56 
18.51 
25.44 
25.84 
19.90 
19.03 
26.21 
25.65 
25.55 
18.59 
16.33 
10.82 
23.00 
14.88 
12.34 
17.96 
20.93 
13.37 
16.80 
7.18 
22.06 
15.94 
22.44 
10.56 
13.02 
17.82 
20.96 
20.12 
21.47 
21.64 
11.39 
13.05 
18.98 
20.58 
19.47 
19.49 
15.01 
19.53 
18.57 
19.42 
16.40 
15.75 
19.58 
18.64 
19.19 
18.92 
13.07 
17.86 
16.68 
15.65 
17.87 
16.06 
15.42 
17.34 
4.68 
12.43 
14.57 
16.56 
15.08 
7.13 
15.08 
12.78 
13.51 
15.06 
14.70 
14.70 
7.59 
4.05 
8.02 
14.21 
3.91 
9.48 
13.73 
13.06 
13.28 
13.27 
12.61 
12.29 
12.71 
12.82 
11.76 
8.64 
7.12 
11.05 
11.87 
11.56 
11.77 
9.88 
11.17 
10.98 
9.14 
8.20 
10.91 
10.15 
6.57 
10.56 
10.48 
9.10 
8.39 
7.68 
8.72 
9.47 
2.76 
5.86 
5.91 
9.22 
9.25 
9.20 
8.36 
9.10 
8.79 
8.66 
8.70 
3.05 
7.70 
7.16 
8.73 
8.53 
8.50 
8.39 
8.37 
8.60 
8.42 
8.65 
8.31 
7.55 
7.38 
7.21 
8.36 
8.20 
8.37 
7.63 
2.43 
6.82 
8.40 
8.58 
8.02 
2.46 
2.47 
8.09 
7.94 
8.56 
8.09 
6.17 
4.75 
8.62 
8.66 
2.59 
7.72 
8.63 
9.12 
9.00 
7.82 
9.02 
9.44 
9.50 
9.66 
8.55 
6.04 
10.24 
6.61 
10.21 
6.24 
9.24 
10.08 
10.54 
10.73 
10.23 
11.20 
11.30 
11.30 
11.70 
11.29 
11.70 
11.90 
12.21 
3.45 
8.85 
12.01 
12.54 
12.87 
12.88 
8.07 
13.55 
13.34 
11.89 
13.69 
13.58 
14.04 
14.28 
14.05 
14.18 
14.89 
10.26 
14.31 
4.31 
13.34 
12.47 
4.45 
11.07 
4.55 
4.60 
17.05 
12.60 
17.06 
17.07 
14.99 
16.02 
17.98 
17.32 
17.32 
17.71 
18.92 
17.69 
18.91 
11.90 
5.37 
12.50 
17.33 
5.53 
5.58 
20.65 
17.36 
19.33 
17.86 
20.72 
13.87 
11.47 
17.26 
16.63 
20.57 
22.61 
21.98 
11.91 
16.94 
17.19 
21.52 
20.86 
20.81 
11.72 
6.56 
20.17 
18.71 
18.80 
12.50 
24.58 
20.92 
11.26 
21.56 
25.43 
18.87 
19.10 
15.67 
25.15 
24.75 
26.27 
26.51 
22.73 
14.73 
25.45 
23.58 
25.10 
21.76 
22.95 
24.48 
25.36 
21.17 
27.12 
24.39 
11.13 
22.68 
27.01 
28.05 
18.03 
20.72 
9.18 
28.91 
28.29 
21.37 
28.04 
7.98 
8.00 
19.00 
26.69 
28.22 
13.92 
23.62 
29.65 
20.33 
8.16 
17.03 
19.72 
18.57 
30.47 
30.49 
29.33 
29.01 
28.53 
23.01 
26.88 
21.19 
8.30 
8.31 
30.10 
25.58 
25.08 
19.05 
8.33 
8.33 
24.76 
28.95 
21.91 
8.33 
17.88 
23.24 
29.76 
8.32 
21.88 
11.99 
15.83 
26.70 
24.01 
8.95 
24.48 
22.30 
19.77 
15.92 
18.57 
10.88 
17.70 
18.35 
12.33 
9.31 
13.62 
19.59 
21.73 
8.08 
18.35 
29.10 
23.93 
23.89 
18.06 
26.30 
23.12 
27.53 
25.01 
21.84 
13.41 
26.52 
25.16 
8.88 
7.70 
14.21 
20.70 
7.61 
18.16 
10.80 
7.51 
25.30 
27.66 
25.16 
24.29 
18.11 
19.82 
24.56 
25.28 
16.76 
24.97 
24.89 
22.59 
21.56 
25.89 
26.12 
18.66 
25.15 
24.27 
11.75 
22.07 
21.83 
24.66 
20.11 
22.46 
20.99 
18.77 
22.77 
23.41 
23.60 
23.19 
22.48 
22.07 
19.59 
15.22 
13.81 
21.90 
5.94 
5.89 
15.64 
19.99 
16.02 
5.70 
17.79 
18.39 
20.37 
20.10 
19.42 
19.29 
12.32 
7.61 
18.10 
18.51 
18.52 
17.59 
9.14 
18.00 
17.61 
14.10 
4.83 
7.86 
16.70 
17.08 
16.32 
9.70 
16.44 
16.19 
5.41 
15.81 
15.32 
15.19 
13.64 
14.94 
14.93 
14.46 
14.10 
13.87 
13.30 
6.29 
8.80 
13.29 
8.42 
10.10 
12.40 
7.97 
10.15 
12.82 
12.18 
12.39 
12.28 
7.02 
6.44 
4.44 
3.29 
10.96 
11.37 
11.37 
4.03 
3.99 
3.08 
10.81 
10.72 
10.55 
10.46 
8.61 
10.30 
10.14 
2.84 
9.90 
9.02 
6.80 
9.52 
9.10 
7.90 
9.25 
9.11 
8.54 
8.58 
9.05 
8.83 
8.62 
8.83 
8.71 
8.51 
8.56 
2.49 
8.42 
5.97 
8.54 
8.02 
8.50 
8.07 
6.98 
8.46 
8.37 
8.28 
8.03 
7.37 
8.28 
2.92 
4.08 
2.44 
2.44 
2.45 
2.45 
8.46 
8.73 
8.42 
6.85 
8.65 
8.43 
6.51 
8.33 
8.45 
8.84 
8.80 
4.17 
8.63 
9.03 
8.29 
8.96 
9.91 
8.99 
4.02 
8.67 
2.81 
5.13 
8.21 
9.48 
10.21 
9.92 
6.30 
10.08 
9.39 
9.86 
10.62 
10.91 
11.10 
11.20 
12.00 
11.80 
11.70 
11.70 
12.63 
12.22 
12.43 
12.43 
12.54 
12.44 
12.55 
12.77 
13.00 
12.23 
13.23 
13.35 
13.46 
13.58 
13.47 
10.10 
10.55 
11.82 
13.35 
12.87 
14.79 
15.52 
14.92 
15.78 
4.50 
12.54 
16.54 
16.80 
16.04 
17.19 
17.58 
13.69 
17.72 
12.98 
14.94 
6.66 
18.78 
16.76 
18.78 
12.63 
17.39 
9.65 
17.77 
8.12 
5.53 
16.57 
17.81 
19.78 
19.75 
5.78 
13.63 
5.88 
5.93 
16.97 
20.45 
9.92 
20.53 
20.94 
22.84 
15.59 
10.40 
21.52 
6.42 
12.57 
6.51 
21.31 
6.60 
23.66 
20.81 
17.63 
18.80 
18.88 
22.57 
13.68 
9.32 
7.94 
11.16 
24.58 
17.17 
15.95 
13.93 
25.39 
24.34 
18.28 
24.80 
24.22 
22.18 
7.45 
22.79 
19.59 
23.40 
20.02 
26.95 
7.65 
24.77 
7.71 
7.74 
23.11 
21.83 
24.85 
23.57 
24.94 
24.15 
22.36 
11.11 
25.76 
28.45 
24.66 
29.52 
24.23 
14.59 
15.61 
27.98 
26.17 
25.53 
19.03 
11.53 
20.58 
21.77 
17.77 
24.98 
20.81 
21.66 
29.55 
26.88 
14.16 
16.34 
25.23 
18.37 
8.32 
20.56 
22.57 
8.33 
19.06 
19.73 
21.07 
28.27 
27.94 
17.38 
19.05 
18.21 
20.55 
14.51 
13.00 
13.49 
13.65 
14.31 
14.30 
25.82 
19.62 
8.25 
29.94 
29.92 
10.55 
22.87 
17.85 
22.49 
29.63 
29.77 
8.11 
16.74 
26.85 
23.33 
25.78 
25.42 
25.88 
26.17 
27.29 
25.10 
25.06 
21.72 
20.69 
21.14 
14.20 
23.35 
21.50 
7.70 
22.39 
25.44 
27.99 
22.72 
20.38 
20.33 
7.48 
7.45 
8.86 
7.38 
7.34 
19.50 
18.95 
24.01 
24.41 
25.92 
7.75 
7.07 
22.35 
23.69 
6.95 
25.24 
24.05 
22.72 
20.61 
8.44 
21.98 
24.20 
14.28 
6.56 
19.77 
24.09 
23.37 
18.29 
18.35 
18.55 
22.18 
10.34 
14.27 
6.09 
21.58 
22.05 
22.08 
12.55 
9.73 
17.69 
14.31 
14.07 
19.35 
13.33 
16.03 
11.89 
13.19 
18.33 
5.34 
15.36 
19.32 
18.78 
18.65 
18.39 
18.52 
16.68 
13.82 
17.87 
8.96 
8.50 
17.21 
15.94 
16.20 
10.70 
16.56 
16.06 
16.06 
11.92 
15.44 
15.55 
15.18 
13.88 
12.00 
14.69 
12.95 
13.53 
9.54 
10.47 
13.29 
13.06 
12.18 
13.50 
9.13 
3.65 
10.15 
12.82 
5.42 
10.40 
12.39 
11.87 
11.35 
11.87 
11.87 
10.06 
11.57 
11.37 
4.81 
3.11 
9.64 
10.72 
10.63 
7.90 
10.46 
10.20 
9.93 
10.04 
10.15 
9.81 
2.78 
6.35 
9.43 
2.71 
9.13 
7.58 
8.94 
8.97 
7.11 
8.70 
3.00 
7.51 
8.66 
8.88 
8.25 
5.95 
3.16 
4.32 
8.31 
3.46 
8.18 
8.17 
8.15 
6.49 
8.54 
8.12 
7.05 
6.05 
7.87 
7.87 
5.73 
7.80 
8.64 
8.32 
7.01 
5.20 
3.54 
8.23 
8.50 
8.00 
7.94 
8.65 
8.60 
8.55 
8.33 
8.28 
8.24 
9.05 
8.41 
9.07 
8.94 
8.73 
8.35 
9.11 
9.26 
3.57 
9.30 
9.46 
9.71 
4.06 
6.51 
8.25 
5.87 
6.77 
10.36 
10.16 
10.53 
10.72 
9.24 
7.44 
9.90 
11.39 
8.96 
3.33 
11.18 
9.42 
12.43 
4.44 
12.12 
12.22 
12.33 
3.66 
9.28 
10.24 
13.34 
13.57 
12.56 
10.28 
9.23 
13.47 
13.36 
13.94 
12.06 
14.42 
15.14 
15.15 
15.52 
15.65 
15.90 
13.92 
15.04 
7.75 
16.29 
17.44 
16.94 
14.87 
17.33 
17.72 
14.43 
10.57 
18.25 
14.90 
16.89 
12.27 
17.68 
13.96 
19.17 
15.13 
7.01 
19.55 
13.75 
18.66 
20.49 
20.76 
16.85 
16.52 
5.88 
15.56 
16.82 
22.37 
21.90 
15.93 
22.13 
22.84 
23.41 
23.52 
23.18 
20.86 
13.33 
6.51 
23.00 
23.25 
19.02 
24.07 
24.17 
20.99 
6.82 
6.87 
6.91 
25.43 
25.05 
7.03 
8.83 
22.11 
22.83 
17.29 
26.51 
15.80 
20.54 
10.74 
27.46 
26.73 
24.03 
23.61 
25.95 
21.77 
23.62 
8.77 
24.88 
19.51 
28.27 
26.02 
21.79 
7.80 
24.68 
27.70 
27.75 
26.47 
26.51 
7.95 
29.08 
28.29 
24.00 
21.70 
26.73 
24.59 
8.10 
24.31 
17.49 
29.04 
26.72 
28.25 
29.94 
26.62 
21.95 
9.92 
14.45 
8.26 
21.34 
20.68 
26.72 
18.19 
19.70 
16.86 
21.73 
8.32 
24.08 
8.33 
18.72 
28.44 
28.61 
28.78 
29.44 
30.11 
27.26 
23.40 
24.56 
27.90 
16.51 
19.18 
18.00 
27.36 
26.84 
22.98 
8.26 
23.12 
26.94 
8.22 
29.90 
25.71 
8.18 
23.99 
15.98 
24.44 
28.74 
20.06 
8.08 
18.35 
8.04 
28.23 
28.03 
15.75 
21.67 
7.92 
24.73 
26.33 
21.35 
18.02 
15.02 
18.10 
22.98 
17.20 
22.71 
27.72 
20.00 
23.85 
26.23 
21.95 
25.13 
10.84 
25.16 
26.87 
27.12 
27.04 
19.76 
17.29 
9.26 
7.15 
18.38 
11.66 
24.88 
23.37 
25.96 
24.93 
11.40 
10.72 
21.70 
17.27 
25.22 
24.66 
17.80 
18.33 
13.07 
8.75 
17.17 
6.38 
6.33 
6.28 
17.56 
16.88 
19.59 
17.43 
17.77 
22.34 
21.93 
21.81 
21.69 
15.54 
19.87 
5.70 
9.18 
17.40 
20.09 
19.68 
18.45 
17.37 
13.28 
15.09 
19.32 
19.05 
16.24 
11.74 
17.60 
15.89 
16.30 
18.13 
17.99 
17.86 
14.03 
4.68 
15.57 
16.45 
15.57 
14.46 
15.93 
15.81 
15.56 
8.60 
15.42 
4.19 
15.05 
6.19 
13.99 
14.33 
13.98 
13.07 
9.36 
13.84 
13.61 
11.63 
13.60 
3.65 
12.08 
8.14 
13.24 
12.70 
12.70 
12.07 
10.64 
11.56 
9.24 
3.25 
11.67 
9.69 
3.14 
11.28 
11.09 
10.72 
11.20 
10.83 
8.68 
10.57 
10.58 
10.14 
10.43 
9.81 
5.31 
8.24 
9.34 
9.81 
9.66 
7.67 
8.94 
6.97 
6.07 
8.36 
2.57 
9.05 
9.00 
2.53 
8.93 
8.64 
2.49 
8.67 
7.39 
3.13 
8.43 
8.67 
8.40 
8.47 
8.21 
7.71 
8.61 
5.48 
7.87 
7.46 
2.43 
7.47 
6.82 
8.65 
7.09 
2.45 
3.13 
8.40 
6.91 
8.78 
2.50 
7.92 
8.88 
8.92 
9.14 
2.57 
9.05 
8.76 
9.59 
9.47 
9.61 
7.73 
9.73 
9.53 
9.59 
9.75 
2.81 
6.78 
10.33 
10.41 
10.68 
8.22 
10.94 
11.03 
9.49 
11.31 
11.31 
11.50 
11.79 
8.50 
12.00 
11.90 
12.00 
12.21 
6.83 
10.96 
8.22 
8.41 
10.94 
4.58 
10.38 
12.01 
11.13 
13.67 
13.45 
14.14 
13.46 
14.27 
8.40 
14.52 
12.65 
13.59 
4.21 
14.66 
13.58 
7.02 
5.75 
12.45 
15.53 
16.04 
4.60 
17.31 
17.70 
15.78 
4.81 
17.98 
18.50 
15.75 
18.51 
18.38 
5.11 
17.16 
18.64 
19.04 
17.94 
8.82 
10.56 
18.30 
11.41 
17.84 
7.61 
14.65 
18.75 
16.14 
21.15 
10.24 
5.93 
9.06 
18.39 
18.79 
19.94 
22.13 
6.23 
22.36 
19.75 
10.31 
11.59 
22.18 
6.51 
18.23 
20.17 
23.35 
17.71 
18.57 
6.78 
17.00 
18.96 
9.11 
15.80 
16.81 
19.42 
18.38 
7.12 
21.39 
22.74 
18.32 
11.46 
25.38 
26.74 
21.80 
20.07 
22.57 
10.26 
27.25 
16.05 
21.82 
15.81 
16.67 
9.49 
24.00 
28.49 
14.37 
24.80 
9.81 
15.46 
10.53 
27.30 
28.83 
19.24 
23.76 
24.63 
17.01 
24.86 
16.73 
8.08 
9.77 
26.31 
15.49 
20.85 
18.03 
28.25 
28.77 
24.95 
29.15 
28.50 
26.17 
25.18 
21.34 
8.28 
18.68 
26.23 
19.20 
18.20 
28.43 
24.41 
8.33 
21.40 
22.24 
30.96 
29.45 
30.29 
27.94 
29.44 
29.60 
25.58 
14.52 
26.23 
13.67 
8.30 
11.47 
27.52 
22.66 
25.82 
28.98 
24.12 
14.41 
29.59 
8.21 
8.20 
8.18 
8.17 
21.97 
16.29 
8.61 
26.55 
14.39 
27.64 
8.04 
21.60 
27.86 
26.34 
19.35 
15.35 
14.66 
7.87 
7.84 
18.02 
7.79 
12.68 
7.73 
28.00 
22.71 
13.68 
7.61 
22.06 
25.42 
11.73 
25.62 
22.32 
26.29 
24.29 
23.90 
19.82 
18.31 
21.61 
24.41 
16.70 
7.11 
7.71 
22.35 
6.99 
18.11 
24.30 
25.30 
21.31 
19.68 
19.44 
21.83 
19.12 
24.25 
22.92 
9.41 
15.28 
6.42 
20.85 
19.85 
22.74 
13.84 
20.44 
18.11 
19.78 
21.58 
21.17 
16.12 
16.89 
5.85 
5.80 
5.75 
15.63 
20.48 
7.84 
11.84 
19.82 
17.21 
16.40 
8.76 
19.31 
18.91 
18.92 
18.79 
18.52 
5.04 
4.99 
13.30 
18.00 
18.12 
16.96 
15.56 
4.68 
4.63 
4.58 
12.97 
16.31 
15.81 
15.93 
15.68 
15.91 
15.18 
4.19 
4.15 
14.92 
4.05 
4.01 
3.96 
6.29 
11.16 
14.18 
12.40 
13.28 
13.27 
13.37 
12.93 
12.50 
12.92 
12.39 
11.87 
12.59 
11.87 
6.68 
12.07 
11.67 
11.57 
6.44 
3.63 
11.09 
10.80 
11.19 
11.01 
10.73 
6.42 
10.01 
9.38 
7.74 
10.34 
9.35 
9.11 
9.76 
5.59 
9.81 
8.52 
7.50 
9.46 
9.32 
9.62 
9.22 
8.75 
2.56 
8.92 
7.27 
8.34 
8.39 
8.03 
8.50 
7.06 
8.62 
8.60 
7.34 
8.24 
8.55 
8.46 
8.29 
8.53 
8.28 
8.53 
8.70 
8.54 
8.54 
8.55 
8.07 
8.42 
5.44 
3.46 
8.65 
8.67 
8.53 
7.13 
8.26 
8.97 
9.01 
8.45 
8.92 
9.31 
9.36 
9.50 
9.47 
8.38 
8.96 
9.82 
9.71 
9.95 
9.84 
10.09 
10.26 
9.14 
9.86 
10.03 
10.29 
10.56 
10.65 
6.60 
10.53 
11.31 
11.60 
11.79 
11.60 
11.29 
12.00 
10.57 
7.38 
12.73 
5.22 
12.54 
5.33 
11.69 
11.47 
11.68 
5.67 
13.55 
13.67 
3.83 
13.80 
12.44 
14.16 
10.47 
11.03 
4.11 
4.16 
15.37 
14.78 
8.40 
8.36 
12.23 
16.02 
16.03 
16.16 
16.54 
10.85 
17.31 
17.45 
16.55 
17.72 
17.98 
17.19 
16.26 
11.99 
12.22 
12.71 
19.32 
18.23 
5.32 
15.30 
11.53 
13.70 
19.27 
18.12 
17.25 
19.63 
21.04 
19.87 
19.27 
21.13 
20.81 
20.19 
18.25 
22.49 
22.76 
22.73 
20.90 
15.29 
22.47 
23.79 
15.54 
24.47 
24.43 
24.69 
23.25 
23.97 
24.69 
24.17 
23.02 
25.15 
25.24 
18.25 
12.16 
22.99 
22.75 
24.42 
22.91 
9.23 
23.38 
19.92 
7.27 
16.02 
23.02 
26.82 
25.43 
7.78 
13.19 
21.38 
28.14 
22.31 
20.07 
27.50 
22.47 
13.63 
25.69 
24.75 
28.76 
19.06 
26.88 
17.65 
24.48 
25.18 
28.38 
28.75 
28.79 
27.49 
22.53 
17.39 
26.59 
22.45 
8.12 
26.34 
23.69 
28.23 
14.04 
29.94 
29.80 
28.64 
23.47 
20.31 
28.86 
25.19 
19.00 
9.30 
24.39 
28.92 
18.37 
8.32 
11.17 
29.28 
29.95 
29.28 
25.93 
26.43 
10.01 
8.33 
27.77 
30.78 
30.43 
23.22 
25.39 
26.05 
19.18 
13.15 
29.53 
30.19 
29.67 
8.26 
27.79 
21.43 
18.91 
28.90 
23.87 
20.68 
17.83 
27.30 
20.61 
22.75 
19.40 
18.87 
14.20 
8.04 
12.16 
14.95 
17.40 
22.66 
17.01 
7.90 
27.82 
22.34 
25.58 
8.78 
20.73 
28.38 
28.49 
25.16 
25.11 
26.03 
17.67 
14.70 
19.36 
24.16 
19.90 
27.26 
26.87 
26.95 
23.35 
7.27 
7.23 
22.66 
16.38 
26.47 
23.85 
25.83 
19.44 
19.36 
16.94 
14.21 
17.11 
16.57 
16.34 
21.83 
21.58 
21.03 
19.25 
24.34 
22.87 
18.68 
20.10 
23.45 
22.74 
14.88 
8.56 
22.11 
10.65 
22.17 
14.46 
10.30 
18.19 
14.77 
14.68 
19.87 
20.32 
20.48 
20.21 
20.09 
17.60 
19.28 
19.71 
19.30 
16.59 
14.44 
5.19 
17.85 
18.92 
15.88 
18.79 
18.13 
18.13 
17.22 
17.86 
17.34 
13.41 
16.70 
16.69 
15.82 
15.82 
6.76 
9.61 
8.56 
14.71 
15.18 
15.18 
14.46 
4.10 
10.06 
10.77 
3.96 
11.71 
13.96 
9.95 
6.54 
13.61 
12.73 
10.24 
3.61 
3.56 
11.55 
7.78 
3.75 
6.40 
4.08 
12.38 
11.77 
12.07 
11.96 
9.50 
11.37 
11.57 
11.48 
10.81 
10.63 
2.98 
6.33 
10.38 
10.49 
10.41 
7.04 
10.26 
9.47 
9.22 
5.77 
9.90 
9.49 
7.50 
9.55 
9.06 
8.66 
9.39 
9.26 
2.56 
7.47 
8.88 
8.85 
8.81 
8.78 
8.75 
8.73 
4.46 
8.60 
8.58 
8.57 
8.55 
8.54 
8.54 
8.53 
8.53 
8.53 
8.53 
8.54 
8.54 
8.47 
7.24 
8.58 
8.44 
7.54 
8.65 
8.50 
7.52 
8.73 
8.76 
8.97 
8.92 
8.62 
9.01 
9.05 
9.36 
9.41 
9.56 
9.52 
9.58 
9.64 
8.81 
2.76 
9.84 
9.27 
8.70 
10.43 
10.51 
10.77 
10.57 
10.94 
10.94 
11.12 
11.21 
11.50 
11.50 
11.79 
11.60 
12.10 
12.20 
12.10 
11.80 
12.42 
12.43 
12.43 
12.96 
13.08 
13.19 
11.25 
11.90 
13.55 
13.78 
13.45 
13.69 
14.26 
14.50 
14.39 
13.13 
8.91 
15.01 
11.45 
15.26 
14.91 
15.03 
10.27 
12.21 
8.84 
15.54 
4.60 
8.07 
4.70 
17.06 
14.74 
17.98 
18.11 
18.38 
18.51 
18.65 
18.92 
18.92 
16.88 
14.13 
6.14 
19.58 
19.85 
19.98 
12.96 
14.03 
17.53 
20.63 
20.76 
21.60 
21.73 
20.26 
19.79 
15.95 
22.51 
20.42 
8.06 
22.58 
22.09 
22.81 
22.16 
18.79 
23.75 
22.64 
6.51 
24.07 
24.18 
24.59 
20.50 
17.32 
24.43 
24.37 
15.82 
10.53 
18.64 
13.64 
24.66 
17.42 
7.12 
26.51 
22.10 
18.48 
26.27 
25.05 
17.04 
21.47 
26.89 
28.10 
27.51 
27.42 
28.14 
16.26 
26.46 
21.92 
24.77 
7.71 
20.75 
18.82 
27.44 
23.36 
22.74 
28.91 
28.13 
19.87 
28.04 
17.61 
21.14 
29.32 
26.19 
29.39 
29.09 
29.95 
27.48 
9.47 
29.54 
23.38 
16.88 
23.09 
11.06 
27.81 
29.67 
9.42 
24.51 
26.20 
20.68 
28.56 
12.15 
19.37 
8.31 
8.32 
14.36 
24.92 
27.60 
27.10 
18.72 
19.06 
17.72 
18.89 
14.86 
8.33 
8.99 
16.53 
22.71 
8.31 
21.02 
30.55 
30.70 
24.33 
28.66 
29.15 
12.26 
18.76 
8.22 
9.88 
23.37 
18.02 
20.83 
11.98 
19.78 
28.24 
29.54 
29.84 
28.31 
24.29 
23.59 
17.43 
7.97 
25.80 
29.06 
22.25 
8.37 
22.83 
27.39 
11.24 
25.65 
19.37 
7.70 
7.67 
16.62 
21.96 
23.04 
23.80 
26.82 
23.68 
15.37 
26.78 
26.38 
8.63 
20.30 
26.80 
11.70 
20.58 
24.81 
11.40 
7.07 
26.14 
16.44 
25.49 
25.71 
24.99 
23.03 
23.71 
18.66 
18.27 
18.66 
24.56 
24.30 
16.27 
8.59 
6.42 
13.91 
23.45 
21.69 
21.88 
19.99 
18.85 
19.05 
14.40 
5.99 
13.65 
15.30 
15.21 
17.98 
20.87 
20.74 
19.91 
19.09 
19.25 
5.49 
11.67 
15.30 
16.70 
5.29 
17.29 
6.94 
15.84 
18.79 
18.39 
18.26 
15.78 
17.61 
17.99 
16.96 
17.72 
16.83 
12.80 
10.70 
17.18 
15.45 
14.47 
16.05 
15.56 
11.48 
4.72 
15.41 
15.05 
14.57 
14.10 
4.01 
12.16 
14.31 
13.96 
13.84 
11.07 
12.95 
13.49 
8.73 
11.65 
12.08 
13.03 
3.48 
3.44 
3.40 
6.33 
12.07 
11.87 
11.97 
3.21 
3.18 
3.14 
8.27 
11.09 
10.81 
10.92 
9.88 
10.74 
2.92 
10.49 
9.31 
10.06 
8.72 
10.19 
9.76 
2.73 
9.64 
8.96 
9.25 
9.11 
9.32 
2.61 
5.95 
9.00 
8.87 
9.00 
8.80 
8.42 
8.31 
8.87 
2.48 
7.89 
2.46 
2.45 
2.45 
7.24 
2.44 
8.54 
8.54 
4.41 
4.65 
3.25 
7.21 
8.04 
7.88 
8.55 
8.48 
7.84 
2.45 
8.46 
8.56 
8.50 
8.59 
8.70 
8.90 
8.93 
8.88 
8.92 
8.96 
9.01 
9.23 
9.28 
7.06 
9.47 
9.61 
9.67 
6.44 
9.80 
9.95 
9.48 
10.18 
2.84 
6.65 
10.78 
10.12 
10.67 
10.28 
11.22 
9.87 
11.21 
11.60 
9.63 
3.18 
12.09 
12.20 
3.29 
12.21 
9.85 
11.90 
12.63 
11.17 
12.54 
13.08 
13.30 
13.20 
12.88 
13.33 
13.67 
11.44 
13.80 
13.81 
14.16 
14.39 
14.52 
14.76 
15.12 
11.45 
4.26 
15.51 
15.88 
10.15 
15.78 
11.69 
16.29 
16.92 
13.00 
13.75 
13.99 
16.29 
15.90 
18.11 
15.62 
5.01 
18.65 
18.65 
15.82 
16.74 
16.73 
18.90 
6.20 
19.29 
16.21 
20.25 
7.83 
20.50 
20.63 
15.75 
20.88 
21.00 
13.29 
5.93 
5.98 
12.80 
21.45 
18.45 
6.18 
12.66 
21.45 
20.50 
10.31 
19.80 
17.45 
23.81 
20.69 
20.79 
20.57 
22.99 
21.84 
6.78 
24.99 
19.28 
25.65 
17.22 
6.99 
12.75 
22.20 
24.99 
15.63 
25.15 
10.93 
26.75 
26.99 
26.74 
18.56 
25.43 
25.82 
25.89 
25.62 
24.22 
25.09 
7.62 
27.50 
28.05 
26.79 
24.71 
28.05 
25.79 
26.17 
18.77 
19.14 
17.68 
23.19 
24.06 
29.08 
25.79 
8.02 
27.03 
19.23 
12.08 
11.61 
28.15 
29.68 
25.86 
30.06 
20.22 
30.11 
11.73 
8.23 
8.24 
8.25 
8.26 
8.27 
20.85 
13.99 
28.07 
26.41 
25.41 
16.03 
8.32 
22.41 
27.10 
27.61 
26.43 
27.27 
14.37 
23.92 
15.20 
12.01 
12.51 
21.88 
16.35 
17.68 
8.30 
8.30 
26.02 
29.52 
17.63 
30.15 
29.80 
20.43 
23.08 
8.71 
11.53 
9.68 
25.99 
26.13 
24.61 
8.11 
29.21 
29.01 
11.21 
11.35 
27.41 
21.07 
17.57 
21.67 
27.41 
28.03 
7.87 
7.84 
28.05 
9.60 
20.56 
25.43 
18.02 
25.65 
23.15 
20.00 
26.13 
21.36 
7.51 
21.57 
25.88 
23.07 
13.98 
18.75 
15.49 
17.67 
10.74 
16.44 
24.49 
25.84 
22.27 
8.61 
22.90 
17.48 
25.08 
23.12 
22.72 
24.96 
6.74 
6.69 
10.65 
23.94 
18.49 
23.74 
23.63 
23.37 
19.19 
6.93 
14.81 
22.33 
19.25 
8.36 
20.81 
21.73 
15.63 
11.18 
21.23 
21.40 
17.26 
5.75 
5.70 
16.95 
18.25 
19.95 
5.49 
7.24 
19.57 
19.44 
19.45 
19.05 
8.42 
12.63 
5.09 
11.52 
16.95 
18.52 
12.67 
10.64 
15.68 
13.27 
16.32 
11.04 
6.21 
16.32 
12.86 
4.44 
10.46 
15.32 
15.07 
14.83 
5.26 
8.01 
13.88 
11.33 
6.07 
9.42 
4.48 
13.07 
13.62 
11.96 
4.94 
13.27 
12.61 
10.90 
8.57 
10.49 
11.34 
12.70 
3.40 
10.64 
12.17 
10.76 
4.15 
11.87 
11.37 
11.18 
7.58 
10.51 
10.81 
7.77 
10.64 
10.37 
10.20 
10.21 
10.41 
10.15 
9.35 
2.78 
8.78 
6.39 
9.37 
9.49 
9.52 
9.20 
9.41 
9.18 
9.05 
8.23 
8.96 
8.75 
8.80 
2.51 
8.64 
7.44 
4.74 
8.23 
8.20 
8.60 
8.33 
7.99 
8.64 
5.41 
7.71 
8.37 
8.03 
8.20 
8.12 
7.55 
8.13 
8.22 
8.32 
8.33 
8.19 
7.87 
8.31 
8.76 
8.78 
8.82 
4.03 
9.05 
8.75 
2.56 
9.27 
9.14 
9.19 
9.15 
9.03 
9.61 
6.49 
8.84 
6.13 
9.86 
9.75 
7.91 
9.62 
9.97 
10.04 
8.72 
2.95 
10.66 
8.84 
10.35 
11.12 
5.36 
11.11 
8.03 
6.91 
11.70 
11.59 
12.31 
12.42 
3.41 
3.45 
11.38 
11.90 
12.87 
11.47 
12.77 
6.43 
3.74 
8.23 
13.57 
13.91 
3.92 
14.38 
14.05 
11.96 
4.11 
4.16 
8.60 
6.41 
4.31 
15.64 
4.40 
15.90 
16.03 
4.55 
13.40 
15.16 
16.17 
17.58 
17.71 
17.98 
14.84 
4.96 
18.25 
15.85 
18.78 
18.51 
16.20 
16.45 
14.10 
10.75 
19.43 
19.70 
20.11 
18.26 
18.80 
18.64 
20.61 
10.10 
16.09 
21.42 
18.48 
13.31 
21.19 
17.91 
21.57 
22.28 
22.39 
22.96 
23.22 
19.40 
18.58 
14.55 
13.55 
18.54 
22.48 
19.33 
20.04 
11.25 
6.78 
18.57 
7.81 
23.76 
24.01 
23.94 
15.61 
19.49 
12.38 
24.91 
26.43 
25.71 
26.43 
26.67 
15.10 
21.15 
16.67 
15.58 
26.70 
23.01 
17.85 
17.24 
7.62 
7.65 
7.68 
25.97 
25.86 
16.84 
27.61 
28.48 
20.76 
21.95 
26.30 
28.17 
27.71 
27.42 
22.63 
8.02 
17.53 
29.22 
20.59 
27.12 
28.48 
23.83 
25.70 
12.35 
27.91 
25.76 
16.92 
27.14 
8.24 
12.94 
25.68 
11.62 
12.97 
23.20 
18.19 
19.87 
29.93 
23.07 
17.54 
15.03 
25.93 
18.89 
19.56 
10.01 
16.88 
23.58 
29.11 
16.03 
21.56 
27.58 
27.40 
28.56 
23.87 
8.30 
8.29 
14.13 
29.00 
22.30 
20.94 
8.24 
28.25 
27.90 
28.38 
24.02 
25.66 
26.30 
21.28 
21.09 
16.90 
23.69 
13.37 
20.64 
18.79 
14.28 
9.29 
25.80 
19.65 
27.70 
26.99 
21.35 
19.99 
16.99 
21.87 
22.16 
24.24 
16.83 
15.48 
14.46 
25.16 
26.07 
26.66 
26.27 
20.54 
24.68 
26.06 
12.64 
9.07 
19.60 
20.97 
22.81 
16.06 
21.71 
24.17 
20.61 
18.65 
18.73 
18.97 
13.12 
25.52 
23.09 
23.93 
11.33 
17.58 
7.99 
13.59 
14.90 
6.47 
22.77 
23.41 
22.40 
20.65 
13.09 
22.07 
22.25 
19.78 
12.05 
5.99 
11.90 
19.06 
21.11 
10.24 
20.01 
20.46 
17.51 
14.87 
19.81 
5.49 
5.44 
17.50 
19.44 
9.38 
18.91 
16.76 
11.56 
17.86 
5.04 
7.88 
16.69 
4.89 
7.16 
17.73 
16.70 
12.27 
11.80 
4.58 
4.53 
4.48 
16.18 
15.68 
14.95 
15.55 
15.42 
15.06 
11.53 
14.34 
11.10 
13.87 
9.99 
9.11 
12.95 
14.07 
13.28 
12.62 
7.83 
3.65 
3.61 
6.12 
12.82 
12.60 
12.70 
12.38 
12.28 
12.07 
11.97 
11.77 
9.78 
3.18 
11.47 
11.38 
10.32 
8.51 
7.77 
10.92 
10.46 
2.92 
7.71 
10.32 
10.25 
6.44 
9.56 
9.22 
4.70 
2.71 
9.49 
4.51 
5.18 
9.23 
9.36 
7.93 
7.89 
8.96 
7.05 
4.65 
8.51 
2.50 
3.58 
5.49 
8.48 
8.70 
8.52 
8.00 
8.07 
8.31 
8.21 
8.37 
8.12 
7.95 
8.36 
8.28 
8.37 
8.46 
8.39 
8.40 
8.09 
8.44 
7.46 
8.48 
