20050101
9.64 
9.13 
10.71 
10.74 
5.56 
7.14 
10.59 
10.27 
10.59 
9.80 
10.60 
10.85 
10.62 
10.97 
9.98 
10.13 
9.81 
11.52 
11.30 
11.57 
9.87 
3.17 
4.10 
10.79 
8.73 
4.61 
3.32 
3.35 
12.34 
12.54 
12.32 
11.99 
13.37 
3.56 
11.95 
11.94 
10.28 
3.72 
3.76 
14.02 
14.47 
14.47 
14.13 
3.96 
4.01 
4.05 
14.36 
12.93 
14.35 
16.27 
16.16 
15.07 
12.36 
4.41 
11.56 
16.80 
16.42 
13.75 
16.16 
4.69 
17.96 
9.49 
17.70 
17.44 
17.56 
17.29 
17.68 
17.26 
16.02 
18.33 
19.96 
19.82 
18.14 
18.68 
8.53 
18.50 
20.61 
19.30 
20.86 
5.67 
19.37 
17.29 
21.65 
20.59 
21.44 
20.67 
21.68 
22.99 
21.31 
18.24 
16.82 
18.28 
21.89 
18.47 
17.17 
10.45 
18.89 
6.52 
21.88 
19.78 
18.29 
20.74 
24.62 
25.51 
24.65 
23.78 
14.91 
23.16 
10.20 
25.74 
26.63 
27.37 
23.39 
25.58 
26.31 
25.89 
25.80 
24.07 
21.18 
22.72 
27.24 
27.30 
25.05 
24.94 
9.38 
28.55 
22.28 
27.84 
28.06 
7.71 
21.30 
24.36 
7.79 
12.52 
23.14 
7.87 
7.89 
27.98 
29.03 
25.69 
14.06 
27.45 
29.51 
29.37 
20.76 
29.09 
20.14 
27.79 
18.48 
27.67 
19.37 
26.52 
28.92 
28.94 
29.13 
24.38 
29.33 
22.20 
8.26 
8.27 
22.40 
28.71 
25.14 
17.15 
24.30 
29.42 
29.76 
21.42 
28.06 
24.15 
29.26 
26.70 
28.91 
27.89 
15.46 
8.32 
8.31 
19.53 
22.59 
25.64 
30.22 
27.66 
21.02 
25.43 
29.49 
30.49 
29.29 
14.51 
8.22 
26.35 
27.52 
11.57 
19.85 
11.03 
13.04 
9.81 
11.99 
13.16 
8.07 
11.93 
28.26 
26.37 
16.41 
7.97 
11.31 
28.08 
25.02 
9.72 
26.11 
27.74 
26.86 
11.45 
18.92 
22.88 
7.69 
14.31 
12.78 
12.91 
24.78 
7.54 
7.51 
7.48 
14.03 
7.42 
21.31 
12.25 
7.31 
7.28 
8.87 
27.16 
26.60 
20.38 
25.31 
23.46 
7.02 
15.46 
25.13 
21.23 
17.02 
20.27 
20.35 
18.54 
6.69 
19.79 
22.20 
24.91 
21.55 
20.37 
22.28 
22.33 
21.93 
18.02 
15.80 
17.23 
9.77 
6.11 
22.48 
6.02 
14.26 
21.54 
19.96 
5.83 
5.78 
19.77 
20.95 
17.96 
18.42 
16.47 
18.90 
15.84 
5.40 
5.35 
9.31 
8.55 
14.09 
17.39 
18.21 
18.09 
13.29 
14.52 
18.77 
18.51 
16.94 
11.51 
4.72 
6.59 
16.96 
16.84 
16.08 
17.21 
16.83 
14.49 
4.35 
16.20 
15.84 
15.12 
14.76 
6.49 
4.08 
6.60 
15.11 
13.73 
13.85 
14.08 
12.84 
7.14 
6.86 
3.71 
3.67 
13.42 
11.59 
13.86 
9.70 
11.96 
12.18 
7.49 
8.99 
11.81 
11.92 
11.43 
8.62 
3.22 
3.19 
9.32 
11.73 
10.87 
11.38 
11.21 
10.57 
10.50 
8.24 
10.76 
10.51 
10.08 
10.03 
6.62 
4.73 
10.26 
10.40 
10.26 
10.41 
10.37 
5.51 
9.85 
10.00 
10.07 
10.13 
9.93 
10.00 
9.90 
9.97 
10.05 
7.72 
4.40 
10.04 
10.04 
9.41 
9.87 
9.79 
8.00 
9.90 
2.72 
2.73 
6.80 
2.75 
10.01 
8.76 
6.06 
2.79 
10.32 
10.36 
10.31 
10.27 
9.94 
9.43 
2.90 
2.92 
7.49 
2.97 
8.73 
3.01 
3.03 
3.06 
6.51 
3.11 
6.70 
10.73 
3.20 
3.23 
11.37 
11.45 
11.64 
3.35 
3.39 
4.36 
6.94 
11.56 
11.98 
13.36 
12.39 
6.81 
3.68 
13.57 
13.57 
14.02 
12.89 
13.45 
6.21 
3.96 
8.66 
8.27 
14.36 
14.00 
15.19 
15.19 
9.73 
4.32 
16.05 
12.71 
4.46 
8.27 
15.92 
5.87 
4.65 
16.42 
17.96 
17.18 
13.63 
16.78 
17.30 
17.29 
15.93 
10.77 
16.29 
11.34 
19.41 
18.99 
19.53 
13.92 
19.50 
9.44 
19.89 
20.16 
18.56 
19.11 
17.77 
19.92 
20.62 
21.18 
14.35 
14.28 
21.08 
21.49 
21.31 
15.22 
10.45 
20.57 
18.99 
22.30 
22.56 
6.43 
22.92 
13.84 
8.28 
6.61 
6.65 
19.63 
23.51 
24.08 
15.58 
17.08 
9.62 
12.72 
25.49 
26.38 
22.43 
25.58 
24.85 
25.42 
16.03 
7.25 
24.66 
24.56 
24.30 
24.86 
24.60 
25.65 
19.58 
7.52 
24.34 
26.56 
24.11 
18.33 
8.51 
25.77 
21.97 
7.76 
27.26 
27.13 
27.85 
26.55 
20.52 
12.97 
12.49 
7.96 
7.98 
21.70 
27.82 
21.92 
13.65 
8.08 
24.20 
28.47 
28.83 
26.31 
21.41 
27.37 
20.09 
8.21 
23.35 
26.25 
20.49 
22.20 
29.87 
28.35 
29.72 
29.05 
16.46 
11.36 
27.20 
27.71 
22.10 
29.76 
25.34 
16.66 
8.32 
25.85 
24.15 
27.04 
23.29 
11.21 
25.83 
16.47 
12.39 
8.30 
24.10 
20.52 
25.78 
24.58 
18.62 
17.59 
26.91 
21.81 
23.82 
8.21 
9.38 
24.28 
13.25 
8.15 
10.34 
8.12 
26.69 
13.66 
8.07 
11.93 
11.40 
29.24 
27.18 
23.28 
9.46 
7.93 
7.90 
7.88 
7.85 
12.35 
7.80 
9.28 
20.59 
25.38 
18.01 
7.67 
16.43 
23.02 
25.28 
17.13 
7.51 
7.48 
13.04 
17.26 
7.38 
18.14 
25.76 
24.22 
23.83 
24.08 
25.79 
15.69 
19.51 
7.06 
23.38 
22.02 
12.84 
6.90 
23.85 
14.42 
20.19 
8.47 
22.07 
21.51 
6.61 
6.56 
16.75 
21.30 
23.97 
18.65 
10.31 
23.04 
22.93 
23.43 
22.41 
20.80 
16.21 
9.14 
17.22 
12.70 
15.85 
15.76 
20.32 
20.64 
20.08 
20.25 
17.42 
5.54 
17.77 
19.07 
19.36 
19.52 
17.32 
18.03 
15.18 
16.84 
15.65 
15.00 
12.62 
10.01 
4.91 
13.13 
14.60 
18.12 
15.92 
4.67 
4.63 
4.58 
4.53 
16.96 
14.72 
9.07 
13.03 
4.30 
14.99 
15.72 
7.02 
10.98 
5.14 
9.75 
13.37 
14.07 
13.85 
13.62 
13.51 
13.52 
11.63 
12.97 
12.98 
14.08 
13.00 
12.47 
12.69 
6.13 
12.39 
11.67 
12.10 
12.42 
12.03 
8.38 
3.25 
10.56 
6.49 
3.16 
9.06 
3.11 
6.99 
3.06 
3.03 
3.01 
9.58 
10.67 
9.57 
10.18 
10.31 
10.63 
10.21 
8.78 
9.75 
2.82 
9.13 
2.79 
10.15 
8.13 
2.76 
2.75 
9.59 
9.03 
10.09 
9.63 
9.71 
7.81 
9.24 
2.71 
2.70 
9.14 
8.52 
8.88 
2.71 
2.71 
9.90 
10.19 
8.67 
2.74 
2.75 
4.30 
8.58 
8.70 
6.26 
5.46 
10.00 
10.22 
10.54 
10.03 
9.90 
10.32 
10.28 
10.24 
2.97 
2.99 
10.61 
10.19 
10.84 
6.22 
3.11 
10.17 
6.05 
10.11 
3.23 
3.26 
11.45 
11.44 
12.56 
12.03 
12.54 
11.37 
12.84 
11.44 
12.72 
12.71 
7.46 
12.81 
3.72 
9.44 
13.57 
14.24 
14.13 
12.30 
9.74 
15.18 
15.06 
15.07 
10.67 
13.51 
11.82 
4.27 
4.32 
13.71 
15.31 
4.46 
4.50 
4.55 
10.96 
12.32 
4.69 
13.04 
6.62 
4.84 
18.10 
18.63 
18.36 
18.76 
5.08 
19.70 
19.28 
17.07 
15.39 
16.05 
17.28 
17.82 
17.36 
9.08 
5.58 
5.63 
12.17 
9.79 
5.77 
19.30 
22.36 
20.11 
21.26 
19.29 
9.06 
6.11 
19.00 
16.97 
23.00 
23.11 
20.46 
7.93 
20.66 
21.06 
23.81 
19.85 
20.72 
6.65 
6.69 
23.83 
24.08 
9.53 
21.23 
23.87 
12.56 
19.86 
26.06 
17.09 
23.80 
10.88 
25.09 
26.15 
25.24 
25.48 
25.38 
24.79 
14.31 
27.40 
24.16 
26.71 
25.61 
24.50 
27.05 
22.45 
7.65 
25.89 
25.27 
11.59 
28.38 
27.93 
28.31 
7.84 
25.87 
23.56 
18.87 
27.34 
20.12 
24.03 
8.00 
8.02 
25.82 
28.05 
29.26 
28.10 
27.96 
28.49 
24.61 
8.16 
8.18 
8.19 
13.81 
26.92 
30.33 
24.06 
25.26 
26.97 
29.37 
28.36 
24.45 
8.29 
8.30 
21.41 
30.44 
27.38 
25.51 
18.19 
8.32 
8.32 
21.09 
12.07 
21.93 
24.14 
22.78 
28.72 
8.31 
28.20 
8.30 
8.29 
25.62 
23.40 
23.90 
22.36 
8.25 
25.55 
14.85 
19.92 
17.70 
28.02 
28.00 
10.37 
16.28 
14.91 
8.12 
22.47 
24.13 
11.95 
29.81 
22.19 
12.56 
27.01 
27.31 
26.77 
26.06 
7.90 
7.88 
9.03 
7.83 
20.00 
8.78 
24.43 
25.38 
28.16 
17.63 
11.45 
7.61 
7.58 
21.59 
23.02 
12.09 
24.39 
18.91 
16.23 
26.97 
23.96 
9.56 
21.55 
21.00 
13.48 
20.54 
23.86 
26.67 
25.47 
22.18 
24.66 
6.90 
19.08 
12.20 
24.93 
22.95 
22.07 
21.36 
16.59 
21.33 
23.56 
21.15 
24.13 
23.10 
23.15 
22.13 
21.11 
21.31 
21.81 
6.11 
6.07 
15.38 
5.97 
10.64 
5.88 
18.53 
13.05 
20.20 
19.65 
20.11 
16.28 
13.06 
5.49 
9.38 
16.57 
12.43 
14.28 
5.25 
8.21 
14.94 
16.32 
5.06 
5.01 
12.93 
14.68 
8.93 
6.51 
6.71 
16.31 
9.54 
16.96 
15.95 
15.70 
14.96 
13.11 
16.33 
15.96 
14.38 
15.11 
15.00 
4.17 
8.73 
4.08 
4.04 
11.29 
14.65 
3.91 
14.19 
14.42 
13.85 
13.74 
13.64 
11.67 
9.07 
3.59 
11.82 
13.65 
11.96 
12.39 
3.41 
5.98 
3.35 
12.03 
12.24 
11.35 
11.97 
10.19 
9.92 
10.84 
3.11 
8.26 
9.56 
3.03 
10.98 
11.11 
9.53 
10.80 
9.70 
2.90 
10.63 
10.86 
10.07 
9.48 
8.33 
9.95 
9.91 
2.78 
2.77 
9.91 
10.16 
10.58 
9.66 
10.36 
9.36 
6.12 
9.78 
9.06 
7.27 
7.00 
2.70 
10.13 
2.71 
7.46 
2.71 
2.72 
2.72 
9.21 
10.41 
10.34 
10.28 
10.04 
10.25 
10.10 
8.31 
8.98 
9.85 
9.71 
9.85 
6.44 
9.57 
10.75 
8.82 
2.97 
8.16 
11.19 
3.03 
3.06 
3.09 
9.70 
10.07 
3.17 
11.51 
12.10 
9.04 
11.97 
11.03 
10.39 
11.40 
12.75 
12.53 
12.41 
12.73 
13.04 
11.19 
8.44 
13.91 
13.13 
13.79 
13.91 
14.02 
15.04 
15.28 
14.59 
15.52 
14.95 
15.54 
15.31 
12.20 
15.07 
14.70 
12.99 
13.83 
15.92 
4.46 
7.01 
17.18 
17.44 
17.19 
17.45 
13.30 
15.49 
18.36 
17.97 
17.03 
18.76 
18.22 
14.15 
14.39 
16.55 
15.56 
5.28 
19.95 
17.70 
20.21 
19.49 
18.47 
5.58 
18.56 
17.23 
10.22 
17.88 
20.62 
22.06 
21.59 
21.56 
21.08 
6.06 
6.11 
18.70 
22.74 
7.62 
23.88 
23.84 
23.18 
20.50 
6.47 
12.13 
8.91 
17.27 
8.70 
20.58 
10.85 
25.03 
23.22 
22.99 
21.15 
22.51 
22.75 
22.35 
7.06 
7.10 
16.89 
25.42 
24.35 
16.41 
24.99 
26.37 
24.96 
24.70 
25.26 
22.18 
7.49 
7.52 
27.33 
27.55 
20.11 
7.65 
26.55 
19.75 
27.16 
7.76 
7.79 
24.11 
16.42 
26.72 
23.89 
7.91 
23.97 
25.69 
25.72 
29.14 
26.12 
23.45 
23.47 
27.23 
25.05 
23.89 
25.44 
26.99 
30.75 
22.62 
22.12 
29.11 
23.01 
18.60 
26.44 
21.52 
18.81 
26.82 
28.70 
27.69 
28.03 
21.06 
13.75 
8.31 
28.06 
20.23 
8.32 
22.79 
20.41 
21.94 
11.56 
21.59 
9.85 
18.35 
14.27 
8.31 
8.31 
14.76 
13.05 
8.29 
8.28 
22.03 
24.23 
18.78 
8.24 
30.46 
18.57 
8.21 
8.20 
21.90 
10.71 
23.89 
26.92 
8.12 
12.67 
17.38 
20.73 
22.56 
24.05 
20.14 
29.03 
26.47 
18.54 
11.12 
16.63 
10.90 
14.05 
20.04 
7.80 
7.78 
13.92 
7.72 
27.82 
24.11 
24.73 
25.34 
18.99 
18.78 
11.14 
7.48 
8.11 
7.42 
8.20 
19.61 
10.74 
20.48 
24.15 
7.21 
20.93 
23.29 
19.02 
7.06 
24.34 
22.50 
12.68 
16.93 
12.57 
15.21 
8.83 
14.45 
6.69 
23.70 
24.54 
24.29 
20.77 
18.67 
22.13 
9.45 
6.34 
17.41 
6.25 
18.89 
20.90 
22.30 
18.45 
19.99 
20.62 
14.77 
12.92 
19.26 
9.27 
18.47 
7.70 
14.24 
10.58 
5.54 
17.91 
20.05 
12.52 
15.63 
12.62 
18.17 
17.37 
18.07 
10.51 
6.94 
5.01 
18.37 
17.58 
16.67 
14.60 
17.73 
17.34 
17.47 
14.42 
14.18 
14.58 
12.47 
11.87 
4.39 
15.35 
13.29 
4.26 
4.69 
15.83 
16.30 
15.23 
16.05 
14.88 
12.58 
3.91 
5.57 
15.09 
13.63 
13.97 
14.19 
12.87 
12.44 
13.21 
12.47 
8.32 
12.06 
11.97 
10.52 
5.87 
6.13 
9.05 
10.72 
11.25 
11.97 
12.29 
11.91 
11.43 
11.85 
10.02 
9.37 
3.81 
11.17 
6.04 
11.05 
9.28 
10.93 
9.84 
9.61 
9.38 
2.85 
10.21 
10.36 
10.04 
8.18 
7.42 
4.95 
2.76 
7.36 
7.61 
10.02 
9.64 
9.63 
7.82 
9.96 
9.51 
6.46 
8.96 
9.41 
9.95 
9.51 
9.34 
10.07 
9.09 
5.96 
2.73 
9.96 
9.44 
10.28 
10.19 
8.49 
6.97 
7.09 
10.05 
9.44 
8.84 
2.85 
10.50 
10.27 
10.70 
10.94 
10.81 
11.16 
10.65 
10.04 
3.03 
11.04 
10.03 
6.56 
7.69 
8.74 
11.71 
11.89 
12.49 
12.07 
11.95 
11.11 
10.26 
10.34 
11.47 
3.49 
10.16 
12.29 
11.08 
12.59 
11.93 
12.58 
10.89 
13.68 
9.95 
13.90 
3.92 
12.74 
10.64 
15.77 
14.24 
7.23 
4.18 
8.68 
16.16 
13.72 
15.06 
13.45 
12.18 
16.80 
15.41 
16.55 
16.16 
17.32 
14.59 
14.18 
4.84 
13.74 
18.76 
17.69 
17.28 
18.75 
16.84 
17.50 
10.60 
19.54 
19.81 
16.30 
19.93 
19.20 
19.04 
21.02 
18.99 
5.67 
21.25 
21.08 
15.64 
22.21 
21.44 
20.37 
20.78 
8.16 
17.69 
19.75 
23.95 
21.33 
9.81 
18.77 
24.41 
24.83 
22.30 
22.56 
23.44 
22.44 
6.65 
18.21 
14.33 
22.33 
23.70 
25.70 
23.87 
14.17 
6.98 
14.44 
26.63 
26.39 
7.14 
12.23 
27.29 
27.69 
27.44 
21.28 
23.48 
24.04 
8.09 
19.53 
28.20 
27.43 
27.83 
26.72 
26.78 
26.00 
14.36 
7.71 
19.46 
28.21 
28.26 
11.51 
9.86 
15.61 
29.62 
28.82 
28.35 
26.87 
18.12 
21.36 
29.85 
26.32 
26.86 
26.55 
24.54 
9.47 
29.68 
30.72 
31.09 
27.37 
30.28 
30.98 
25.39 
26.59 
13.00 
27.64 
8.26 
27.50 
30.91 
28.88 
31.95 
26.17 
27.20 
22.78 
8.31 
13.76 
8.32 
8.32 
30.96 
20.06 
31.46 
27.72 
28.74 
27.20 
26.85 
21.06 
28.37 
28.53 
31.41 
28.85 
30.71 
26.79 
21.68 
17.25 
8.24 
24.52 
8.22 
28.21 
27.18 
15.13 
20.87 
8.15 
21.50 
25.54 
15.54 
8.09 
29.17 
25.93 
17.47 
30.08 
15.06 
14.87 
17.36 
8.43 
22.67 
13.24 
10.87 
19.21 
10.48 
17.63 
13.75 
11.72 
20.67 
16.97 
12.61 
12.08 
24.12 
23.41 
22.03 
9.79 
24.22 
24.32 
24.91 
25.67 
14.17 
12.33 
7.24 
21.48 
7.17 
27.16 
9.99 
15.26 
22.42 
11.62 
6.94 
12.95 
21.15 
24.39 
20.51 
24.84 
23.48 
21.04 
12.53 
13.09 
6.52 
6.48 
6.43 
7.92 
12.45 
23.50 
9.89 
20.86 
23.46 
20.50 
17.56 
21.48 
21.07 
18.74 
9.99 
7.73 
12.18 
21.21 
21.38 
18.10 
13.00 
11.50 
6.62 
6.29 
14.48 
15.91 
6.68 
12.95 
18.05 
19.42 
19.29 
18.22 
15.69 
17.18 
8.34 
14.05 
16.29 
8.14 
15.15 
18.24 
17.72 
15.45 
9.18 
16.96 
8.28 
16.09 
15.47 
15.96 
15.24 
15.12 
10.36 
4.12 
13.59 
14.30 
10.36 
7.98 
3.91 
10.45 
3.83 
14.30 
13.52 
11.98 
11.23 
7.77 
4.67 
8.28 
3.52 
8.46 
5.76 
3.41 
9.09 
12.42 
12.44 
11.94 
11.85 
11.17 
11.39 
11.61 
10.84 
10.08 
7.67 
3.06 
10.08 
3.01 
9.01 
6.77 
6.73 
10.27 
9.84 
4.66 
9.28 
2.85 
10.31 
9.35 
6.65 
7.91 
2.78 
2.77 
3.75 
9.43 
9.05 
9.30 
10.09 
10.08 
9.97 
10.05 
9.87 
9.95 
9.68 
8.87 
8.07 
2.71 
7.55 
8.36 
9.45 
8.93 
7.86 
9.60 
9.26 
5.20 
7.67 
2.78 
8.64 
10.32 
10.46 
10.50 
4.43 
9.38 
8.87 
10.70 
10.94 
11.19 
9.06 
11.03 
8.98 
3.03 
7.73 
3.09 
7.44 
11.75 
11.93 
12.01 
11.59 
12.28 
11.25 
8.35 
8.01 
12.65 
12.54 
12.85 
11.78 
12.19 
13.36 
13.04 
10.96 
10.83 
3.72 
8.55 
10.31 
9.27 
7.75 
14.13 
13.55 
5.75 
15.41 
13.77 
13.52 
10.28 
15.79 
13.61 
14.70 
15.19 
11.71 
4.46 
16.30 
11.25 
4.60 
4.90 
16.29 
16.54 
14.84 
9.57 
17.30 
16.90 
14.61 
6.65 
18.62 
18.74 
13.67 
18.04 
16.64 
5.33 
19.38 
19.65 
18.50 
6.38 
5.58 
8.64 
19.11 
10.51 
19.33 
8.16 
19.85 
21.44 
22.16 
21.83 
17.30 
13.93 
16.58 
23.65 
23.76 
20.97 
20.00 
10.70 
24.83 
23.55 
20.69 
10.63 
23.85 
11.68 
16.63 
26.20 
22.33 
16.37 
6.86 
18.75 
18.18 
6.98 
22.67 
9.97 
9.86 
26.31 
25.90 
16.68 
21.15 
26.30 
27.03 
28.25 
27.83 
27.90 
23.83 
19.58 
18.47 
15.37 
29.72 
25.28 
26.83 
13.36 
28.28 
29.00 
28.21 
28.93 
19.57 
26.84 
17.46 
7.89 
19.38 
30.38 
29.91 
19.13 
27.61 
24.09 
29.20 
30.93 
25.87 
8.10 
8.12 
22.72 
22.58 
17.16 
22.96 
20.43 
26.05 
27.60 
27.61 
21.51 
22.20 
29.02 
24.94 
8.28 
11.01 
22.42 
23.11 
28.39 
20.05 
24.14 
11.04 
8.32 
20.58 
29.09 
26.70 
27.89 
29.42 
29.25 
25.84 
26.17 
24.30 
23.10 
21.90 
13.73 
8.29 
31.39 
29.33 
24.06 
31.34 
31.15 
21.30 
30.44 
21.43 
8.54 
10.39 
8.17 
16.11 
10.85 
8.12 
19.77 
11.13 
19.38 
8.05 
8.03 
15.93 
7.99 
23.28 
23.58 
22.70 
7.90 
14.08 
22.59 
20.88 
9.14 
10.95 
12.59 
27.88 
18.17 
7.67 
21.08 
27.32 
24.29 
13.82 
7.51 
15.88 
7.45 
23.67 
7.38 
16.34 
28.37 
25.69 
22.69 
7.21 
7.17 
7.13 
7.09 
11.72 
21.13 
20.90 
26.09 
24.25 
21.62 
22.33 
23.98 
18.54 
15.01 
6.65 
19.71 
8.89 
21.55 
18.83 
17.97 
7.46 
23.00 
11.32 
21.57 
22.97 
22.41 
22.75 
20.39 
11.07 
5.97 
5.93 
5.88 
21.16 
5.78 
5.74 
21.67 
21.54 
19.56 
20.44 
18.20 
18.78 
20.62 
19.80 
19.12 
11.30 
9.44 
9.23 
19.70 
18.90 
16.90 
14.79 
14.81 
14.70 
4.82 
16.82 
17.86 
17.09 
18.36 
17.47 
16.96 
6.11 
4.44 
4.39 
13.27 
4.30 
4.26 
4.21 
4.17 
16.18 
14.41 
14.30 
15.11 
14.99 
14.99 
14.76 
13.85 
13.85 
13.86 
12.97 
12.43 
11.79 
10.51 
12.89 
12.37 
11.96 
9.55 
10.73 
12.72 
9.64 
12.44 
11.63 
10.23 
3.22 
6.09 
7.44 
9.16 
11.75 
10.31 
11.02 
10.95 
3.01 
11.59 
10.86 
6.63 
2.92 
2.90 
9.23 
9.93 
8.96 
8.74 
10.45 
8.48 
10.83 
9.06 
8.31 
9.82 
2.75 
8.60 
10.20 
10.18 
9.09 
9.71 
8.80 
8.97 
8.88 
5.48 
2.70 
9.15 
10.31 
10.05 
9.80 
9.99 
10.46 
7.32 
9.32 
10.34 
10.46 
9.04 
7.79 
8.28 
10.78 
10.73 
10.96 
8.60 
10.87 
10.83 
10.88 
11.03 
11.00 
10.77 
11.32 
11.38 
11.45 
11.52 
11.69 
11.67 
11.85 
7.85 
12.11 
12.10 
11.78 
12.58 
8.46 
11.94 
13.17 
13.17 
13.27 
13.37 
11.55 
10.35 
10.76 
10.63 
13.47 
3.72 
13.13 
9.52 
3.84 
9.57 
14.13 
3.96 
14.13 
13.77 
7.63 
12.34 
14.35 
14.11 
11.79 
10.42 
4.36 
10.60 
14.80 
16.30 
4.55 
8.92 
13.73 
17.96 
18.35 
19.01 
19.15 
16.91 
17.96 
19.56 
19.70 
20.10 
19.43 
16.55 
15.83 
17.47 
11.87 
20.92 
21.19 
20.19 
14.06 
15.73 
13.96 
20.12 
21.83 
21.38 
22.38 
22.80 
19.52 
23.05 
18.84 
22.84 
22.06 
21.11 
6.20 
22.70 
24.34 
23.53 
21.33 
7.36 
20.44 
23.96 
21.56 
21.50 
25.84 
24.36 
23.35 
23.45 
25.13 
25.38 
18.59 
26.04 
26.46 
21.54 
7.06 
18.13 
20.46 
27.37 
7.21 
14.61 
24.49 
26.37 
10.48 
17.12 
27.07 
28.79 
28.36 
13.83 
12.04 
27.55 
27.61 
16.32 
17.03 
20.08 
26.82 
29.55 
29.44 
27.81 
27.68 
28.73 
24.57 
21.74 
25.82 
16.74 
29.61 
29.81 
29.85 
28.19 
28.22 
17.23 
27.93 
27.79 
24.93 
24.78 
26.33 
30.09 
29.43 
25.54 
28.62 
30.67 
11.64 
26.45 
25.78 
29.03 
26.83 
17.48 
30.59 
30.59 
27.54 
18.18 
17.67 
20.57 
24.83 
26.70 
25.68 
24.49 
8.32 
8.32 
26.01 
27.20 
24.81 
19.70 
26.67 
8.30 
10.33 
8.29 
8.28 
30.01 
29.32 
19.80 
24.03 
18.75 
30.61 
31.77 
24.80 
25.29 
23.75 
25.42 
11.52 
23.68 
25.51 
15.52 
17.86 
8.05 
10.56 
13.40 
7.99 
12.68 
17.36 
7.93 
27.87 
16.26 
7.85 
7.83 
18.50 
27.31 
14.92 
12.55 
22.17 
26.11 
13.78 
7.61 
10.72 
23.08 
17.58 
27.74 
11.72 
9.88 
20.98 
7.35 
7.31 
21.94 
16.02 
23.76 
18.99 
26.03 
24.99 
23.46 
16.48 
22.34 
21.46 
22.02 
7.49 
23.28 
22.09 
20.59 
6.69 
20.26 
24.85 
15.89 
24.18 
24.23 
21.97 
19.88 
13.52 
22.74 
6.25 
19.65 
16.99 
6.11 
10.99 
18.65 
10.56 
13.59 
20.55 
22.04 
22.21 
21.79 
21.52 
21.40 
19.99 
19.44 
18.76 
14.57 
5.40 
19.24 
20.36 
18.99 
19.96 
19.70 
15.92 
15.94 
18.77 
16.91 
8.61 
4.86 
13.68 
10.34 
6.27 
7.49 
17.47 
16.96 
17.34 
16.58 
16.71 
6.49 
9.36 
13.78 
8.60 
4.21 
15.83 
15.47 
8.07 
13.60 
12.68 
12.35 
6.65 
3.87 
11.37 
8.48 
7.97 
3.93 
3.67 
8.20 
10.73 
5.17 
13.01 
12.38 
11.23 
11.25 
12.62 
12.11 
10.39 
3.28 
3.25 
3.93 
11.19 
12.01 
10.15 
3.11 
11.77 
5.87 
9.31 
4.55 
10.25 
8.19 
6.07 
11.02 
10.12 
2.88 
2.87 
2.85 
2.83 
2.82 
2.80 
10.65 
10.52 
10.49 
10.46 
10.34 
6.89 
10.47 
10.45 
10.26 
9.26 
10.14 
9.96 
9.95 
10.22 
10.13 
8.61 
10.22 
9.79 
8.90 
2.72 
8.93 
4.35 
2.74 
7.99 
10.28 
3.40 
10.25 
10.56 
10.05 
4.75 
2.83 
2.85 
2.87 
6.62 
10.79 
10.66 
11.00 
10.87 
5.48 
3.01 
3.03 
3.06 
3.09 
3.11 
10.76 
11.33 
11.31 
11.89 
11.78 
11.25 
11.03 
3.35 
10.78 
3.42 
9.26 
13.05 
13.26 
10.13 
12.60 
3.64 
13.03 
13.91 
14.35 
10.31 
14.24 
13.90 
3.92 
11.36 
12.85 
13.07 
15.54 
15.42 
16.15 
15.07 
11.79 
12.38 
4.36 
16.17 
7.95 
16.42 
15.92 
10.19 
13.35 
10.75 
4.74 
11.05 
4.84 
8.59 
4.94 
17.96 
18.62 
19.02 
16.57 
18.74 
19.55 
19.82 
18.70 
19.66 
15.14 
5.48 
5.53 
20.88 
17.12 
19.39 
18.06 
12.63 
15.20 
22.94 
22.78 
20.08 
23.02 
21.34 
17.09 
22.93 
23.65 
16.45 
6.29 
23.99 
24.26 
24.83 
24.17 
23.34 
24.22 
20.72 
11.21 
24.36 
23.83 
24.08 
24.33 
16.28 
25.79 
23.64 
15.67 
16.54 
7.06 
12.29 
17.21 
18.09 
7.21 
27.86 
26.95 
24.89 
20.02 
23.21 
7.43 
21.35 
25.22 
26.44 
25.83 
28.39 
27.61 
19.83 
26.55 
23.26 
24.48 
7.76 
13.66 
19.24 
29.87 
28.23 
27.43 
29.16 
28.01 
24.00 
10.01 
23.05 
16.14 
24.80 
25.85 
20.96 
29.63 
27.28 
26.29 
8.15 
30.92 
27.20 
8.19 
22.31 
8.22 
27.10 
26.10 
24.58 
21.19 
28.86 
23.93 
20.37 
30.59 
27.02 
22.43 
14.95 
30.27 
29.25 
28.40 
16.15 
22.45 
11.73 
14.11 
8.32 
8.32 
15.29 
11.55 
15.96 
27.35 
8.30 
8.29 
26.81 
27.14 
29.84 
29.15 
19.80 
8.24 
18.41 
8.22 
16.18 
8.20 
17.33 
26.46 
24.74 
27.59 
29.26 
29.23 
26.16 
21.91 
16.15 
8.03 
13.91 
7.99 
21.93 
28.12 
23.88 
7.90 
12.74 
11.87 
11.51 
26.52 
20.46 
7.75 
7.72 
23.50 
7.67 
25.89 
11.09 
15.02 
20.43 
7.51 
25.76 
24.55 
9.38 
13.94 
25.99 
7.31 
26.01 
23.99 
18.40 
7.17 
16.50 
16.12 
21.53 
26.11 
24.58 
25.13 
24.25 
18.76 
8.40 
19.09 
21.69 
16.74 
12.91 
6.61 
6.56 
20.93 
23.92 
23.36 
10.68 
6.34 
14.67 
21.42 
16.48 
6.16 
16.90 
20.69 
23.41 
22.25 
20.66 
22.16 
21.45 
18.28 
19.77 
17.35 
10.37 
18.42 
18.88 
15.09 
19.07 
9.59 
19.94 
19.67 
19.13 
19.28 
18.07 
12.13 
17.55 
15.43 
15.72 
16.00 
14.31 
13.94 
17.60 
17.47 
14.27 
16.71 
13.80 
7.67 
6.98 
16.46 
14.36 
14.25 
13.05 
4.26 
15.36 
14.64 
14.88 
13.35 
4.04 
13.49 
15.11 
5.39 
14.08 
13.51 
13.29 
8.75 
6.25 
3.67 
10.38 
12.56 
10.53 
13.12 
11.53 
3.45 
12.40 
12.62 
12.94 
12.13 
10.41 
7.00 
11.97 
3.19 
11.91 
10.84 
9.10 
3.08 
11.41 
10.66 
3.01 
10.92 
10.10 
10.80 
10.36 
10.87 
2.88 
2.87 
10.54 
9.20 
10.08 
4.82 
5.62 
10.34 
10.03 
6.65 
6.45 
2.74 
2.73 
2.72 
2.72 
2.71 
9.69 
10.13 
2.71 
2.70 
5.48 
9.86 
10.05 
8.44 
9.62 
9.27 
2.72 
2.73 
9.42 
10.16 
9.83 
9.19 
9.86 
10.34 
9.37 
10.14 
9.63 
2.83 
4.80 
10.50 
2.89 
2.90 
2.92 
2.94 
9.16 
2.99 
9.46 
10.77 
7.92 
9.93 
3.11 
3.14 
3.17 
3.20 
12.00 
11.07 
12.17 
3.32 
3.35 
3.39 
3.42 
3.45 
13.26 
12.51 
3.56 
13.58 
3.64 
9.07 
13.80 
13.13 
12.22 
11.19 
7.41 
14.02 
13.21 
4.01 
14.48 
4.09 
5.32 
13.87 
15.31 
14.46 
11.16 
15.68 
15.55 
8.45 
4.50 
15.67 
12.23 
7.72 
17.70 
7.08 
17.84 
18.23 
16.12 
4.94 
15.15 
15.53 
15.64 
19.15 
16.96 
5.23 
19.68 
15.36 
15.74 
16.13 
5.48 
14.06 
8.72 
18.27 
10.44 
21.40 
12.19 
22.08 
20.88 
20.41 
15.62 
21.08 
14.75 
8.82 
10.08 
6.20 
21.33 
22.35 
14.17 
6.38 
23.75 
23.24 
21.47 
22.81 
23.70 
25.68 
24.21 
14.33 
24.87 
24.01 
23.78 
20.99 
25.88 
8.75 
23.32 
21.62 
13.59 
17.54 
24.77 
25.00 
21.97 
24.49 
9.79 
27.92 
27.66 
26.08 
22.84 
20.25 
27.10 
24.17 
26.06 
23.78 
19.49 
7.68 
27.61 
29.17 
26.87 
18.53 
28.64 
26.34 
25.54 
10.42 
11.29 
22.78 
28.05 
24.03 
27.61 
16.48 
17.86 
26.86 
8.08 
8.10 
9.64 
30.02 
30.21 
28.20 
26.86 
13.63 
26.05 
12.47 
8.23 
8.24 
8.25 
15.41 
20.69 
8.28 
18.67 
27.52 
28.38 
27.03 
26.52 
8.31 
20.91 
22.79 
28.92 
10.53 
25.17 
8.32 
17.00 
21.25 
10.36 
15.80 
18.00 
9.67 
18.33 
16.28 
8.29 
31.05 
29.50 
27.96 
29.47 
28.61 
13.66 
8.22 
8.21 
8.20 
11.23 
26.46 
23.72 
21.84 
8.12 
26.19 
25.99 
8.07 
11.59 
25.90 
26.54 
26.51 
21.09 
27.78 
28.75 
12.77 
7.88 
26.61 
11.01 
26.02 
17.79 
14.75 
13.55 
22.17 
19.46 
27.38 
7.61 
10.22 
21.92 
23.19 
25.27 
7.45 
11.52 
22.62 
22.23 
7.31 
17.87 
23.99 
25.54 
24.49 
20.86 
18.70 
14.94 
17.93 
19.46 
23.70 
22.98 
6.86 
6.82 
20.19 
23.42 
24.27 
23.23 
18.46 
17.29 
9.31 
6.48 
14.43 
16.66 
6.34 
7.97 
17.62 
21.01 
20.60 
10.46 
21.14 
18.95 
9.23 
5.93 
15.85 
14.74 
18.14 
18.03 
5.69 
5.64 
19.42 
20.58 
20.03 
18.08 
18.67 
5.35 
8.75 
7.45 
19.14 
18.20 
15.92 
17.55 
14.89 
14.79 
15.60 
15.88 
12.64 
17.21 
13.09 
4.67 
4.63 
16.71 
17.09 
15.96 
13.98 
4.39 
15.60 
13.17 
13.91 
15.36 
15.00 
14.29 
13.94 
11.03 
3.99 
10.51 
11.90 
10.56 
4.73 
3.79 
12.41 
13.53 
3.67 
9.40 
13.21 
10.21 
3.52 
12.80 
12.07 
12.40 
3.38 
12.01 
11.21 
10.82 
12.16 
11.97 
11.49 
11.31 
9.85 
9.98 
5.43 
3.06 
11.15 
10.79 
10.73 
10.95 
10.61 
10.65 
10.31 
9.42 
9.84 
8.68 
10.58 
9.07 
7.94 
2.79 
10.15 
6.49 
10.27 
10.25 
10.04 
9.93 
9.37 
2.72 
2.71 
10.14 
10.05 
9.95 
9.77 
2.70 
5.12 
4.77 
2.71 
9.98 
9.63 
9.92 
9.48 
9.96 
7.54 
9.55 
10.13 
8.88 
8.55 
9.32 
2.82 
2.83 
10.54 
9.66 
9.43 
7.22 
10.75 
8.91 
9.63 
9.02 
3.01 
5.94 
11.23 
3.09 
11.28 
11.35 
11.13 
7.30 
3.23 
9.85 
11.35 
10.20 
11.73 
4.84 
12.33 
3.45 
3.49 
12.19 
13.04 
12.93 
12.05 
8.41 
3.72 
3.76 
14.02 
14.24 
13.45 
12.75 
10.32 
10.64 
4.05 
10.23 
9.36 
12.08 
8.08 
4.27 
4.32 
4.36 
4.41 
4.46 
4.50 
8.34 
17.44 
15.14 
15.51 
15.11 
4.79 
16.00 
16.12 
18.36 
17.15 
10.42 
18.21 
15.75 
14.08 
18.04 
19.54 
20.23 
18.82 
18.94 
16.94 
18.33 
11.87 
21.43 
21.13 
19.80 
19.19 
19.89 
18.53 
16.27 
11.61 
6.01 
21.04 
21.46 
15.67 
20.92 
13.86 
23.42 
21.69 
23.33 
22.98 
22.61 
22.09 
17.50 
12.41 
6.65 
22.47 
21.93 
20.43 
16.69 
9.58 
8.82 
18.66 
11.49 
24.77 
24.37 
24.93 
22.90 
22.97 
24.51 
10.36 
24.33 
26.37 
25.45 
25.36 
24.76 
20.03 
25.55 
26.93 
27.00 
24.23 
20.95 
24.33 
17.03 
18.24 
7.73 
27.54 
26.92 
27.64 
27.18 
26.88 
27.09 
25.62 
16.54 
26.19 
24.88 
27.28 
27.99 
8.04 
22.12 
27.06 
28.95 
31.35 
29.51 
27.67 
23.45 
22.11 
19.58 
27.24 
24.03 
27.10 
19.46 
28.83 
18.30 
25.96 
10.66 
23.77 
25.82 
23.45 
25.67 
22.10 
12.40 
8.32 
26.19 
12.75 
10.70 
20.92 
15.47 
29.08 
26.86 
8.32 
19.20 
29.57 
30.24 
28.36 
24.78 
8.29 
8.28 
8.27 
8.26 
8.25 
10.96 
8.23 
13.48 
15.16 
25.31 
25.29 
28.32 
27.11 
26.41 
27.23 
13.18 
20.92 
12.29 
24.08 
25.73 
14.41 
7.99 
11.00 
7.95 
21.53 
25.52 
25.31 
24.27 
22.22 
7.80 
14.79 
21.42 
25.04 
12.19 
7.67 
18.42 
21.03 
23.96 
22.41 
24.67 
24.94 
27.84 
24.49 
7.38 
26.81 
25.27 
22.27 
9.36 
14.34 
24.17 
23.13 
20.15 
13.49 
11.35 
15.78 
24.34 
24.41 
24.48 
6.82 
17.98 
6.73 
6.69 
9.00 
6.61 
23.66 
23.25 
21.76 
16.74 
12.98 
21.47 
21.37 
21.42 
11.04 
7.96 
19.60 
6.07 
22.07 
10.86 
10.05 
20.40 
19.56 
10.14 
8.92 
5.69 
5.64 
12.72 
16.89 
5.49 
18.08 
8.61 
10.21 
16.35 
8.96 
16.14 
6.65 
5.11 
13.52 
18.90 
15.98 
12.30 
15.23 
8.73 
13.84 
4.72 
17.21 
16.07 
15.95 
16.33 
15.09 
12.37 
4.39 
4.35 
4.30 
4.26 
4.21 
4.17 
4.12 
13.47 
14.53 
5.04 
7.17 
3.91 
3.87 
3.83 
13.74 
14.19 
13.64 
9.59 
12.23 
8.46 
11.07 
12.37 
10.69 
5.87 
11.77 
11.69 
10.88 
6.29 
3.28 
11.15 
10.26 
3.19 
3.16 
6.10 
10.97 
3.08 
10.73 
6.22 
3.01 
2.99 
9.24 
2.94 
6.50 
10.40 
10.35 
9.75 
10.17 
10.03 
9.25 
2.80 
6.54 
2.78 
5.76 
10.00 
9.89 
9.23 
8.13 
9.01 
9.90 
9.53 
7.81 
7.54 
9.86 
9.68 
9.95 
7.80 
10.05 
9.70 
8.99 
5.41 
8.48 
9.12 
9.60 
9.98 
