20050101
10.07 
8.38 
10.32 
10.26 
2.80 
7.95 
10.47 
10.52 
10.20 
10.34 
10.39 
10.63 
10.60 
10.09 
9.57 
9.34 
10.17 
11.11 
11.18 
11.25 
10.44 
3.16 
3.19 
10.86 
3.65 
4.20 
3.31 
3.34 
12.11 
7.70 
12.29 
12.39 
12.60 
3.55 
10.31 
6.14 
7.84 
3.71 
3.75 
13.88 
13.88 
14.11 
8.38 
6.38 
5.39 
4.04 
7.97 
6.26 
13.85 
15.65 
15.53 
14.92 
15.04 
4.40 
14.41 
16.40 
16.40 
15.64 
5.66 
9.32 
17.55 
6.22 
17.55 
17.15 
16.61 
16.06 
17.93 
15.48 
15.87 
18.99 
19.12 
19.11 
17.15 
18.10 
7.81 
18.05 
19.31 
18.14 
17.82 
5.67 
18.62 
21.65 
21.48 
21.31 
18.47 
19.17 
21.36 
22.07 
21.14 
15.96 
14.38 
18.57 
21.11 
17.38 
6.38 
11.99 
15.93 
6.52 
21.86 
22.27 
18.91 
20.88 
22.71 
24.38 
24.16 
22.65 
13.62 
20.90 
11.97 
20.24 
25.48 
25.73 
16.07 
25.56 
26.13 
17.22 
25.63 
20.28 
17.55 
16.45 
25.57 
26.13 
24.21 
18.30 
10.54 
27.37 
22.94 
26.82 
27.88 
9.38 
23.46 
17.81 
7.79 
7.81 
11.71 
7.87 
8.90 
26.79 
26.49 
24.33 
8.66 
27.60 
29.50 
29.02 
19.07 
29.25 
15.72 
25.75 
11.52 
23.93 
8.16 
21.59 
29.76 
29.27 
27.42 
8.23 
28.64 
9.95 
8.26 
8.27 
15.93 
26.49 
21.73 
17.83 
23.28 
29.75 
27.54 
15.46 
28.40 
14.45 
28.40 
23.46 
27.88 
24.99 
10.36 
8.32 
8.31 
18.68 
19.18 
27.50 
28.68 
24.93 
16.60 
25.42 
29.14 
30.14 
29.96 
20.95 
9.24 
25.32 
25.14 
27.15 
18.66 
8.15 
16.26 
9.31 
8.11 
11.97 
10.60 
13.95 
21.51 
24.51 
9.51 
7.97 
16.01 
24.71 
19.30 
10.56 
25.43 
27.89 
14.65 
9.61 
15.58 
24.04 
9.52 
12.65 
18.08 
17.38 
11.87 
9.85 
7.51 
7.48 
7.45 
7.41 
12.13 
10.45 
7.31 
7.27 
13.25 
26.34 
26.42 
20.37 
22.72 
19.91 
7.01 
22.01 
23.68 
15.80 
18.12 
14.25 
17.34 
11.61 
9.35 
21.50 
22.34 
24.89 
22.62 
20.05 
23.34 
22.01 
21.30 
18.92 
9.88 
12.69 
6.15 
6.11 
21.87 
6.01 
7.59 
21.97 
17.30 
5.83 
5.78 
18.74 
19.78 
13.51 
17.41 
12.20 
16.63 
15.68 
5.39 
5.34 
8.19 
5.25 
14.21 
15.46 
17.52 
16.32 
5.00 
15.96 
18.35 
16.26 
14.32 
10.33 
4.71 
9.52 
16.94 
17.44 
15.31 
16.19 
15.32 
13.85 
4.34 
15.33 
15.21 
13.42 
14.38 
10.02 
4.07 
8.34 
14.97 
14.85 
14.16 
13.37 
11.69 
11.04 
3.74 
3.70 
3.66 
13.62 
12.11 
13.19 
11.92 
12.46 
12.26 
6.85 
10.21 
11.99 
12.00 
8.87 
8.50 
3.21 
3.19 
11.29 
10.92 
10.06 
10.68 
7.60 
10.54 
10.00 
5.17 
11.12 
10.87 
7.05 
8.04 
2.88 
7.31 
10.05 
10.19 
10.06 
10.02 
7.61 
2.77 
7.92 
10.25 
9.95 
9.75 
9.73 
9.71 
9.78 
9.77 
9.40 
7.34 
8.32 
9.66 
9.30 
7.96 
7.79 
8.78 
9.15 
8.08 
2.72 
2.72 
2.73 
8.42 
8.17 
7.56 
4.13 
2.78 
9.75 
10.34 
10.11 
8.85 
10.10 
6.33 
2.90 
2.92 
9.56 
2.96 
2.98 
3.00 
3.03 
4.51 
3.08 
3.10 
4.71 
9.72 
3.19 
3.22 
11.04 
8.27 
11.21 
3.34 
9.41 
3.41 
6.71 
10.91 
12.49 
12.80 
12.04 
3.63 
3.67 
12.66 
14.22 
13.55 
12.75 
13.54 
3.91 
3.95 
12.94 
6.26 
14.57 
15.40 
15.17 
15.53 
8.75 
4.31 
16.27 
12.93 
4.45 
8.38 
11.23 
4.59 
4.64 
15.75 
17.68 
16.38 
15.32 
16.49 
17.41 
17.00 
11.48 
14.00 
15.32 
14.75 
19.25 
19.52 
19.65 
16.28 
19.34 
5.47 
20.02 
18.28 
17.25 
15.05 
20.07 
21.65 
21.19 
19.25 
14.92 
12.49 
21.81 
20.28 
22.04 
17.17 
12.56 
17.50 
21.11 
19.83 
21.47 
6.43 
22.29 
13.83 
8.12 
6.60 
6.65 
19.62 
22.71 
20.42 
21.45 
14.36 
6.90 
6.94 
25.80 
25.72 
17.89 
24.60 
22.08 
25.24 
7.21 
7.25 
23.33 
25.70 
20.84 
24.85 
22.60 
25.80 
22.89 
7.52 
23.66 
17.56 
21.10 
7.65 
7.68 
27.60 
18.61 
7.76 
27.24 
27.46 
27.00 
25.53 
15.47 
15.50 
7.94 
7.96 
7.98 
21.69 
26.79 
17.69 
8.06 
8.08 
12.50 
30.32 
26.45 
23.59 
13.60 
17.01 
9.38 
8.21 
12.30 
11.80 
14.36 
24.74 
28.50 
26.13 
26.14 
23.43 
11.52 
8.30 
26.68 
24.13 
23.97 
28.90 
10.87 
8.32 
8.32 
23.29 
8.32 
24.99 
12.57 
8.32 
24.47 
23.95 
17.31 
11.36 
23.42 
16.78 
28.49 
26.95 
20.48 
18.94 
25.72 
18.75 
12.63 
8.21 
8.20 
23.42 
19.34 
8.15 
8.14 
11.16 
24.32 
8.09 
8.07 
8.05 
11.91 
29.56 
26.33 
16.88 
8.45 
7.92 
7.90 
7.88 
7.85 
13.35 
7.80 
8.44 
23.92 
25.87 
18.67 
15.63 
19.24 
16.71 
16.17 
17.29 
7.51 
7.48 
7.45 
7.41 
7.38 
7.34 
25.75 
22.74 
22.19 
22.93 
22.70 
16.33 
21.91 
7.05 
22.72 
17.53 
6.93 
6.89 
22.56 
8.55 
19.55 
6.73 
20.49 
13.37 
14.08 
6.56 
15.96 
17.58 
23.03 
11.13 
14.28 
24.09 
22.91 
22.95 
21.34 
18.68 
6.06 
14.18 
13.51 
16.37 
15.84 
16.77 
19.14 
20.47 
19.35 
18.09 
11.42 
5.54 
20.43 
17.50 
19.07 
20.05 
16.06 
17.46 
16.12 
15.46 
16.98 
14.85 
5.00 
14.64 
7.94 
7.61 
14.45 
17.32 
16.16 
4.67 
4.62 
4.57 
4.52 
15.81 
12.10 
11.88 
9.35 
4.29 
14.61 
15.69 
4.16 
12.14 
7.24 
4.03 
14.39 
14.05 
6.98 
13.83 
13.15 
11.04 
10.28 
12.40 
13.40 
13.29 
12.97 
10.94 
12.13 
6.54 
12.16 
8.83 
12.49 
11.88 
11.90 
6.02 
3.25 
9.64 
7.47 
3.16 
6.28 
3.10 
3.08 
3.05 
3.03 
3.00 
8.03 
10.74 
9.83 
10.06 
10.29 
9.96 
9.72 
2.84 
7.43 
2.81 
7.92 
2.78 
9.95 
2.76 
2.75 
2.74 
9.66 
2.72 
9.71 
9.78 
9.32 
5.38 
8.06 
2.70 
2.70 
9.48 
5.55 
3.59 
2.70 
2.71 
9.61 
9.53 
2.72 
2.73 
2.74 
7.90 
7.56 
2.77 
3.88 
5.27 
10.16 
10.20 
10.15 
7.13 
7.17 
10.20 
10.26 
10.03 
2.96 
2.98 
10.59 
10.46 
10.62 
5.62 
3.10 
10.93 
3.16 
10.29 
3.22 
3.25 
11.33 
11.82 
11.91 
11.28 
11.99 
12.19 
12.28 
10.99 
12.69 
11.50 
10.17 
11.36 
3.71 
6.09 
13.32 
13.88 
13.99 
4.83 
9.61 
14.69 
14.10 
12.33 
13.74 
14.33 
11.68 
12.99 
4.31 
15.53 
14.79 
9.43 
4.50 
4.54 
4.59 
12.82 
4.69 
14.06 
4.78 
4.83 
18.47 
18.20 
19.14 
17.79 
13.05 
20.08 
19.40 
17.74 
15.23 
13.95 
14.74 
14.70 
18.34 
5.52 
5.57 
5.62 
12.02 
5.72 
5.77 
20.75 
21.31 
21.42 
21.84 
20.02 
8.30 
6.10 
17.93 
17.87 
23.44 
23.86 
22.90 
6.38 
19.56 
24.46 
24.41 
22.17 
22.27 
6.65 
9.53 
24.44 
24.38 
14.13 
22.65 
24.98 
14.00 
14.06 
26.37 
19.99 
23.79 
7.14 
24.59 
26.78 
26.53 
26.12 
24.39 
23.47 
14.64 
27.06 
23.16 
26.69 
23.94 
27.65 
27.54 
26.60 
7.65 
25.71 
24.59 
13.09 
29.04 
23.39 
28.47 
7.84 
28.56 
27.76 
27.46 
29.86 
20.95 
28.25 
8.00 
8.02 
19.38 
29.39 
26.71 
26.57 
29.65 
28.48 
16.12 
8.16 
8.18 
8.19 
8.21 
28.27 
30.32 
24.39 
21.68 
26.29 
28.68 
28.18 
21.72 
8.29 
8.30 
26.17 
28.22 
20.73 
18.01 
8.32 
8.32 
8.32 
21.93 
15.47 
15.63 
16.14 
26.68 
25.83 
8.31 
22.41 
8.30 
8.29 
22.22 
25.26 
13.20 
25.24 
12.50 
13.84 
15.86 
8.22 
14.31 
28.86 
21.73 
13.42 
13.57 
16.26 
8.12 
19.42 
13.32 
8.07 
28.96 
14.27 
18.11 
23.47 
24.61 
24.41 
22.19 
7.90 
7.88 
7.85 
7.83 
7.80 
7.78 
24.08 
18.04 
21.83 
13.31 
7.63 
7.60 
7.57 
17.62 
21.69 
12.42 
21.58 
20.21 
7.38 
26.31 
22.97 
8.09 
23.98 
20.18 
23.67 
20.21 
24.97 
23.93 
25.93 
20.57 
17.94 
6.89 
16.85 
11.72 
25.55 
20.57 
22.68 
18.37 
21.25 
17.28 
23.70 
18.66 
21.80 
23.39 
22.98 
22.11 
19.43 
19.33 
18.63 
6.11 
6.06 
14.33 
5.97 
5.92 
5.87 
18.66 
19.14 
20.76 
19.35 
19.66 
15.27 
20.13 
5.49 
11.05 
16.41 
11.59 
9.57 
5.25 
13.25 
14.65 
14.01 
5.05 
5.67 
13.57 
17.83 
9.05 
9.37 
5.54 
16.93 
6.71 
17.19 
17.06 
17.31 
13.94 
11.24 
16.06 
15.70 
13.51 
13.41 
11.98 
4.16 
9.19 
4.07 
4.03 
11.85 
12.10 
3.90 
13.71 
13.83 
13.38 
13.50 
12.29 
8.58 
3.62 
3.59 
7.94 
12.66 
12.78 
9.64 
3.41 
6.17 
3.34 
7.91 
11.81 
10.82 
10.54 
10.87 
9.90 
9.93 
3.10 
10.09 
5.76 
6.98 
10.77 
11.08 
8.74 
10.49 
10.06 
2.90 
10.05 
10.37 
10.23 
7.98 
9.51 
10.02 
9.07 
2.77 
2.76 
9.80 
9.59 
9.93 
9.19 
9.89 
8.44 
7.71 
8.51 
9.57 
2.70 
6.80 
2.70 
9.75 
2.70 
4.40 
2.71 
2.71 
2.72 
9.10 
9.75 
9.78 
9.71 
8.56 
9.86 
6.98 
2.80 
2.81 
9.00 
8.21 
9.45 
2.88 
8.61 
9.22 
3.98 
2.96 
5.75 
10.49 
3.03 
4.22 
3.08 
7.82 
6.59 
3.16 
10.79 
11.07 
4.06 
11.53 
9.57 
12.12 
11.59 
12.30 
12.82 
12.50 
12.49 
12.69 
7.38 
11.37 
13.44 
13.55 
13.55 
12.87 
13.20 
13.65 
14.34 
13.88 
14.34 
14.10 
14.92 
14.33 
7.40 
13.96 
14.80 
11.14 
14.06 
16.02 
4.45 
12.27 
17.28 
17.92 
17.29 
16.65 
4.74 
16.12 
18.86 
18.21 
17.01 
19.00 
18.20 
5.08 
13.83 
15.98 
13.89 
5.27 
20.07 
12.51 
19.62 
19.04 
15.61 
5.57 
18.11 
10.43 
5.72 
9.26 
21.04 
21.89 
21.28 
19.91 
20.76 
6.05 
6.10 
21.40 
20.29 
6.24 
22.64 
22.13 
22.08 
16.93 
6.47 
11.03 
7.50 
19.76 
6.65 
18.51 
12.43 
24.54 
21.93 
20.42 
21.94 
22.82 
16.15 
7.02 
7.06 
8.07 
18.02 
23.77 
20.75 
14.77 
22.35 
26.03 
22.48 
21.72 
24.58 
12.58 
7.49 
7.52 
25.65 
27.21 
23.94 
7.65 
26.04 
10.55 
27.15 
7.76 
7.79 
26.79 
11.20 
26.03 
13.11 
7.91 
24.63 
25.00 
21.66 
28.28 
26.62 
19.04 
23.30 
24.51 
15.05 
23.37 
24.58 
26.98 
28.70 
14.29 
24.50 
27.74 
11.62 
18.77 
26.26 
22.36 
16.93 
22.22 
27.33 
26.15 
25.81 
19.02 
9.84 
8.31 
15.46 
20.23 
8.32 
18.19 
15.30 
19.89 
8.32 
18.70 
15.12 
12.06 
8.31 
11.37 
8.31 
9.83 
8.29 
8.29 
8.28 
12.86 
24.22 
10.80 
8.24 
29.60 
15.68 
8.21 
9.89 
18.34 
8.17 
28.79 
28.09 
8.12 
13.17 
22.27 
22.24 
18.17 
19.99 
21.48 
26.33 
27.81 
21.89 
14.81 
19.30 
14.58 
10.36 
16.69 
7.80 
8.44 
9.92 
10.05 
27.48 
26.76 
23.89 
24.83 
12.37 
8.04 
9.65 
7.48 
7.45 
7.41 
9.84 
8.16 
7.31 
21.77 
22.51 
7.20 
20.43 
22.63 
21.11 
7.05 
24.81 
23.13 
11.24 
11.99 
13.04 
6.81 
7.09 
6.73 
6.69 
24.16 
24.68 
24.11 
18.44 
17.43 
22.88 
6.38 
6.34 
18.76 
6.25 
20.69 
19.53 
22.58 
20.97 
19.08 
21.20 
9.01 
15.54 
15.60 
5.78 
18.59 
6.69 
14.36 
9.43 
5.54 
17.33 
18.62 
12.09 
15.20 
6.12 
15.82 
14.21 
12.89 
11.17 
5.05 
5.00 
18.48 
16.38 
17.83 
7.93 
19.26 
17.83 
16.81 
13.38 
15.30 
16.56 
13.07 
9.13 
4.39 
11.30 
10.84 
4.25 
4.20 
16.88 
15.68 
14.86 
15.21 
14.85 
10.26 
3.90 
5.67 
14.39 
13.27 
14.61 
14.16 
12.96 
11.77 
12.76 
11.48 
3.51 
11.62 
10.37 
6.12 
3.37 
8.80 
3.31 
11.00 
10.62 
12.15 
11.46 
11.19 
10.03 
10.94 
9.99 
3.05 
6.78 
10.86 
6.79 
11.12 
7.18 
10.81 
9.73 
10.33 
10.65 
2.84 
10.47 
10.33 
9.29 
7.89 
6.86 
2.76 
2.75 
4.72 
4.98 
9.46 
9.62 
8.98 
5.48 
10.03 
9.13 
5.82 
8.94 
9.30 
9.93 
9.40 
8.78 
9.77 
8.44 
8.01 
2.72 
9.93 
9.96 
10.16 
10.34 
3.94 
5.13 
7.53 
10.12 
9.79 
9.09 
3.49 
11.03 
10.62 
10.86 
10.73 
10.60 
10.94 
11.48 
7.90 
6.41 
10.91 
10.40 
3.99 
7.87 
10.81 
10.49 
11.77 
12.16 
11.74 
10.49 
8.92 
6.81 
10.63 
7.34 
6.88 
10.67 
11.94 
7.60 
12.03 
9.82 
11.45 
8.87 
12.76 
11.96 
12.86 
3.91 
12.84 
10.97 
14.69 
13.75 
4.13 
4.17 
5.42 
15.17 
12.85 
15.04 
9.10 
9.80 
16.03 
12.74 
14.62 
15.50 
16.65 
13.02 
11.04 
4.83 
15.44 
17.81 
17.53 
16.58 
17.78 
17.23 
15.71 
9.90 
18.97 
18.95 
16.98 
19.06 
19.04 
18.74 
20.43 
18.83 
10.00 
20.80 
20.77 
17.23 
22.04 
22.02 
21.69 
20.32 
6.05 
16.18 
22.15 
21.96 
14.00 
16.68 
19.52 
22.85 
24.81 
22.75 
22.08 
22.49 
15.85 
11.20 
16.94 
17.01 
17.40 
23.20 
24.41 
23.86 
10.63 
6.98 
18.31 
26.29 
26.05 
7.14 
15.15 
27.11 
27.19 
26.45 
22.25 
22.15 
23.04 
11.05 
22.99 
27.19 
25.93 
27.15 
25.88 
25.43 
22.99 
16.02 
11.55 
22.63 
27.87 
27.24 
7.81 
7.84 
16.78 
28.93 
28.47 
26.65 
27.03 
12.88 
28.11 
28.31 
24.12 
25.84 
26.54 
23.69 
8.12 
25.77 
30.54 
30.91 
29.57 
28.57 
29.44 
26.06 
28.79 
8.24 
24.40 
8.26 
29.36 
30.90 
28.19 
31.09 
28.20 
27.70 
25.49 
8.31 
9.51 
8.32 
9.34 
28.74 
20.40 
32.14 
26.18 
26.52 
25.66 
22.94 
8.31 
28.19 
28.18 
30.21 
25.78 
30.70 
28.31 
24.90 
16.74 
8.24 
20.27 
8.22 
29.39 
25.81 
13.09 
11.72 
10.86 
23.86 
22.15 
8.11 
8.09 
28.31 
18.17 
21.51 
25.19 
7.99 
14.53 
18.19 
25.38 
27.86 
7.88 
14.21 
7.83 
11.98 
21.96 
7.75 
22.20 
20.83 
8.33 
8.80 
7.60 
20.14 
24.22 
12.62 
13.41 
21.91 
27.10 
26.21 
26.31 
16.28 
7.27 
7.24 
15.96 
7.17 
24.57 
7.09 
14.93 
16.79 
6.97 
6.93 
6.89 
16.85 
24.06 
13.08 
24.66 
23.78 
19.93 
6.60 
9.36 
6.52 
6.47 
6.43 
6.38 
9.39 
21.50 
10.03 
20.84 
24.04 
20.48 
16.35 
21.75 
15.58 
13.28 
8.22 
5.83 
14.78 
21.48 
20.64 
16.66 
14.70 
7.52 
6.76 
5.44 
13.90 
5.34 
8.19 
12.38 
19.39 
19.67 
19.27 
18.87 
12.74 
8.40 
10.05 
11.15 
16.14 
4.76 
13.20 
17.45 
17.19 
14.92 
10.17 
16.31 
7.03 
15.20 
16.67 
15.70 
15.33 
14.61 
14.62 
4.12 
16.26 
9.97 
6.88 
11.87 
3.90 
11.67 
3.82 
14.05 
13.83 
12.51 
10.88 
3.62 
3.59 
3.55 
3.51 
8.34 
3.44 
3.72 
9.90 
12.19 
12.31 
11.81 
11.73 
11.65 
11.36 
11.09 
10.92 
6.43 
6.39 
5.08 
5.72 
3.67 
7.84 
2.96 
5.48 
9.49 
6.64 
6.79 
8.43 
3.58 
9.82 
7.49 
2.80 
7.43 
4.32 
2.76 
4.74 
8.87 
9.21 
8.83 
10.25 
9.78 
10.22 
10.21 
10.11 
10.01 
9.83 
8.94 
8.77 
3.68 
8.51 
7.45 
9.79 
8.01 
6.23 
9.48 
9.51 
6.64 
4.94 
2.77 
10.53 
10.39 
10.34 
10.01 
2.84 
9.17 
5.21 
8.99 
10.63 
10.79 
9.51 
11.10 
6.65 
5.34 
4.12 
3.08 
3.10 
11.23 
11.51 
11.69 
11.47 
11.75 
11.02 
8.23 
7.99 
12.21 
12.20 
13.03 
11.12 
10.35 
12.69 
12.58 
11.37 
6.08 
3.71 
6.98 
3.79 
9.48 
6.94 
12.96 
14.34 
5.04 
15.16 
11.98 
15.16 
8.36 
15.65 
14.20 
14.31 
14.55 
10.09 
4.45 
6.25 
8.08 
4.59 
4.64 
13.95 
16.52 
11.43 
7.32 
17.81 
16.21 
12.99 
9.06 
19.13 
18.99 
13.38 
18.70 
17.45 
5.32 
19.92 
19.62 
19.75 
7.65 
5.57 
10.21 
18.22 
11.52 
19.32 
7.28 
18.66 
22.02 
22.14 
22.26 
12.64 
6.10 
15.66 
22.72 
23.74 
18.97 
21.98 
10.07 
24.19 
22.75 
22.39 
6.56 
23.21 
9.63 
16.62 
25.24 
16.45 
6.82 
15.31 
15.70 
14.00 
6.98 
18.95 
7.87 
7.10 
26.78 
25.40 
14.55 
16.24 
23.99 
26.52 
27.41 
27.48 
27.22 
23.32 
7.49 
13.49 
17.68 
29.04 
26.10 
25.15 
16.52 
28.10 
28.82 
26.53 
28.08 
11.68 
26.16 
11.06 
9.40 
19.37 
30.03 
29.39 
18.79 
26.76 
25.27 
28.68 
30.41 
27.39 
9.45 
8.12 
27.47 
26.30 
18.18 
20.57 
13.46 
26.89 
28.78 
26.41 
25.07 
22.36 
27.82 
25.79 
14.57 
14.58 
24.62 
8.30 
23.62 
21.07 
21.58 
8.32 
8.32 
23.63 
27.04 
25.16 
27.03 
27.54 
27.71 
21.41 
25.32 
21.74 
10.01 
12.21 
8.29 
8.29 
29.51 
27.80 
19.81 
30.65 
30.81 
13.66 
29.58 
11.94 
8.20 
9.88 
8.17 
14.75 
8.14 
8.12 
14.86 
15.01 
23.59 
8.05 
15.11 
27.54 
21.28 
24.95 
25.08 
22.19 
13.10 
11.73 
22.92 
10.00 
7.80 
7.78 
18.92 
20.21 
12.51 
7.66 
22.56 
28.31 
21.96 
22.07 
7.51 
7.48 
7.45 
24.97 
7.38 
23.36 
28.85 
25.68 
23.65 
7.20 
7.17 
12.94 
7.09 
20.07 
22.89 
22.97 
27.19 
24.39 
22.72 
24.53 
23.02 
19.94 
9.98 
6.65 
13.62 
14.17 
22.62 
18.35 
19.65 
6.38 
23.28 
14.66 
22.76 
24.16 
23.29 
22.28 
20.82 
8.39 
5.97 
5.92 
8.22 
17.35 
5.78 
6.60 
22.08 
21.95 
20.11 
20.13 
20.72 
20.17 
20.74 
18.67 
19.65 
11.97 
12.43 
13.97 
19.41 
19.14 
15.94 
14.24 
14.40 
13.51 
5.85 
17.83 
17.06 
16.68 
17.70 
17.06 
17.06 
4.48 
4.43 
4.39 
8.25 
4.29 
4.25 
4.20 
4.16 
15.92 
13.80 
14.62 
14.74 
15.20 
14.51 
14.39 
14.17 
14.17 
13.72 
13.17 
13.07 
8.95 
12.76 
13.19 
10.96 
11.93 
11.11 
12.06 
12.49 
10.55 
12.00 
11.91 
9.71 
3.21 
8.37 
7.62 
9.54 
11.63 
10.09 
11.48 
11.22 
4.25 
11.28 
10.93 
9.17 
2.91 
2.90 
10.61 
10.84 
9.59 
8.81 
10.70 
10.11 
10.26 
9.68 
9.28 
10.34 
4.63 
9.39 
10.36 
10.34 
10.14 
9.86 
9.13 
9.57 
9.30 
8.58 
6.89 
8.77 
9.93 
7.71 
10.04 
9.61 
9.89 
8.29 
8.04 
10.23 
10.16 
8.74 
6.68 
8.35 
10.30 
10.43 
10.29 
6.08 
10.75 
10.34 
10.95 
10.35 
10.03 
10.47 
11.00 
10.97 
10.94 
11.01 
11.38 
11.35 
11.33 
9.82 
11.79 
11.47 
11.85 
11.84 
9.47 
11.50 
12.42 
12.51 
13.03 
12.39 
11.85 
12.69 
9.98 
6.79 
13.44 
3.71 
12.66 
7.71 
3.83 
13.42 
13.42 
7.18 
14.92 
13.52 
4.08 
11.37 
13.13 
14.20 
10.68 
12.12 
8.16 
4.40 
14.78 
15.77 
4.54 
4.59 
15.38 
17.68 
18.33 
18.86 
17.94 
16.49 
18.74 
19.00 
19.41 
19.54 
19.40 
15.57 
17.05 
15.92 
9.64 
18.66 
20.47 
19.89 
10.21 
9.28 
9.35 
21.11 
21.81 
19.90 
22.80 
22.63 
20.09 
23.18 
22.11 
22.52 
21.74 
19.43 
6.20 
22.98 
24.47 
23.36 
20.70 
9.21 
21.67 
24.72 
21.55 
21.02 
25.51 
25.61 
20.81 
24.38 
25.75 
24.41 
25.94 
26.51 
25.47 
19.92 
7.06 
20.54 
16.39 
27.03 
11.78 
20.49 
27.43 
25.86 
9.49 
18.10 
27.06 
28.12 
26.69 
8.85 
16.19 
27.87 
26.93 
15.65 
19.36 
18.07 
24.80 
28.03 
28.92 
29.14 
28.34 
28.89 
17.65 
16.68 
24.63 
15.55 
28.75 
28.79 
26.79 
24.45 
28.21 
20.44 
27.76 
27.27 
21.53 
25.45 
25.31 
31.78 
27.72 
24.68 
26.74 
29.81 
14.36 
25.93 
28.16 
27.49 
23.59 
13.05 
30.41 
31.44 
24.30 
20.05 
8.31 
23.63 
24.82 
25.33 
22.61 
23.29 
8.32 
8.32 
22.77 
30.08 
23.11 
23.44 
24.96 
8.30 
8.29 
8.29 
8.28 
29.83 
26.93 
21.49 
16.90 
26.55 
30.94 
31.42 
17.51 
20.04 
13.25 
20.00 
8.14 
16.23 
26.18 
8.09 
8.07 
8.05 
8.03 
11.21 
7.99 
9.82 
9.46 
9.94 
22.99 
11.73 
7.85 
7.83 
23.50 
28.63 
16.92 
22.87 
24.49 
26.26 
9.13 
9.43 
18.65 
25.05 
22.84 
27.40 
20.76 
9.71 
11.96 
7.34 
7.31 
25.68 
13.90 
24.55 
23.83 
26.83 
26.42 
26.18 
14.07 
20.41 
16.19 
20.74 
8.12 
25.17 
21.44 
13.65 
8.73 
19.62 
24.68 
8.58 
24.01 
20.82 
20.42 
19.56 
6.34 
22.11 
6.25 
20.99 
8.26 
6.11 
13.22 
17.30 
16.17 
16.08 
19.94 
22.60 
22.48 
21.63 
21.50 
21.52 
19.83 
18.29 
19.59 
14.98 
5.39 
20.61 
20.48 
19.93 
20.21 
19.94 
15.22 
16.05 
18.21 
17.02 
5.70 
4.86 
9.63 
9.55 
4.71 
10.67 
16.43 
16.31 
16.31 
15.56 
15.44 
4.39 
4.34 
12.06 
4.25 
4.20 
14.38 
14.15 
4.07 
13.23 
10.46 
8.88 
6.52 
3.86 
5.17 
3.78 
3.74 
3.70 
3.66 
6.88 
9.84 
6.23 
11.49 
11.83 
7.22 
11.23 
12.28 
11.99 
6.27 
3.28 
3.25 
6.03 
11.66 
11.49 
9.83 
4.47 
11.46 
3.92 
7.84 
3.58 
8.99 
6.47 
2.94 
10.06 
5.98 
2.88 
8.70 
2.84 
2.83 
2.81 
4.72 
10.16 
10.22 
9.83 
9.80 
9.59 
2.73 
9.91 
9.71 
9.87 
9.59 
9.67 
9.31 
8.59 
9.48 
9.66 
9.03 
9.31 
9.23 
7.54 
2.71 
6.66 
3.62 
2.73 
8.60 
9.71 
4.48 
9.77 
10.08 
9.38 
2.81 
2.83 
6.26 
4.53 
6.70 
10.39 
9.50 
10.50 
10.28 
6.04 
3.00 
3.03 
3.05 
3.08 
3.10 
10.64 
11.51 
11.29 
11.87 
11.45 
11.43 
11.31 
3.34 
11.28 
5.40 
10.82 
12.92 
13.02 
12.05 
12.25 
6.90 
13.33 
13.66 
13.66 
10.52 
14.22 
13.31 
5.75 
7.42 
11.20 
13.52 
15.28 
15.87 
15.40 
14.81 
13.71 
12.85 
4.36 
16.52 
9.18 
16.65 
16.78 
12.72 
13.84 
13.18 
4.74 
4.78 
4.83 
11.08 
4.93 
17.67 
19.14 
19.00 
18.04 
18.85 
20.35 
19.24 
19.09 
20.20 
15.27 
5.47 
5.52 
18.71 
12.08 
18.65 
13.98 
12.03 
19.28 
22.63 
22.46 
20.21 
22.26 
21.33 
18.73 
21.25 
23.48 
18.27 
6.29 
23.51 
24.24 
24.97 
24.77 
24.10 
24.98 
21.33 
9.79 
21.19 
24.13 
23.75 
24.63 
16.43 
25.30 
22.82 
6.98 
7.02 
7.06 
7.10 
18.50 
13.52 
7.21 
27.19 
23.33 
24.22 
20.84 
19.08 
14.02 
7.46 
24.87 
26.76 
26.48 
27.71 
26.27 
7.65 
27.71 
18.74 
23.13 
7.76 
7.79 
18.22 
29.35 
29.06 
27.59 
28.81 
27.67 
23.82 
7.98 
8.00 
18.51 
21.58 
28.21 
18.58 
30.81 
27.78 
27.13 
8.15 
31.08 
23.46 
8.19 
23.49 
8.73 
20.81 
26.60 
11.82 
17.27 
26.47 
17.97 
23.26 
31.26 
27.52 
15.11 
20.22 
29.58 
27.88 
28.40 
15.47 
8.32 
9.85 
8.32 
12.23 
8.32 
8.32 
8.31 
10.69 
24.96 
8.30 
8.29 
29.69 
27.30 
31.70 
30.67 
16.06 
9.26 
8.23 
8.22 
12.79 
8.20 
18.68 
25.43 
25.41 
26.91 
30.94 
29.89 
29.36 
24.27 
26.09 
11.23 
8.01 
7.99 
22.26 
27.43 
23.03 
7.90 
7.88 
7.85 
7.83 
29.18 
16.95 
7.75 
7.72 
28.31 
11.98 
25.38 
19.36 
21.80 
19.60 
7.51 
28.55 
25.03 
11.84 
19.17 
24.67 
7.31 
25.02 
24.95 
12.39 
7.17 
18.43 
7.09 
22.32 
27.21 
22.81 
26.08 
24.87 
16.21 
6.81 
18.60 
17.11 
15.16 
6.65 
6.60 
6.56 
24.32 
25.76 
23.96 
6.38 
6.34 
19.83 
15.94 
17.52 
6.15 
21.83 
20.67 
23.24 
23.27 
21.52 
21.85 
22.60 
18.41 
17.58 
8.13 
16.80 
16.69 
14.75 
9.72 
20.17 
10.41 
20.19 
20.48 
19.93 
19.12 
15.60 
16.03 
16.05 
16.21 
15.17 
13.87 
15.08 
15.88 
15.76 
15.52 
14.89 
15.67 
12.90 
5.15 
6.97 
14.95 
13.73 
14.60 
11.33 
4.25 
14.50 
14.02 
14.15 
13.45 
4.03 
9.30 
13.59 
7.89 
12.69 
12.82 
12.71 
5.07 
3.70 
3.66 
9.05 
11.78 
10.73 
11.92 
11.30 
3.44 
11.65 
12.28 
11.99 
11.69 
8.46 
7.49 
11.55 
4.48 
11.29 
10.13 
9.28 
3.08 
11.00 
10.35 
3.00 
10.70 
10.17 
10.77 
10.34 
10.66 
2.88 
2.86 
10.51 
9.45 
10.61 
2.80 
6.79 
10.22 
10.28 
5.01 
4.81 
2.73 
2.72 
2.72 
2.71 
2.71 
10.03 
9.75 
2.70 
2.70 
8.76 
9.75 
10.02 
9.14 
10.04 
8.62 
2.72 
2.72 
9.84 
10.32 
9.53 
10.16 
10.38 
10.59 
9.71 
10.39 
10.06 
2.83 
8.48 
10.57 
2.88 
2.90 
2.92 
2.94 
2.96 
7.95 
6.27 
11.14 
5.09 
8.74 
3.10 
3.13 
3.16 
3.19 
12.17 
11.15 
10.11 
3.31 
3.34 
3.38 
3.41 
3.45 
12.39 
12.27 
3.55 
13.34 
3.63 
10.48 
13.11 
13.21 
12.31 
3.83 
7.06 
13.42 
12.38 
4.00 
14.34 
4.08 
4.13 
13.85 
15.29 
14.44 
4.31 
15.90 
14.66 
4.45 
4.50 
12.87 
13.48 
8.22 
17.68 
5.77 
16.38 
17.94 
14.38 
4.93 
10.99 
16.45 
16.70 
19.54 
17.76 
5.23 
20.77 
15.06 
16.28 
16.11 
12.68 
13.62 
9.00 
19.26 
10.57 
20.94 
13.49 
23.09 
21.45 
19.21 
17.54 
19.42 
11.89 
17.08 
6.15 
15.90 
22.38 
22.03 
11.70 
15.46 
24.97 
22.91 
24.25 
22.02 
25.25 
25.51 
24.51 
17.33 
25.17 
23.68 
24.41 
22.26 
26.51 
6.98 
25.24 
21.28 
14.39 
11.52 
24.75 
24.99 
24.57 
24.64 
9.78 
28.23 
28.47 
27.88 
19.85 
25.37 
26.76 
23.66 
25.55 
21.27 
16.98 
9.01 
28.43 
29.66 
26.53 
16.01 
29.30 
29.35 
24.18 
8.73 
7.91 
19.57 
29.73 
17.44 
25.75 
15.97 
10.41 
25.67 
8.08 
10.98 
9.64 
31.03 
31.22 
26.32 
26.01 
8.19 
27.06 
8.22 
8.23 
8.24 
8.25 
8.26 
8.27 
13.72 
21.89 
28.88 
29.39 
21.23 
22.09 
8.31 
20.57 
25.67 
29.76 
8.32 
22.10 
8.32 
24.31 
13.08 
8.32 
23.96 
14.09 
8.31 
10.68 
9.99 
8.29 
31.55 
30.34 
28.46 
31.50 
26.06 
13.66 
8.22 
8.21 
8.20 
8.18 
27.97 
18.81 
19.97 
8.12 
30.06 
30.03 
8.07 
17.16 
26.40 
26.36 
23.47 
25.12 
30.29 
29.07 
7.90 
7.88 
28.44 
9.33 
24.34 
24.13 
16.92 
11.55 
22.49 
23.77 
27.87 
10.59 
13.03 
22.90 
27.46 
23.12 
7.45 
17.09 
22.77 
23.53 
7.31 
7.27 
24.95 
25.53 
25.94 
19.40 
19.17 
9.62 
20.16 
23.29 
25.44 
26.62 
6.85 
6.81 
24.13 
21.67 
26.45 
24.00 
21.10 
11.69 
6.52 
13.11 
16.27 
21.09 
6.34 
7.97 
18.67 
20.24 
15.48 
6.11 
17.24 
18.78 
10.70 
5.92 
12.47 
7.58 
13.18 
18.45 
5.68 
5.63 
18.83 
21.69 
21.00 
16.80 
16.55 
5.34 
5.29 
7.85 
17.89 
16.82 
11.31 
15.79 
10.87 
13.04 
15.58 
15.08 
14.19 
16.28 
12.69 
4.67 
4.62 
16.31 
16.31 
14.82 
14.45 
7.95 
14.72 
14.12 
9.79 
14.61 
14.38 
14.15 
14.04 
13.81 
3.99 
14.05 
13.14 
7.14 
3.82 
5.68 
13.39 
13.17 
3.66 
12.20 
12.86 
12.55 
3.51 
12.36 
12.16 
12.17 
3.37 
12.09 
11.80 
11.81 
11.43 
11.55 
11.46 
11.29 
10.82 
10.16 
8.24 
3.05 
10.93 
10.57 
10.80 
10.93 
10.77 
10.62 
10.38 
9.96 
10.65 
9.96 
10.47 
9.87 
8.37 
2.78 
10.40 
7.02 
9.98 
10.13 
9.75 
10.09 
9.80 
4.95 
2.71 
9.94 
9.66 
9.57 
9.66 
4.30 
8.41 
6.18 
4.31 
9.68 
9.34 
9.80 
9.64 
9.84 
9.41 
9.62 
8.74 
10.23 
9.53 
10.12 
2.81 
4.39 
9.87 
10.29 
9.69 
5.24 
10.54 
8.52 
8.66 
8.42 
3.00 
6.02 
10.53 
4.83 
11.16 
11.13 
11.01 
3.19 
3.22 
8.41 
11.23 
9.88 
10.98 
3.69 
11.99 
3.45 
3.48 
11.74 
13.12 
12.36 
10.17 
4.44 
3.71 
9.20 
13.99 
13.77 
12.40 
12.05 
3.95 
9.69 
4.04 
4.08 
10.06 
11.94 
13.00 
4.26 
4.31 
4.36 
4.40 
4.45 
4.50 
5.17 
17.16 
12.05 
15.88 
13.67 
4.78 
17.94 
17.28 
18.60 
17.27 
12.69 
18.73 
14.78 
11.33 
16.50 
20.35 
20.76 
20.34 
18.50 
9.85 
17.03 
7.28 
21.56 
21.54 
21.96 
18.88 
16.65 
18.07 
9.16 
5.96 
8.84 
18.03 
20.23 
6.15 
17.87 
19.79 
23.86 
23.67 
24.55 
22.65 
23.22 
21.30 
18.74 
8.95 
11.83 
21.04 
19.86 
19.62 
6.82 
9.09 
11.70 
14.48 
8.27 
22.98 
24.03 
26.22 
20.29 
21.17 
21.24 
14.60 
25.46 
27.01 
26.26 
26.82 
22.11 
23.82 
24.87 
26.92 
26.98 
20.39 
25.77 
23.49 
12.18 
11.38 
7.73 
27.70 
27.58 
25.44 
27.33 
28.89 
26.91 
26.28 
18.56 
26.52 
21.66 
28.28 
26.45 
8.04 
21.94 
29.42 
25.55 
31.34 
29.33 
27.83 
20.89 
14.63 
15.83 
29.10 
24.70 
29.13 
13.85 
31.03 
21.01 
28.17 
11.68 
27.85 
29.39 
24.29 
29.40 
8.31 
8.31 
10.19 
22.61 
8.32 
15.98 
14.79 
21.42 
30.43 
26.01 
8.32 
15.28 
30.92 
29.21 
27.16 
24.94 
11.52 
8.28 
10.82 
8.26 
8.25 
8.24 
8.23 
18.73 
16.51 
26.66 
29.01 
28.82 
29.47 
29.61 
25.19 
12.33 
11.30 
20.05 
25.92 
27.41 
16.09 
7.99 
8.47 
7.95 
23.70 
27.52 
26.47 
26.10 
18.36 
7.80 
14.45 
14.08 
19.87 
12.18 
7.66 
17.58 
22.01 
27.75 
24.39 
25.65 
26.57 
27.99 
26.12 
7.38 
25.65 
27.22 
21.93 
20.08 
14.50 
25.77 
25.21 
23.20 
7.05 
7.01 
17.37 
25.92 
25.83 
25.42 
6.81 
11.03 
6.73 
6.69 
6.65 
6.60 
24.73 
24.78 
18.97 
9.96 
12.82 
24.66 
22.87 
21.40 
9.82 
6.15 
20.18 
6.06 
22.20 
9.81 
8.72 
20.82 
18.81 
12.75 
5.73 
5.68 
5.63 
13.28 
8.37 
5.49 
19.19 
5.39 
14.36 
8.33 
5.25 
14.21 
5.15 
5.10 
17.26 
18.74 
11.45 
8.33 
12.20 
8.98 
7.09 
4.71 
17.58 
16.81 
16.43 
16.56 
15.69 
13.71 
4.39 
4.34 
4.29 
4.25 
4.20 
4.16 
4.12 
14.86 
14.62 
13.93 
10.49 
3.90 
3.86 
5.96 
13.50 
14.16 
13.17 
13.83 
13.07 
7.79 
12.55 
13.09 
9.50 
6.17 
12.38 
11.97 
11.88 
6.68 
6.63 
11.93 
11.34 
3.19 
3.16 
8.35 
10.75 
3.08 
9.83 
9.19 
3.00 
2.98 
9.79 
2.94 
6.77 
10.57 
10.33 
9.35 
10.51 
10.47 
8.50 
5.54 
9.80 
2.77 
7.11 
9.98 
10.13 
9.75 
9.28 
9.62 
9.78 
9.14 
7.26 
9.22 
7.43 
10.10 
9.21 
9.30 
9.84 
10.21 
7.09 
2.71 
9.17 
9.46 
8.58 
9.78 
