20050101
9.28 
8.78 
9.69 
9.64 
2.71 
8.73 
9.85 
10.16 
9.12 
9.90 
10.22 
10.18 
9.59 
6.12 
8.12 
4.70 
10.02 
10.37 
10.25 
10.32 
10.29 
8.91 
3.10 
10.22 
7.62 
6.59 
7.24 
6.50 
12.15 
10.10 
12.45 
12.34 
12.86 
3.47 
11.58 
10.39 
3.58 
3.62 
3.66 
13.95 
14.18 
14.18 
12.72 
11.81 
7.00 
3.96 
13.62 
4.05 
14.32 
15.15 
15.87 
13.60 
14.44 
10.78 
13.32 
16.52 
16.53 
16.53 
11.75 
11.33 
16.41 
9.98 
17.57 
17.83 
17.96 
18.49 
17.16 
17.69 
15.26 
19.15 
19.83 
19.56 
17.35 
19.82 
14.81 
10.72 
21.05 
19.92 
19.90 
14.74 
21.58 
18.68 
21.69 
21.96 
20.92 
16.33 
23.22 
22.75 
23.02 
14.02 
6.14 
18.71 
22.29 
21.94 
15.18 
16.64 
13.34 
6.47 
20.45 
23.18 
19.70 
17.28 
23.16 
25.93 
25.40 
22.97 
17.66 
20.75 
19.40 
19.15 
27.08 
27.01 
17.75 
27.02 
25.48 
24.43 
25.31 
24.57 
21.05 
23.07 
27.56 
26.65 
24.41 
20.52 
16.12 
25.09 
25.14 
28.35 
29.07 
14.00 
26.35 
24.40 
23.78 
22.83 
24.20 
10.03 
15.25 
28.85 
29.23 
25.57 
8.48 
29.18 
28.71 
26.72 
21.36 
29.31 
14.33 
29.03 
8.13 
20.64 
29.10 
20.34 
30.16 
30.86 
29.35 
8.74 
30.07 
16.88 
8.26 
10.81 
23.69 
29.45 
22.35 
24.39 
28.63 
31.17 
22.88 
20.34 
27.46 
17.13 
28.82 
29.83 
27.12 
24.24 
10.36 
10.52 
8.32 
13.90 
23.54 
26.23 
29.94 
30.44 
16.57 
27.20 
30.06 
30.89 
30.36 
21.23 
11.43 
27.10 
20.84 
19.98 
26.86 
8.15 
21.26 
23.25 
8.10 
14.47 
8.07 
15.26 
18.59 
17.05 
7.98 
7.96 
23.31 
25.95 
16.57 
14.53 
28.32 
27.27 
18.26 
21.04 
26.79 
21.11 
11.64 
23.83 
17.67 
23.06 
22.84 
14.25 
7.49 
17.11 
21.63 
8.86 
12.40 
21.61 
11.17 
7.25 
22.71 
27.15 
27.87 
22.49 
25.93 
24.73 
24.01 
15.04 
21.47 
18.86 
22.72 
19.34 
15.81 
22.61 
6.65 
22.27 
24.49 
25.16 
24.89 
24.02 
23.76 
14.84 
22.48 
21.32 
10.10 
6.15 
7.29 
11.69 
22.11 
5.96 
16.01 
22.33 
19.02 
5.77 
5.72 
19.97 
20.42 
5.57 
15.24 
18.65 
14.77 
17.03 
9.19 
5.28 
15.19 
15.08 
17.13 
18.36 
17.96 
17.17 
4.93 
17.84 
17.85 
17.07 
14.89 
10.69 
4.64 
14.80 
17.07 
16.81 
16.56 
16.31 
15.82 
14.60 
4.26 
15.68 
15.20 
15.08 
14.96 
12.98 
9.53 
12.19 
13.11 
14.36 
14.13 
13.68 
13.79 
12.14 
10.19 
12.81 
8.84 
13.24 
12.18 
13.14 
12.72 
12.72 
12.62 
8.74 
11.82 
12.13 
12.14 
11.55 
11.47 
8.24 
5.15 
10.16 
11.15 
11.45 
11.28 
10.92 
10.86 
11.35 
7.37 
10.48 
10.32 
9.53 
10.40 
8.61 
7.12 
10.15 
10.02 
10.07 
9.76 
9.55 
8.09 
9.66 
9.54 
9.51 
9.58 
9.47 
9.54 
9.52 
9.51 
9.41 
8.45 
8.79 
9.31 
8.87 
9.49 
9.14 
9.41 
9.51 
8.65 
3.77 
6.75 
7.12 
3.53 
9.37 
7.27 
2.68 
2.70 
9.59 
10.16 
9.67 
9.08 
9.67 
9.62 
2.81 
2.83 
9.13 
8.72 
9.34 
5.17 
2.94 
6.38 
5.09 
4.84 
9.81 
11.05 
8.78 
3.13 
11.19 
10.58 
10.26 
3.26 
9.00 
8.86 
10.80 
12.24 
13.07 
12.96 
11.90 
10.07 
3.58 
13.50 
13.73 
13.73 
13.73 
13.96 
13.17 
6.48 
13.28 
7.76 
14.78 
15.25 
15.14 
15.27 
13.72 
4.23 
16.01 
15.29 
12.59 
14.05 
13.29 
4.51 
13.51 
15.77 
17.56 
16.92 
17.44 
17.57 
17.04 
17.96 
16.90 
16.75 
13.92 
16.32 
19.15 
19.01 
19.41 
17.61 
19.81 
11.00 
20.91 
19.21 
20.04 
19.17 
21.87 
21.28 
20.10 
20.94 
14.92 
5.90 
21.45 
18.75 
21.24 
19.55 
16.51 
22.33 
20.77 
20.88 
21.13 
6.84 
23.49 
19.43 
19.21 
18.99 
13.46 
21.66 
23.48 
18.69 
24.30 
17.90 
16.55 
13.27 
26.42 
25.23 
19.70 
23.63 
24.84 
22.98 
7.18 
11.60 
20.76 
22.29 
19.25 
24.38 
25.27 
24.18 
22.93 
14.92 
21.23 
11.70 
14.05 
7.63 
7.82 
27.96 
19.03 
7.75 
21.28 
26.50 
28.22 
20.23 
24.45 
21.98 
15.98 
7.95 
7.97 
20.60 
24.84 
15.95 
8.06 
8.08 
8.09 
27.34 
24.84 
15.07 
11.03 
21.86 
8.19 
8.21 
8.22 
15.50 
8.24 
21.62 
26.20 
13.69 
20.47 
15.06 
10.16 
8.30 
26.60 
28.63 
24.74 
30.67 
20.85 
8.33 
16.28 
26.27 
18.32 
18.99 
22.54 
12.72 
18.64 
24.22 
8.31 
10.33 
14.89 
11.50 
20.12 
8.28 
23.30 
19.07 
30.02 
11.10 
8.22 
8.21 
8.20 
26.55 
23.16 
28.52 
16.38 
28.80 
16.00 
8.09 
8.07 
21.97 
20.93 
28.94 
23.89 
15.99 
7.94 
7.92 
7.89 
10.20 
7.84 
7.82 
19.75 
7.76 
14.53 
11.35 
7.68 
12.77 
7.62 
7.59 
7.56 
7.52 
7.49 
7.46 
7.42 
7.39 
7.36 
7.32 
24.47 
21.97 
7.21 
7.17 
16.62 
14.31 
26.73 
18.83 
22.58 
18.21 
6.90 
7.65 
22.41 
13.68 
11.12 
6.69 
22.20 
16.06 
11.35 
6.52 
19.21 
18.51 
23.30 
9.98 
21.72 
20.86 
20.91 
21.85 
21.74 
21.04 
10.88 
14.64 
17.33 
19.71 
19.45 
17.32 
15.35 
20.26 
19.85 
19.73 
11.30 
13.46 
19.65 
18.55 
19.26 
18.58 
16.69 
16.57 
17.27 
15.54 
18.23 
17.31 
14.02 
16.01 
8.09 
14.23 
13.60 
17.07 
16.06 
10.52 
10.93 
6.86 
12.11 
16.06 
14.96 
14.24 
7.63 
4.22 
14.02 
14.49 
4.08 
13.21 
12.30 
6.12 
14.48 
14.02 
11.89 
13.91 
13.57 
13.35 
12.15 
9.67 
12.71 
13.24 
13.35 
12.72 
12.93 
12.62 
12.42 
12.12 
9.38 
12.23 
12.14 
8.27 
3.16 
10.20 
10.13 
10.93 
11.05 
4.17 
8.52 
7.80 
2.94 
9.01 
7.55 
10.48 
10.51 
10.63 
10.40 
10.62 
10.56 
8.35 
9.75 
5.68 
9.31 
5.01 
10.31 
9.48 
8.39 
2.92 
9.93 
9.03 
9.54 
9.79 
9.77 
4.27 
8.01 
8.27 
8.87 
9.22 
7.31 
7.05 
2.61 
6.63 
9.35 
9.54 
8.77 
2.64 
2.65 
8.57 
8.33 
8.10 
5.90 
6.10 
10.16 
10.12 
9.71 
9.03 
8.89 
10.04 
10.55 
10.43 
6.49 
7.09 
10.71 
10.30 
11.22 
7.10 
4.94 
11.36 
7.55 
10.15 
6.97 
3.16 
11.68 
11.26 
11.76 
11.64 
11.63 
13.07 
12.55 
12.23 
13.07 
12.54 
11.04 
12.96 
3.62 
4.76 
13.29 
14.07 
13.85 
12.72 
13.06 
14.65 
13.97 
12.46 
14.09 
13.73 
12.43 
14.68 
14.92 
15.89 
15.89 
9.52 
13.43 
4.47 
4.51 
6.45 
5.12 
12.32 
4.71 
4.76 
17.83 
17.57 
18.35 
17.69 
14.88 
18.75 
19.15 
18.06 
17.92 
18.18 
13.32 
17.03 
18.12 
5.46 
5.51 
5.56 
14.74 
10.25 
5.71 
15.61 
19.92 
21.36 
17.80 
21.60 
16.82 
6.05 
19.41 
18.16 
22.78 
24.25 
21.33 
6.33 
17.56 
23.33 
24.83 
22.77 
22.72 
18.76 
11.96 
23.79 
24.67 
18.77 
16.16 
25.28 
20.91 
17.00 
24.27 
23.07 
25.40 
12.26 
27.02 
26.94 
25.56 
25.80 
22.29 
21.54 
9.82 
27.56 
19.91 
28.52 
21.67 
28.99 
27.89 
27.46 
20.89 
27.41 
25.97 
17.20 
29.07 
29.12 
28.84 
21.03 
25.59 
22.28 
30.02 
29.06 
18.19 
26.95 
8.00 
17.27 
21.67 
30.29 
30.49 
29.34 
30.21 
29.56 
14.22 
8.16 
16.46 
16.98 
8.21 
31.72 
30.56 
24.82 
23.31 
25.69 
25.37 
26.22 
24.88 
8.30 
8.30 
22.70 
24.91 
15.26 
16.11 
8.32 
8.33 
8.33 
25.09 
20.18 
10.02 
21.70 
25.08 
29.47 
8.31 
21.67 
8.30 
8.30 
27.73 
25.35 
9.63 
25.33 
27.17 
17.03 
21.06 
20.88 
20.35 
29.44 
25.03 
13.22 
8.15 
13.69 
14.68 
22.89 
15.14 
18.31 
30.69 
21.60 
28.11 
17.86 
13.15 
15.29 
26.95 
19.90 
23.20 
7.84 
17.13 
12.61 
19.54 
24.80 
20.45 
11.48 
10.95 
7.62 
8.74 
13.14 
23.28 
28.14 
24.47 
25.22 
24.18 
29.00 
27.46 
24.47 
20.51 
24.00 
22.96 
17.90 
14.95 
23.05 
25.05 
23.37 
21.86 
22.26 
6.86 
21.93 
13.06 
25.36 
23.70 
22.67 
21.18 
11.82 
21.46 
23.05 
23.10 
21.78 
21.52 
22.63 
21.92 
20.16 
16.92 
18.32 
6.06 
6.01 
16.40 
13.67 
5.86 
10.46 
19.20 
20.95 
20.97 
20.28 
18.03 
19.19 
16.27 
5.43 
15.50 
17.74 
15.70 
15.05 
9.79 
16.19 
15.27 
13.16 
4.98 
8.23 
11.69 
17.33 
13.32 
11.42 
14.39 
17.07 
12.78 
16.57 
15.82 
16.44 
13.85 
12.65 
15.81 
15.81 
15.56 
15.68 
12.25 
9.46 
11.70 
9.76 
5.32 
13.80 
14.36 
10.21 
14.02 
14.12 
10.61 
13.68 
11.94 
8.73 
3.54 
5.62 
12.19 
12.51 
12.20 
11.08 
3.32 
3.29 
3.25 
11.24 
11.75 
11.76 
10.70 
10.72 
9.38 
10.76 
3.02 
10.90 
6.28 
6.80 
10.79 
10.63 
9.46 
10.60 
10.18 
5.09 
10.16 
10.02 
10.15 
9.30 
9.89 
9.85 
8.66 
8.27 
2.67 
8.92 
8.55 
9.49 
8.94 
9.45 
8.91 
8.81 
9.24 
8.97 
8.96 
6.00 
5.13 
9.40 
4.53 
5.93 
2.62 
2.62 
7.97 
8.25 
9.49 
9.52 
9.54 
9.48 
9.96 
9.10 
9.50 
8.64 
9.76 
9.98 
10.03 
3.97 
9.31 
10.37 
9.96 
2.87 
10.36 
10.71 
2.94 
7.62 
2.99 
7.92 
3.04 
10.46 
11.52 
11.50 
8.81 
11.88 
9.15 
10.24 
11.95 
12.35 
12.66 
12.13 
12.34 
12.96 
12.01 
12.43 
13.39 
13.50 
13.73 
14.17 
13.95 
14.07 
14.53 
14.53 
14.77 
14.55 
15.25 
14.90 
13.15 
14.68 
14.68 
14.80 
16.01 
16.26 
9.77 
12.82 
16.15 
17.03 
16.66 
16.54 
10.02 
16.02 
18.34 
18.22 
17.96 
18.75 
18.75 
9.28 
16.34 
18.34 
16.30 
7.26 
20.24 
17.47 
20.65 
17.71 
18.38 
13.13 
18.62 
10.17 
6.66 
8.44 
21.98 
20.94 
19.46 
21.04 
12.74 
6.00 
6.05 
22.70 
18.01 
10.26 
23.65 
23.16 
23.73 
15.72 
15.03 
20.97 
6.51 
18.05 
6.60 
18.22 
10.14 
24.04 
23.67 
20.28 
14.32 
21.39 
24.02 
6.99 
7.03 
10.76 
21.62 
24.27 
21.60 
21.67 
24.99 
26.20 
21.37 
23.07 
23.30 
19.59 
18.16 
7.50 
26.84 
27.23 
24.98 
14.42 
27.57 
7.69 
28.18 
13.41 
10.44 
26.50 
17.19 
24.58 
22.78 
18.80 
27.22 
23.39 
15.20 
26.65 
25.85 
23.19 
29.61 
29.81 
19.05 
26.84 
28.21 
27.90 
27.92 
16.79 
20.70 
22.41 
8.22 
23.96 
25.84 
23.31 
24.85 
28.75 
22.67 
22.00 
23.87 
15.08 
10.00 
8.31 
19.32 
18.48 
9.85 
23.40 
20.86 
12.56 
27.63 
21.87 
22.71 
23.05 
14.58 
8.31 
9.16 
10.50 
8.30 
20.63 
14.88 
24.16 
26.68 
20.08 
8.92 
28.49 
23.91 
8.21 
13.76 
21.66 
10.53 
30.88 
27.15 
8.12 
19.03 
22.03 
24.52 
23.81 
25.96 
27.44 
27.90 
28.37 
28.16 
23.11 
16.90 
12.53 
14.83 
17.63 
20.91 
21.20 
7.73 
16.81 
26.36 
27.13 
14.87 
15.49 
13.80 
7.52 
7.49 
14.49 
7.42 
7.39 
20.86 
17.88 
10.36 
23.10 
25.77 
18.13 
18.87 
18.96 
10.10 
7.02 
23.69 
25.36 
22.57 
21.39 
13.12 
17.45 
16.44 
6.69 
6.96 
25.52 
24.95 
24.08 
15.53 
21.57 
22.84 
19.40 
12.49 
14.08 
6.65 
22.60 
23.38 
22.82 
6.01 
16.84 
20.11 
16.94 
17.71 
16.74 
11.76 
15.54 
5.62 
12.94 
7.36 
6.18 
14.49 
19.24 
14.71 
18.72 
15.46 
18.20 
16.73 
13.13 
17.96 
4.98 
4.93 
13.39 
17.85 
17.07 
8.85 
17.07 
17.07 
16.31 
16.19 
16.44 
16.44 
15.69 
14.84 
12.30 
15.69 
10.78 
4.17 
4.12 
15.19 
14.95 
14.95 
14.71 
14.48 
13.01 
6.40 
12.90 
13.90 
12.91 
13.79 
13.57 
12.38 
13.03 
12.50 
12.72 
3.43 
9.92 
12.11 
5.57 
3.29 
11.73 
11.54 
11.65 
11.67 
11.58 
10.91 
11.42 
11.24 
10.97 
9.66 
2.96 
7.93 
10.88 
9.32 
10.38 
7.00 
10.27 
10.21 
9.98 
9.93 
3.39 
9.12 
9.62 
9.76 
7.85 
7.21 
5.59 
2.66 
8.99 
4.66 
9.38 
9.63 
9.61 
9.25 
9.41 
8.97 
9.49 
7.22 
9.40 
9.49 
8.36 
8.80 
9.51 
9.18 
5.17 
2.64 
9.41 
9.43 
9.63 
9.81 
6.74 
8.81 
9.64 
9.68 
9.45 
9.58 
8.63 
10.30 
10.26 
10.50 
10.37 
10.33 
10.58 
9.62 
9.86 
6.05 
10.56 
9.68 
10.80 
9.71 
10.37 
11.32 
11.50 
11.89 
11.68 
11.67 
10.74 
11.64 
11.33 
10.59 
11.20 
10.45 
11.07 
11.48 
10.82 
10.81 
13.50 
10.99 
13.95 
13.73 
13.40 
3.83 
11.81 
13.05 
14.89 
14.78 
9.77 
4.09 
10.65 
15.63 
14.08 
16.01 
5.18 
15.65 
16.64 
15.90 
17.03 
16.28 
17.55 
6.45 
11.14 
10.71 
17.31 
19.01 
16.90 
17.56 
15.82 
17.81 
15.51 
15.21 
19.42 
18.86 
17.89 
17.31 
19.66 
17.96 
19.77 
17.20 
8.18 
20.15 
18.83 
21.55 
22.25 
22.09 
18.83 
19.24 
6.00 
16.92 
21.95 
23.11 
20.52 
17.90 
21.79 
24.03 
23.99 
23.33 
21.90 
22.31 
9.51 
7.69 
19.78 
23.01 
19.48 
25.72 
23.60 
22.58 
6.90 
6.94 
11.15 
27.24 
22.67 
7.10 
20.07 
26.94 
25.89 
27.59 
25.39 
8.31 
24.87 
15.76 
25.83 
28.19 
25.79 
24.70 
26.57 
24.81 
20.89 
20.44 
18.49 
24.02 
29.57 
29.29 
7.80 
7.83 
20.23 
28.81 
29.52 
28.05 
29.44 
7.97 
30.69 
29.04 
22.68 
24.22 
27.12 
21.92 
8.11 
26.86 
30.26 
31.13 
28.79 
31.01 
31.36 
22.08 
28.02 
8.24 
21.11 
8.26 
22.32 
31.47 
31.82 
30.82 
25.91 
27.95 
22.37 
8.32 
19.50 
8.32 
17.30 
31.02 
26.78 
31.52 
28.64 
28.30 
29.48 
21.35 
20.50 
32.33 
30.80 
26.73 
27.23 
31.27 
29.90 
17.39 
8.26 
20.57 
26.12 
8.22 
31.15 
24.55 
12.56 
19.96 
8.15 
26.98 
24.94 
8.10 
8.09 
19.48 
8.05 
26.80 
21.41 
22.38 
21.34 
16.80 
25.78 
27.74 
12.87 
19.50 
19.79 
20.25 
22.36 
7.73 
24.76 
26.03 
21.52 
15.20 
19.44 
22.02 
17.21 
7.49 
23.82 
27.51 
28.09 
28.02 
26.32 
19.60 
7.25 
7.21 
14.91 
12.60 
25.54 
14.10 
22.50 
26.56 
6.94 
6.90 
20.75 
22.25 
23.26 
23.95 
21.20 
20.18 
17.46 
6.56 
6.52 
6.47 
6.43 
6.38 
9.07 
15.67 
23.43 
16.86 
22.00 
23.08 
20.00 
20.92 
22.14 
19.09 
17.96 
5.82 
10.97 
18.80 
20.69 
20.57 
17.89 
18.91 
14.73 
16.86 
13.42 
18.15 
5.28 
11.37 
15.76 
19.29 
19.29 
19.30 
19.03 
18.76 
7.63 
13.42 
10.35 
13.99 
4.69 
12.13 
17.83 
17.19 
16.19 
9.52 
16.55 
11.91 
16.90 
15.93 
15.92 
15.32 
13.55 
13.20 
7.06 
14.49 
13.11 
9.82 
13.01 
3.82 
12.90 
3.74 
14.01 
13.68 
13.46 
13.14 
11.32 
10.91 
3.46 
3.43 
9.40 
10.67 
3.32 
11.72 
11.93 
12.04 
8.96 
11.76 
9.32 
11.50 
11.61 
10.86 
10.88 
9.95 
7.70 
9.25 
5.16 
10.26 
7.51 
5.80 
9.99 
8.38 
9.25 
9.93 
5.46 
9.84 
9.71 
2.71 
9.46 
6.94 
2.67 
6.28 
7.67 
2.64 
8.94 
9.19 
9.61 
9.34 
9.41 
9.67 
9.40 
9.40 
9.05 
6.61 
2.61 
8.80 
7.94 
9.35 
8.58 
5.88 
9.14 
9.25 
7.07 
8.69 
2.68 
9.19 
8.69 
9.09 
2951.02 
5.55 
8.94 
6.80 
10.22 
10.18 
10.43 
8.26 
10.64 
9.86 
8.89 
9.52 
2.99 
5.32 
11.16 
11.34 
11.52 
8.84 
11.69 
11.58 
11.06 
11.55 
12.36 
12.04 
12.35 
3.40 
12.76 
13.18 
13.28 
11.04 
3.58 
9.60 
9.90 
9.54 
11.07 
3.79 
14.08 
14.42 
9.06 
14.78 
14.67 
15.02 
15.26 
16.22 
13.01 
14.92 
15.04 
14.07 
9.28 
13.06 
6.83 
4.51 
4.56 
8.67 
16.92 
15.12 
4.76 
17.70 
18.61 
4.91 
4.96 
18.49 
18.62 
15.24 
17.93 
19.28 
5.26 
19.82 
19.81 
19.80 
17.40 
11.16 
13.08 
18.45 
16.13 
19.40 
14.88 
20.22 
21.06 
20.30 
21.89 
8.67 
6.05 
6.99 
20.56 
23.68 
22.29 
22.40 
17.93 
24.60 
22.72 
18.66 
12.40 
24.58 
6.60 
16.03 
25.52 
19.95 
17.35 
16.95 
6.86 
13.91 
20.35 
13.23 
7.03 
9.80 
23.71 
25.89 
7.18 
17.77 
24.50 
27.18 
27.09 
27.49 
28.05 
25.99 
18.65 
24.64 
14.96 
27.89 
24.81 
23.87 
21.43 
28.46 
27.35 
27.74 
28.12 
10.97 
20.53 
7.85 
19.77 
20.14 
29.40 
28.93 
20.24 
27.49 
25.68 
30.93 
29.95 
18.52 
8.09 
15.70 
26.69 
23.85 
16.61 
18.14 
15.29 
29.00 
28.51 
28.02 
25.50 
26.36 
21.80 
27.23 
15.73 
8.29 
22.52 
21.34 
24.56 
23.55 
20.34 
14.08 
21.36 
25.26 
31.69 
21.70 
28.64 
30.67 
29.99 
28.63 
21.18 
19.48 
24.89 
21.33 
14.89 
13.70 
29.07 
28.05 
24.65 
30.72 
29.35 
10.43 
31.67 
9.73 
10.73 
12.23 
19.12 
8.15 
8.14 
8.12 
19.70 
25.22 
29.38 
8.05 
25.63 
28.94 
23.89 
24.02 
26.49 
21.27 
16.57 
14.70 
22.99 
17.79 
9.45 
11.25 
22.48 
9.86 
11.48 
9.46 
25.42 
28.66 
7.56 
20.65 
27.81 
25.94 
7.42 
21.74 
7.36 
26.65 
26.41 
26.50 
18.67 
7.17 
7.14 
20.41 
7.06 
25.37 
24.81 
24.56 
24.79 
22.49 
23.35 
25.30 
23.17 
25.11 
10.85 
6.60 
19.70 
10.06 
22.59 
21.42 
18.88 
7.25 
15.52 
18.30 
20.91 
22.60 
22.04 
22.07 
21.66 
11.11 
5.91 
5.86 
11.04 
16.16 
5.72 
6.10 
20.57 
20.44 
17.78 
16.13 
20.07 
19.80 
19.53 
19.68 
18.32 
10.88 
8.23 
17.95 
19.69 
19.29 
17.97 
12.35 
8.35 
7.24 
4.74 
16.44 
17.33 
16.57 
17.44 
17.68 
15.69 
4.40 
4.35 
9.51 
4.26 
4.22 
4.17 
4.12 
5.13 
15.07 
14.03 
13.57 
14.14 
14.36 
13.91 
13.91 
13.57 
13.90 
13.46 
13.57 
13.35 
12.07 
11.02 
13.03 
9.59 
11.89 
8.92 
9.15 
12.23 
9.91 
12.04 
11.35 
11.07 
3.13 
7.69 
9.57 
10.57 
11.07 
7.47 
10.92 
10.76 
7.41 
10.63 
9.27 
8.48 
9.62 
9.30 
9.71 
10.38 
9.43 
7.50 
9.89 
9.05 
9.63 
7.47 
7.00 
9.19 
7.75 
8.44 
9.38 
9.10 
8.82 
9.16 
8.80 
9.40 
9.23 
7.66 
9.22 
9.40 
9.32 
9.59 
9.34 
8.65 
9.37 
5.79 
9.05 
9.34 
9.72 
8.16 
6.41 
9.10 
9.68 
9.80 
9.40 
9.71 
10.12 
10.08 
10.22 
10.18 
10.06 
10.49 
10.64 
10.71 
10.87 
10.66 
11.01 
10.89 
11.16 
7.45 
11.52 
11.41 
11.79 
11.78 
6.94 
11.65 
12.26 
12.56 
12.76 
12.34 
12.65 
12.86 
10.73 
9.54 
13.50 
8.08 
13.73 
11.09 
3.75 
14.18 
11.26 
10.45 
14.54 
14.55 
4.70 
13.74 
14.67 
14.80 
12.29 
4.23 
4.28 
4.32 
15.41 
13.19 
8.07 
10.40 
15.40 
16.79 
17.56 
18.20 
17.18 
15.87 
18.09 
18.75 
18.75 
18.89 
18.48 
18.07 
16.71 
12.72 
6.77 
19.41 
19.95 
18.54 
15.43 
13.98 
13.93 
19.59 
21.15 
19.69 
22.27 
19.49 
20.19 
22.36 
21.89 
22.01 
21.09 
11.93 
6.14 
21.12 
22.89 
23.16 
19.61 
18.78 
18.57 
23.90 
18.44 
24.27 
25.15 
24.94 
19.24 
22.79 
24.61 
24.71 
21.31 
26.17 
23.07 
18.51 
12.16 
18.97 
15.17 
24.92 
11.88 
14.04 
24.50 
19.68 
13.37 
15.71 
24.61 
28.29 
22.60 
7.50 
21.40 
28.72 
27.96 
15.09 
15.96 
28.63 
27.35 
27.07 
28.62 
28.34 
19.69 
26.09 
17.25 
15.44 
25.54 
18.69 
29.31 
29.34 
27.70 
27.22 
26.75 
18.52 
28.16 
22.79 
11.34 
26.38 
18.46 
24.40 
20.53 
29.00 
27.33 
27.85 
12.64 
22.30 
28.40 
29.43 
20.30 
24.54 
31.66 
29.81 
20.16 
20.34 
9.16 
27.63 
30.34 
23.40 
23.90 
25.43 
9.34 
9.68 
19.33 
28.80 
31.33 
29.13 
24.55 
9.49 
24.87 
9.81 
10.65 
27.88 
28.54 
12.48 
16.01 
25.96 
24.42 
30.64 
25.73 
26.89 
23.49 
26.17 
19.41 
20.23 
20.04 
15.48 
8.07 
14.92 
21.60 
16.38 
19.37 
14.48 
10.61 
12.92 
29.58 
22.70 
22.16 
7.82 
26.06 
29.00 
26.63 
12.18 
22.56 
24.98 
14.54 
14.83 
18.24 
23.94 
20.76 
27.09 
25.88 
22.71 
17.61 
7.32 
7.28 
19.70 
7.21 
25.70 
27.22 
25.38 
23.85 
24.89 
22.74 
16.62 
9.43 
6.86 
16.11 
18.24 
12.99 
17.93 
10.85 
24.44 
23.87 
15.91 
22.28 
20.96 
19.03 
13.78 
6.59 
20.26 
6.20 
18.11 
10.87 
6.06 
6.01 
15.08 
10.74 
20.00 
19.60 
20.35 
20.81 
20.54 
20.42 
20.30 
20.04 
18.93 
5.43 
14.39 
5.33 
19.27 
19.28 
19.29 
19.16 
19.03 
16.90 
17.70 
18.63 
16.01 
13.94 
13.32 
6.66 
14.26 
10.35 
13.29 
15.06 
10.96 
16.31 
16.43 
15.82 
11.82 
4.26 
8.04 
4.17 
4.12 
15.19 
14.95 
3.99 
13.80 
14.48 
12.22 
5.05 
3.78 
3.74 
4.13 
3.66 
3.62 
5.19 
7.27 
11.55 
7.14 
12.93 
12.31 
6.55 
12.12 
12.23 
11.43 
9.94 
8.27 
3.16 
9.81 
11.50 
11.32 
10.76 
9.44 
11.00 
2.96 
8.97 
4.98 
7.83 
10.29 
2.85 
10.08 
9.21 
2.79 
10.11 
9.34 
2.74 
2.72 
8.42 
9.63 
9.60 
9.75 
9.72 
9.25 
5.63 
9.47 
7.18 
9.44 
9.16 
9.59 
8.27 
8.88 
9.40 
9.31 
9.40 
8.80 
9.33 
8.81 
7.34 
7.79 
2.64 
2.64 
8.64 
9.10 
8.95 
9.69 
9.64 
9.68 
8.64 
5.98 
8.90 
9.94 
10.08 
10.22 
9.63 
10.43 
10.21 
8.96 
7.52 
2.94 
7.24 
5.66 
3.02 
10.20 
11.53 
11.42 
11.50 
11.69 
11.58 
11.46 
9.43 
12.36 
11.22 
11.83 
12.65 
12.86 
12.75 
12.22 
11.57 
13.50 
13.50 
13.51 
12.85 
14.18 
13.51 
3.83 
11.24 
13.74 
14.32 
14.43 
15.02 
15.14 
15.39 
14.68 
13.60 
8.63 
14.92 
11.85 
16.52 
15.78 
15.15 
9.10 
11.59 
4.66 
4.71 
4.76 
4.81 
4.86 
18.75 
18.75 
13.68 
17.95 
19.29 
19.56 
19.42 
19.00 
19.82 
14.53 
15.19 
5.46 
18.50 
19.47 
20.17 
13.83 
9.45 
20.97 
22.25 
22.53 
21.62 
22.48 
19.79 
20.64 
20.15 
22.51 
18.40 
12.29 
23.61 
23.88 
24.30 
24.87 
23.29 
24.16 
19.30 
12.84 
23.69 
25.99 
24.67 
25.24 
21.70 
26.39 
24.10 
16.84 
14.99 
15.85 
16.07 
20.33 
13.61 
7.18 
25.89 
24.17 
25.22 
24.31 
25.36 
19.53 
18.44 
26.22 
28.76 
22.39 
29.05 
23.82 
24.53 
26.41 
20.15 
24.52 
7.75 
22.95 
17.98 
29.72 
24.75 
27.80 
28.52 
26.04 
21.55 
18.89 
19.09 
25.51 
24.70 
25.23 
20.55 
30.01 
23.80 
26.35 
11.69 
30.79 
21.69 
15.80 
28.32 
13.29 
22.27 
28.54 
8.25 
24.85 
27.91 
22.84 
28.10 
30.31 
18.12 
11.86 
18.47 
20.68 
25.59 
18.82 
17.13 
20.52 
20.69 
17.30 
16.79 
8.32 
8.32 
8.83 
11.53 
12.03 
8.30 
15.57 
29.42 
30.76 
28.89 
29.89 
23.29 
9.93 
8.24 
8.22 
10.40 
20.50 
25.20 
23.33 
21.96 
21.77 
25.95 
30.12 
31.10 
28.54 
18.78 
18.08 
8.01 
7.98 
27.20 
24.98 
21.27 
7.89 
12.70 
7.84 
14.47 
29.22 
15.23 
7.73 
9.36 
28.18 
25.97 
24.76 
20.76 
26.62 
21.47 
10.60 
28.23 
24.90 
10.98 
22.65 
27.78 
10.69 
23.10 
25.61 
14.42 
9.87 
26.66 
15.06 
26.65 
26.56 
24.40 
24.95 
23.28 
18.78 
12.11 
21.45 
24.95 
20.80 
6.60 
9.81 
10.21 
18.75 
24.63 
23.91 
18.49 
20.06 
16.79 
16.56 
13.48 
8.04 
22.52 
14.87 
22.28 
22.02 
23.50 
21.92 
21.94 
21.53 
20.40 
7.47 
14.49 
16.09 
17.67 
5.43 
15.64 
11.26 
20.09 
20.10 
19.69 
19.43 
18.22 
16.90 
13.33 
16.39 
18.50 
16.68 
13.97 
16.04 
17.33 
16.31 
15.81 
17.19 
15.94 
5.44 
9.68 
16.30 
15.81 
15.69 
14.85 
4.17 
9.54 
15.19 
14.95 
14.72 
6.24 
13.57 
14.36 
10.77 
14.02 
13.90 
13.79 
10.08 
3.62 
3.58 
12.92 
11.97 
11.66 
12.20 
7.54 
3.36 
10.07 
12.33 
12.33 
11.54 
11.25 
11.76 
10.70 
8.86 
10.54 
10.86 
9.34 
6.52 
10.92 
9.82 
2.91 
10.63 
9.55 
10.42 
10.27 
10.21 
5.61 
4.40 
10.06 
7.23 
9.26 
6.64 
7.94 
9.69 
9.66 
6.81 
8.46 
2.64 
2.64 
2.63 
2.62 
2.62 
9.50 
8.79 
7.75 
3.83 
3.83 
9.05 
9.41 
8.72 
9.16 
8.91 
7.35 
2.64 
9.58 
9.52 
8.84 
9.37 
9.57 
9.69 
9.64 
9.68 
9.71 
9.85 
9.80 
9.94 
9.90 
7.84 
10.00 
6.27 
8.81 
7.47 
10.80 
10.68 
10.37 
8.82 
3.02 
9.23 
10.66 
9.37 
10.81 
11.29 
11.48 
11.57 
10.54 
10.52 
3.33 
3.36 
12.76 
12.55 
3.47 
13.07 
10.29 
13.50 
13.72 
12.52 
13.29 
10.51 
10.49 
14.19 
13.85 
11.34 
14.66 
9.10 
12.57 
14.67 
15.51 
15.28 
15.76 
16.01 
16.02 
8.54 
4.42 
14.16 
16.91 
14.01 
17.42 
8.49 
17.31 
18.08 
17.57 
11.80 
14.27 
16.50 
14.08 
19.29 
16.05 
5.16 
19.83 
17.35 
14.84 
17.03 
17.85 
19.51 
5.51 
21.32 
11.60 
21.01 
13.35 
21.84 
20.94 
18.58 
18.69 
17.17 
13.56 
19.30 
6.10 
21.61 
22.93 
21.08 
6.28 
11.06 
24.91 
15.80 
22.21 
17.66 
22.72 
25.00 
21.35 
23.32 
24.20 
23.51 
25.66 
16.86 
25.53 
6.94 
23.15 
23.39 
7.07 
15.49 
24.60 
27.75 
22.48 
24.99 
19.03 
27.91 
28.15 
27.73 
24.18 
23.92 
22.17 
24.20 
24.09 
18.52 
11.44 
9.48 
29.62 
29.68 
24.24 
27.12 
29.84 
28.55 
23.58 
16.25 
7.90 
25.87 
27.59 
21.92 
25.98 
26.86 
10.90 
28.60 
8.08 
11.80 
13.68 
31.25 
30.94 
27.92 
21.86 
17.66 
25.45 
8.22 
8.23 
8.24 
8.25 
8.26 
8.27 
22.67 
27.25 
28.44 
27.44 
28.12 
20.84 
8.32 
24.58 
29.49 
28.14 
11.37 
21.70 
8.33 
29.49 
18.99 
16.95 
27.78 
26.42 
8.31 
16.08 
8.30 
8.29 
30.26 
29.90 
21.78 
31.22 
29.69 
21.57 
17.16 
8.21 
8.20 
16.61 
27.71 
20.95 
16.38 
8.12 
30.96 
28.58 
9.41 
18.45 
24.12 
22.24 
12.67 
25.52 
30.00 
29.45 
7.89 
7.87 
29.98 
12.81 
27.72 
21.37 
13.87 
21.61 
28.51 
23.50 
25.26 
24.54 
7.56 
24.43 
27.81 
24.96 
10.36 
22.71 
16.63 
18.69 
12.80 
12.75 
24.16 
26.50 
24.01 
9.82 
21.14 
10.37 
24.01 
26.47 
25.27 
26.44 
7.60 
6.77 
18.16 
24.48 
24.85 
21.65 
23.56 
21.31 
9.39 
20.65 
22.08 
20.61 
6.29 
15.59 
23.46 
23.05 
11.91 
19.11 
21.52 
21.25 
18.94 
11.99 
6.69 
13.85 
17.07 
20.97 
5.62 
9.25 
21.30 
21.17 
20.48 
19.66 
13.74 
5.28 
5.23 
14.81 
19.56 
18.36 
14.76 
11.47 
12.97 
12.35 
16.15 
10.09 
15.66 
17.71 
13.52 
4.59 
8.05 
16.56 
16.56 
15.08 
7.16 
14.12 
15.81 
14.37 
4.17 
15.43 
14.84 
14.84 
14.49 
13.68 
6.41 
14.47 
14.24 
10.12 
6.50 
12.25 
13.46 
13.35 
7.55 
12.71 
13.03 
10.30 
6.25 
12.83 
12.42 
12.32 
8.16 
12.03 
11.54 
11.35 
11.67 
3223.45 
10.72 
11.03 
11.15 
11.17 
10.61 
6.28 
10.86 
10.69 
10.63 
10.10 
10.51 
10.36 
10.21 
9.43 
10.20 
9.88 
10.02 
9.89 
9.58 
4.03 
9.78 
9.57 
9.63 
9.51 
9.49 
9.47 
8.75 
7.78 
9.25 
9.59 
9.49 
9.49 
9.22 
8.70 
9.31 
8.62 
8.80 
9.34 
7.25 
9.45 
9.56 
9.49 
9.43 
9.46 
9.13 
9.60 
9.10 
9.76 
2.72 
8.68 
9.89 
10.12 
10.35 
9.95 
10.46 
10.33 
10.21 
10.18 
9.68 
8.70 
10.09 
8.05 
11.09 
11.45 
10.56 
7.60 
3.13 
10.70 
9.28 
10.56 
11.76 
9.91 
11.02 
10.38 
7.45 
12.55 
13.18 
12.22 
12.00 
3.58 
3.62 
13.62 
13.73 
13.73 
12.51 
13.96 
3.87 
6.89 
7.41 
13.51 
7.67 
4.09 
14.91 
13.96 
8.43 
4.28 
4.32 
6.09 
4.42 
4.47 
17.03 
5.95 
16.16 
17.43 
4.71 
18.34 
18.35 
18.75 
18.62 
18.35 
17.69 
14.32 
9.43 
16.03 
18.60 
19.83 
19.41 
18.28 
19.24 
17.40 
11.58 
21.32 
20.88 
21.44 
18.83 
19.52 
19.78 
19.46 
5.90 
18.05 
23.05 
22.43 
6.10 
22.36 
21.72 
24.41 
24.22 
24.64 
24.45 
22.87 
20.51 
23.23 
8.42 
15.18 
21.82 
22.85 
21.53 
6.78 
9.35 
8.29 
17.25 
12.37 
22.35 
24.03 
26.69 
21.29 
19.10 
14.79 
26.05 
27.10 
26.53 
26.60 
26.67 
16.58 
19.42 
23.26 
26.12 
28.66 
18.97 
28.78 
21.88 
7.66 
7.69 
7.72 
26.07 
26.62 
16.98 
27.55 
28.09 
21.78 
22.99 
27.89 
27.92 
26.11 
28.33 
25.34 
11.07 
27.09 
28.80 
27.99 
30.04 
30.74 
28.07 
21.84 
8.18 
23.40 
28.66 
22.25 
28.86 
10.78 
30.76 
21.46 
26.04 
19.28 
30.81 
29.97 
19.48 
30.83 
18.30 
20.68 
17.80 
28.98 
17.98 
23.90 
15.10 
19.33 
31.18 
27.62 
8.32 
22.70 
31.33 
30.98 
24.54 
16.75 
17.76 
10.14 
11.66 
26.00 
24.64 
20.23 
8.24 
21.55 
13.10 
29.10 
30.93 
27.54 
30.37 
27.15 
23.76 
19.36 
17.83 
20.32 
26.00 
22.95 
11.02 
8.82 
14.82 
17.13 
29.62 
26.41 
26.70 
27.32 
16.96 
21.41 
21.87 
10.72 
21.44 
10.49 
10.12 
22.62 
28.17 
27.61 
18.68 
20.27 
28.23 
28.16 
18.96 
11.42 
23.40 
25.76 
26.50 
19.64 
22.31 
21.92 
20.89 
17.30 
10.53 
21.94 
20.43 
26.06 
25.96 
25.08 
6.77 
7.36 
6.69 
13.49 
6.60 
6.56 
23.15 
25.05 
21.88 
13.85 
14.08 
24.60 
23.58 
20.46 
6.15 
6.10 
14.81 
9.41 
22.43 
6.79 
12.71 
19.89 
17.90 
14.34 
11.53 
5.62 
5.57 
8.62 
11.64 
5.43 
19.24 
7.26 
17.21 
10.55 
5.18 
9.31 
8.97 
7.30 
18.37 
18.50 
17.58 
4.83 
4.79 
4.74 
4.69 
7.68 
17.45 
16.94 
16.81 
16.44 
15.33 
15.57 
4.31 
6.67 
8.04 
12.59 
8.37 
9.11 
9.49 
14.60 
14.60 
11.64 
9.17 
3.82 
3.78 
8.71 
13.79 
13.79 
12.49 
13.35 
9.94 
7.84 
12.09 
12.93 
8.99 
7.37 
12.42 
12.43 
12.44 
7.93 
9.56 
11.86 
11.09 
7.30 
7.34 
11.05 
10.01 
6.23 
10.17 
8.78 
5.26 
2.89 
9.92 
2.85 
7.88 
10.21 
10.43 
10.56 
10.06 
10.02 
7.56 
9.22 
9.81 
2.68 
9.30 
9.72 
9.43 
9.49 
9.56 
8.84 
9.17 
9.51 
8.02 
9.49 
9.57 
8.79 
9.05 
8.88 
9.06 
9.24 
8.12 
8.13 
8.84 
9.38 
6.86 
9.61 
