20050101
10.49 
9.85 
10.45 
10.97 
3.00 
3.01 
10.70 
11.13 
10.89 
9.56 
10.39 
9.85 
9.50 
10.75 
10.81 
11.48 
7.99 
11.71 
10.65 
11.24 
9.65 
3.36 
4.54 
10.06 
10.76 
3.48 
10.59 
7.64 
13.13 
12.35 
12.99 
13.53 
13.30 
3.75 
7.51 
3.82 
7.29 
3.90 
3.94 
13.66 
10.95 
13.40 
10.41 
13.01 
4.18 
4.23 
4.27 
11.94 
12.40 
16.61 
16.36 
14.97 
14.57 
11.23 
5.66 
16.71 
16.44 
12.50 
4.81 
5.92 
18.12 
13.68 
18.37 
18.63 
18.21 
18.61 
18.04 
15.24 
9.48 
19.67 
20.36 
20.20 
17.18 
17.43 
5.57 
18.52 
21.11 
13.33 
15.61 
5.81 
15.80 
21.71 
22.27 
21.94 
21.75 
22.78 
21.06 
22.85 
21.27 
18.76 
6.31 
20.03 
22.30 
22.09 
19.36 
18.35 
14.16 
6.62 
18.11 
20.26 
14.11 
20.75 
25.17 
23.49 
24.38 
23.50 
20.00 
19.74 
14.58 
24.47 
26.35 
26.43 
21.39 
24.43 
21.52 
24.90 
25.13 
20.37 
12.08 
19.31 
26.22 
26.45 
23.48 
20.51 
10.46 
28.02 
27.06 
27.45 
28.18 
7.74 
24.38 
24.59 
7.82 
22.46 
22.32 
7.89 
9.27 
28.90 
27.06 
11.73 
16.37 
28.70 
29.24 
26.87 
16.63 
25.04 
15.13 
25.09 
18.94 
25.30 
22.23 
26.54 
29.82 
29.83 
27.27 
10.80 
25.58 
20.10 
8.25 
8.26 
22.70 
27.01 
23.06 
21.52 
25.48 
28.92 
27.89 
18.62 
20.51 
22.57 
17.07 
28.58 
26.52 
24.63 
24.11 
8.30 
8.30 
13.28 
17.39 
25.45 
26.99 
28.01 
8.27 
24.04 
25.23 
25.56 
22.12 
24.33 
17.81 
21.22 
15.21 
25.97 
12.61 
8.15 
8.14 
8.12 
8.11 
10.99 
8.08 
22.21 
26.78 
20.96 
18.55 
7.98 
11.70 
25.09 
15.89 
7.90 
27.18 
26.30 
20.84 
15.74 
23.13 
19.21 
10.92 
9.38 
9.85 
16.20 
23.87 
7.58 
13.57 
7.52 
8.33 
7.46 
22.05 
22.49 
16.14 
7.33 
8.45 
27.02 
23.82 
21.95 
23.52 
26.39 
8.72 
20.54 
22.58 
11.02 
18.71 
20.25 
6.86 
16.90 
15.56 
19.79 
14.00 
24.85 
22.07 
22.77 
15.46 
20.70 
18.90 
19.90 
21.66 
20.64 
15.17 
6.23 
13.95 
6.14 
6.09 
21.99 
14.69 
5.96 
5.91 
15.48 
20.25 
19.40 
15.94 
14.68 
11.99 
5.58 
11.83 
5.49 
5.44 
8.22 
5.35 
12.14 
19.13 
19.14 
7.63 
17.12 
19.04 
16.62 
17.32 
13.06 
4.88 
6.28 
17.37 
17.25 
16.86 
17.00 
14.96 
4.56 
4.52 
13.76 
15.53 
12.44 
14.07 
10.17 
12.40 
8.68 
14.85 
15.45 
14.63 
13.46 
12.31 
8.85 
6.93 
3.89 
3.85 
13.32 
12.10 
13.13 
11.03 
11.17 
12.52 
3.60 
6.93 
11.93 
11.31 
7.62 
3.44 
3.83 
3.38 
3.36 
9.53 
11.83 
11.76 
12.00 
11.42 
11.46 
9.19 
11.44 
11.28 
10.53 
11.37 
10.53 
3.55 
11.61 
11.17 
10.94 
10.61 
9.42 
7.19 
3.54 
10.29 
10.36 
11.19 
10.79 
10.58 
10.95 
11.12 
10.73 
9.97 
6.76 
10.81 
10.62 
10.44 
9.97 
10.36 
7.25 
2.91 
2.92 
2.93 
2.93 
9.60 
2.95 
2.96 
2.97 
2.99 
9.07 
11.33 
10.99 
9.47 
9.71 
9.17 
3.10 
3.12 
3.14 
9.45 
9.61 
3.20 
3.23 
8.25 
3.28 
5.26 
10.48 
11.38 
10.72 
4.79 
10.55 
5.93 
3.51 
3.54 
3.57 
3.61 
3.64 
8.33 
12.52 
13.62 
12.93 
3.82 
3.86 
14.95 
14.95 
14.24 
14.35 
13.04 
13.50 
4.14 
11.18 
11.02 
15.63 
15.63 
15.37 
15.49 
15.10 
4.49 
16.98 
13.53 
13.25 
4.67 
7.58 
4.76 
4.81 
18.26 
18.25 
17.31 
18.24 
17.27 
19.17 
18.47 
5.19 
15.94 
5.28 
13.06 
19.93 
20.62 
20.04 
14.71 
21.00 
9.82 
21.40 
18.59 
14.59 
14.08 
21.74 
21.86 
21.23 
22.54 
19.79 
14.74 
23.20 
21.63 
20.97 
20.76 
13.28 
22.98 
21.37 
15.99 
20.31 
14.57 
23.49 
6.62 
11.75 
21.54 
6.74 
16.41 
22.60 
23.97 
22.93 
6.94 
20.00 
22.02 
26.19 
26.27 
15.35 
25.11 
25.51 
25.75 
8.44 
16.60 
25.46 
22.37 
26.43 
26.32 
23.88 
26.45 
24.16 
7.57 
15.00 
26.33 
25.88 
23.73 
13.46 
25.35 
19.12 
11.69 
28.53 
28.07 
28.96 
28.32 
23.59 
24.30 
18.87 
7.98 
8.00 
22.72 
29.24 
19.52 
8.07 
8.09 
8.10 
29.54 
30.25 
27.87 
28.92 
27.05 
24.67 
16.61 
26.76 
25.05 
26.44 
22.33 
30.42 
24.07 
31.81 
28.21 
24.61 
8.29 
29.09 
29.78 
28.24 
30.47 
31.16 
20.85 
8.31 
17.76 
19.13 
28.06 
28.40 
25.65 
27.88 
28.90 
19.45 
20.13 
8.28 
8.28 
17.36 
8.26 
28.49 
23.50 
29.83 
29.64 
24.83 
8.21 
19.83 
21.53 
20.14 
19.10 
8.14 
8.12 
11.18 
8.09 
8.08 
20.33 
24.22 
24.37 
25.36 
24.65 
8.30 
7.94 
7.92 
20.10 
7.87 
19.02 
8.84 
10.67 
18.07 
25.96 
18.00 
16.44 
22.62 
19.22 
22.02 
16.12 
9.39 
18.87 
16.32 
21.44 
9.26 
7.40 
22.26 
25.51 
23.13 
25.70 
24.64 
21.29 
7.16 
9.25 
22.07 
8.02 
9.93 
11.83 
22.58 
6.90 
9.26 
6.82 
17.31 
17.56 
20.18 
17.10 
6.61 
23.24 
23.61 
20.39 
13.92 
24.71 
23.67 
23.10 
21.15 
19.83 
6.18 
8.26 
11.98 
19.14 
20.98 
10.88 
18.24 
15.48 
16.86 
18.23 
16.52 
5.68 
17.19 
5.58 
17.84 
19.16 
17.77 
17.94 
18.39 
11.72 
17.19 
17.21 
16.14 
9.34 
6.70 
16.76 
16.51 
17.86 
15.36 
4.83 
4.79 
4.74 
4.70 
13.01 
4.61 
4.56 
4.52 
4.47 
15.15 
15.91 
4.34 
13.84 
14.83 
13.03 
13.65 
12.83 
14.15 
13.70 
13.59 
13.03 
13.62 
13.41 
12.51 
13.55 
13.34 
11.67 
12.92 
5.33 
13.39 
12.86 
10.28 
13.11 
12.92 
11.98 
6.19 
3.41 
3.38 
3.36 
10.25 
3.30 
3.28 
3.25 
3.23 
5.52 
8.59 
9.64 
10.88 
7.66 
9.79 
11.22 
10.39 
9.27 
9.43 
3.01 
8.10 
2.99 
10.45 
7.55 
8.38 
2.94 
2.93 
9.37 
10.68 
10.85 
10.84 
9.32 
8.27 
2.90 
7.70 
9.96 
8.08 
2.90 
4.79 
2.91 
9.91 
10.21 
5.20 
2.93 
2.94 
2.95 
2.96 
6.14 
6.45 
8.01 
10.85 
10.21 
11.03 
9.42 
3.08 
10.79 
9.26 
11.09 
7.26 
7.60 
10.27 
11.14 
11.81 
10.45 
3.30 
11.20 
9.61 
9.99 
3.42 
3.45 
12.22 
11.34 
12.93 
11.50 
13.34 
13.32 
13.42 
12.85 
13.84 
3.79 
10.30 
11.75 
3.90 
9.73 
12.61 
15.06 
14.34 
12.07 
11.21 
15.64 
12.48 
10.75 
11.94 
13.89 
12.00 
8.21 
9.03 
14.06 
14.55 
4.63 
7.00 
13.58 
10.27 
4.81 
4.86 
4.91 
4.95 
5.00 
19.31 
19.03 
18.47 
17.63 
14.27 
20.38 
20.23 
17.81 
16.51 
14.47 
10.55 
11.92 
18.52 
5.67 
5.71 
5.76 
15.71 
18.62 
5.90 
19.43 
21.34 
17.98 
22.47 
21.67 
19.95 
7.91 
16.75 
20.24 
24.38 
24.64 
22.56 
19.21 
23.70 
24.44 
25.17 
23.84 
20.74 
18.75 
6.78 
23.89 
23.65 
10.30 
23.33 
20.00 
24.63 
17.85 
20.37 
16.33 
23.96 
14.13 
24.10 
26.32 
24.40 
26.46 
25.53 
24.09 
21.65 
24.38 
25.94 
24.16 
26.56 
27.12 
26.84 
24.87 
20.19 
27.33 
25.86 
14.21 
27.81 
29.38 
29.43 
19.09 
28.83 
30.23 
30.27 
30.65 
18.90 
8.00 
8.02 
8.03 
24.82 
27.76 
29.84 
27.63 
29.89 
30.08 
15.52 
8.16 
8.18 
24.32 
22.45 
23.32 
21.96 
20.26 
23.36 
8.94 
27.85 
25.62 
13.95 
8.28 
27.19 
28.92 
28.23 
26.86 
25.32 
12.09 
8.31 
8.31 
9.51 
8.31 
8.31 
11.57 
17.24 
19.29 
8.30 
21.34 
11.04 
8.28 
16.51 
24.22 
19.24 
10.66 
24.70 
19.03 
27.24 
10.27 
14.54 
25.65 
20.16 
29.20 
22.69 
21.47 
10.52 
14.77 
17.14 
8.08 
20.84 
14.85 
24.88 
8.00 
14.95 
11.36 
13.37 
7.92 
14.51 
8.89 
7.85 
7.83 
7.80 
16.04 
13.82 
22.37 
21.66 
7.67 
7.64 
7.61 
8.92 
17.08 
7.52 
18.66 
15.11 
22.54 
20.50 
18.95 
7.33 
7.79 
22.41 
22.67 
7.19 
18.77 
23.94 
27.12 
8.19 
15.60 
6.97 
14.36 
17.52 
8.30 
20.26 
19.23 
24.40 
21.77 
7.29 
25.70 
20.72 
23.92 
21.79 
23.57 
24.40 
21.82 
22.02 
19.93 
6.23 
6.18 
17.21 
12.89 
13.27 
13.49 
17.00 
20.47 
21.10 
20.54 
13.83 
10.68 
10.18 
5.63 
5.58 
6.97 
5.49 
5.44 
5.40 
11.10 
10.88 
5.25 
5.21 
5.16 
7.02 
10.49 
5.02 
4.97 
6.66 
9.26 
9.45 
18.41 
17.51 
17.51 
15.84 
14.32 
16.38 
17.14 
15.01 
14.28 
13.43 
4.34 
7.85 
13.01 
4.21 
13.65 
14.86 
14.39 
14.40 
15.11 
14.65 
13.62 
11.69 
13.08 
12.19 
5.13 
5.98 
11.92 
11.06 
11.53 
3.60 
3.57 
3.54 
3.50 
12.94 
11.90 
11.19 
11.53 
11.67 
11.08 
3.30 
10.64 
9.05 
3.23 
12.06 
11.90 
11.54 
8.20 
9.74 
4.47 
11.22 
11.56 
11.51 
11.17 
9.00 
11.09 
8.94 
6.52 
2.96 
10.01 
5.70 
11.00 
10.22 
10.77 
10.00 
7.35 
10.36 
6.01 
2.90 
2.90 
2.90 
7.80 
2.90 
7.81 
6.69 
2.91 
5.38 
10.89 
11.10 
11.13 
11.16 
10.99 
11.03 
8.47 
9.07 
3.01 
10.21 
3.04 
10.20 
6.52 
8.82 
10.35 
3.44 
10.05 
3.18 
11.68 
3.23 
3.25 
3.28 
9.79 
9.96 
3.36 
12.71 
12.58 
6.20 
12.33 
12.09 
10.99 
11.72 
13.88 
12.99 
12.76 
11.07 
14.18 
12.36 
10.41 
14.27 
14.26 
14.25 
14.48 
14.59 
14.93 
16.00 
15.64 
15.76 
14.54 
15.88 
14.03 
4.36 
13.12 
13.98 
14.71 
12.16 
15.06 
4.63 
4.67 
17.88 
18.00 
17.34 
17.33 
4.91 
15.69 
19.45 
19.72 
18.49 
19.99 
19.01 
16.08 
11.71 
18.26 
14.70 
5.43 
20.04 
18.15 
20.57 
19.53 
17.17 
5.71 
21.50 
10.68 
12.68 
16.19 
21.53 
22.84 
22.96 
23.38 
23.20 
6.18 
10.98 
22.92 
19.31 
6.36 
24.80 
24.75 
20.31 
22.13 
17.01 
21.36 
15.41 
20.42 
16.83 
13.04 
16.16 
25.27 
24.38 
24.47 
23.74 
25.61 
17.03 
15.29 
7.13 
7.17 
13.64 
26.08 
23.17 
24.73 
25.13 
26.20 
26.43 
26.66 
24.21 
24.27 
23.65 
15.47 
28.13 
27.51 
26.05 
7.69 
27.33 
16.21 
28.44 
12.20 
21.57 
28.24 
23.35 
18.61 
12.00 
18.85 
26.04 
23.51 
26.27 
30.06 
21.20 
20.37 
25.36 
25.90 
26.95 
21.49 
31.28 
27.19 
31.67 
29.80 
28.96 
29.49 
11.99 
26.77 
23.86 
10.31 
26.64 
23.55 
25.62 
27.87 
30.45 
26.85 
12.59 
8.30 
23.42 
9.68 
16.55 
26.52 
17.07 
23.26 
19.99 
23.60 
22.05 
25.99 
9.85 
21.52 
18.25 
20.30 
13.09 
21.83 
15.13 
21.64 
27.46 
27.62 
10.81 
27.93 
12.16 
8.55 
22.23 
22.89 
20.14 
29.52 
28.30 
13.08 
11.69 
23.62 
20.87 
9.25 
24.22 
11.94 
28.25 
24.14 
23.42 
27.13 
23.53 
22.48 
26.51 
14.62 
7.83 
16.75 
12.50 
16.68 
29.28 
28.22 
26.65 
26.10 
21.52 
13.44 
23.26 
22.37 
23.82 
15.28 
17.73 
7.40 
8.52 
27.32 
23.79 
12.53 
15.77 
22.11 
21.72 
7.12 
25.65 
25.58 
24.85 
20.88 
15.97 
17.03 
20.66 
20.42 
6.78 
24.56 
26.06 
24.37 
19.86 
21.82 
22.04 
19.92 
7.85 
20.05 
6.36 
20.18 
21.61 
24.26 
20.19 
21.61 
22.71 
21.69 
20.38 
15.06 
5.91 
20.95 
14.06 
17.20 
11.71 
5.68 
10.54 
16.95 
6.83 
6.91 
15.50 
20.05 
16.71 
20.09 
16.49 
6.17 
5.16 
19.44 
18.77 
16.08 
8.46 
16.93 
17.61 
18.41 
15.27 
17.90 
16.86 
14.69 
16.50 
4.56 
16.89 
9.49 
4.43 
7.23 
16.16 
16.41 
16.29 
15.93 
15.81 
8.90 
4.09 
7.11 
14.88 
13.84 
14.66 
15.01 
12.05 
12.30 
13.45 
12.79 
3.71 
13.60 
13.06 
10.79 
7.90 
6.76 
4.04 
10.07 
11.37 
12.66 
12.47 
12.50 
12.63 
12.35 
8.90 
4.06 
10.81 
11.96 
4.78 
11.54 
11.08 
11.52 
11.46 
9.84 
10.19 
5.09 
10.49 
11.32 
10.80 
10.67 
8.82 
10.13 
2.95 
7.98 
2.93 
9.37 
9.92 
9.43 
9.80 
10.64 
10.54 
8.74 
2.90 
9.31 
10.91 
10.16 
9.79 
10.84 
9.72 
9.17 
3.50 
10.72 
10.94 
10.58 
11.35 
9.66 
3.26 
2.99 
10.52 
8.14 
10.79 
3.04 
11.86 
11.23 
12.17 
11.83 
11.89 
12.15 
11.11 
10.67 
8.70 
11.81 
9.22 
8.35 
12.45 
6.48 
12.61 
13.11 
13.30 
12.86 
11.77 
12.39 
11.07 
3.61 
3.64 
3.68 
4.83 
13.28 
7.40 
10.64 
3.86 
10.69 
3.94 
10.51 
15.06 
15.41 
4.10 
12.65 
13.35 
15.15 
11.97 
4.31 
4.36 
7.39 
16.73 
13.83 
16.73 
9.69 
4.63 
12.70 
10.71 
9.61 
9.69 
15.87 
11.31 
12.87 
7.84 
16.46 
20.26 
18.20 
18.73 
19.69 
13.81 
11.37 
5.38 
19.06 
20.89 
17.00 
19.71 
19.97 
20.09 
21.38 
17.82 
7.14 
21.74 
20.66 
16.88 
22.99 
23.26 
19.74 
21.06 
21.78 
19.43 
14.29 
24.27 
19.87 
19.97 
20.68 
24.23 
25.28 
22.85 
24.85 
25.27 
20.90 
17.63 
22.51 
18.74 
20.26 
21.63 
26.09 
24.72 
21.05 
7.06 
22.01 
27.66 
25.27 
12.81 
17.32 
26.98 
27.55 
26.46 
24.03 
25.09 
24.32 
9.32 
26.61 
27.85 
28.08 
27.12 
27.68 
28.75 
26.94 
7.71 
7.74 
14.55 
26.11 
26.67 
7.84 
11.95 
24.06 
29.89 
29.76 
28.94 
27.78 
17.39 
21.35 
30.61 
30.12 
30.15 
28.47 
22.50 
8.12 
30.08 
31.13 
31.49 
30.83 
30.67 
27.77 
30.19 
29.35 
9.61 
28.00 
9.63 
26.99 
32.50 
31.47 
30.79 
29.25 
29.95 
22.91 
20.33 
17.07 
18.62 
8.31 
31.68 
29.27 
32.70 
31.84 
31.84 
28.05 
28.39 
26.33 
30.10 
31.46 
31.11 
31.44 
32.11 
30.04 
30.54 
21.62 
27.60 
28.79 
8.22 
30.98 
29.59 
24.61 
27.49 
8.84 
27.62 
28.11 
8.11 
8.09 
26.50 
23.74 
15.37 
23.69 
19.74 
21.25 
24.78 
27.13 
27.43 
24.34 
23.29 
19.87 
16.79 
9.83 
7.78 
21.07 
20.86 
8.20 
11.70 
23.92 
24.20 
25.82 
24.60 
12.70 
26.99 
27.59 
28.03 
26.47 
24.91 
8.82 
7.30 
22.90 
7.23 
24.41 
7.16 
9.25 
22.07 
13.55 
12.52 
13.44 
20.49 
23.15 
12.80 
25.70 
25.93 
24.40 
18.28 
19.79 
6.61 
8.62 
6.53 
6.49 
6.44 
23.62 
8.52 
21.72 
24.07 
23.96 
17.60 
19.33 
21.80 
21.09 
19.04 
12.07 
13.49 
22.72 
22.60 
19.99 
18.27 
20.34 
18.93 
17.09 
18.56 
12.89 
16.07 
18.36 
19.51 
20.78 
20.38 
19.97 
18.75 
17.67 
8.73 
15.68 
15.30 
13.73 
15.49 
18.67 
18.41 
17.25 
14.41 
17.65 
13.30 
17.52 
16.26 
16.77 
16.52 
16.15 
13.45 
13.96 
14.22 
13.39 
8.13 
10.92 
6.34 
10.17 
4.01 
15.23 
14.77 
13.75 
12.39 
13.32 
9.40 
3.74 
3.71 
3.67 
3.64 
3.60 
7.03 
11.82 
12.60 
8.05 
12.74 
12.24 
12.37 
11.88 
11.28 
11.42 
10.23 
4.78 
3.23 
3.20 
11.10 
3.66 
10.29 
6.87 
3.10 
6.12 
10.97 
3.04 
11.56 
10.45 
7.53 
8.17 
2.97 
2.96 
5.14 
8.93 
10.24 
2.93 
6.52 
7.26 
8.01 
10.64 
10.73 
10.91 
10.91 
10.34 
8.55 
6.30 
9.79 
10.09 
10.48 
10.78 
9.28 
9.77 
10.94 
10.11 
2.96 
2.97 
11.06 
11.10 
9.30 
10.50 
3.04 
8.05 
9.36 
11.18 
10.64 
11.89 
10.75 
11.91 
10.16 
8.70 
3.66 
3.28 
3.30 
12.14 
12.63 
12.82 
10.27 
13.09 
12.12 
10.91 
11.85 
13.68 
9.51 
12.66 
12.64 
12.29 
13.39 
5.82 
4.73 
5.23 
3.90 
3.94 
3.98 
6.95 
8.43 
14.81 
13.84 
4.18 
14.79 
12.70 
16.12 
16.86 
17.11 
16.11 
17.11 
14.70 
10.21 
5.14 
13.99 
14.62 
4.76 
4.81 
15.34 
17.32 
11.53 
14.45 
13.33 
16.44 
17.37 
8.78 
19.83 
20.38 
18.40 
17.53 
9.40 
5.48 
14.28 
19.27 
18.37 
11.93 
5.71 
15.47 
18.81 
5.85 
20.22 
10.44 
21.49 
23.11 
21.41 
22.59 
16.12 
17.90 
14.59 
23.80 
24.69 
22.30 
22.40 
13.71 
25.28 
24.44 
24.22 
16.36 
17.71 
6.74 
13.04 
25.82 
20.42 
20.50 
22.52 
14.47 
22.35 
12.78 
23.15 
15.51 
19.84 
27.99 
26.74 
17.05 
23.07 
25.46 
28.36 
28.10 
27.33 
28.73 
26.45 
12.57 
16.65 
23.42 
29.54 
26.05 
27.11 
18.20 
29.41 
29.97 
29.00 
25.65 
19.40 
28.62 
7.89 
9.96 
23.79 
31.16 
30.34 
20.12 
25.96 
29.07 
30.12 
29.81 
23.16 
8.10 
18.92 
29.39 
29.07 
21.89 
26.37 
15.74 
24.51 
25.90 
24.20 
26.10 
25.42 
25.43 
21.66 
15.14 
19.79 
24.09 
24.79 
24.45 
28.75 
27.55 
8.30 
19.99 
23.95 
30.30 
27.72 
9.00 
25.14 
26.17 
24.62 
27.71 
23.58 
28.04 
27.68 
8.80 
8.28 
27.83 
29.36 
29.17 
28.47 
30.86 
22.62 
26.88 
16.59 
18.12 
26.66 
14.50 
20.12 
10.36 
8.98 
29.28 
10.99 
22.91 
8.06 
24.57 
24.37 
26.21 
25.67 
13.57 
15.24 
16.74 
18.24 
25.15 
26.30 
24.06 
23.00 
7.78 
26.63 
20.02 
9.88 
21.78 
24.75 
22.36 
7.58 
13.07 
15.20 
7.49 
17.28 
8.76 
15.69 
28.55 
27.66 
21.15 
19.77 
7.23 
7.19 
12.39 
20.18 
18.81 
20.05 
19.01 
22.50 
15.00 
25.88 
26.12 
20.10 
13.64 
13.42 
16.38 
11.88 
15.76 
13.18 
12.48 
6.49 
22.01 
8.88 
23.05 
23.41 
23.46 
22.12 
13.49 
6.14 
17.42 
6.05 
6.00 
5.96 
5.91 
5.86 
22.46 
22.77 
16.81 
19.91 
18.78 
18.10 
20.85 
15.74 
16.64 
13.29 
13.48 
20.78 
20.51 
20.11 
19.29 
16.99 
17.42 
16.76 
5.51 
18.13 
14.16 
17.62 
18.41 
18.16 
17.77 
6.32 
4.61 
4.56 
5.78 
4.47 
4.43 
13.80 
4.34 
16.90 
15.19 
16.41 
16.05 
16.29 
15.46 
14.17 
15.35 
11.87 
14.08 
14.55 
14.44 
13.55 
13.45 
14.02 
13.81 
14.15 
12.63 
13.73 
13.85 
11.39 
13.67 
12.83 
12.11 
9.72 
12.16 
11.67 
9.42 
12.55 
11.25 
11.49 
12.23 
6.22 
12.20 
12.13 
7.90 
7.47 
3.10 
10.04 
11.66 
10.34 
10.49 
11.61 
11.38 
10.96 
10.35 
10.70 
11.15 
6.08 
5.69 
10.89 
10.68 
10.66 
10.84 
9.60 
10.54 
9.40 
10.72 
9.87 
9.87 
10.82 
8.09 
10.75 
10.29 
11.16 
10.23 
11.20 
11.32 
11.16 
9.37 
11.31 
9.43 
11.39 
11.62 
10.41 
6.94 
11.77 
10.93 
11.68 
11.53 
10.60 
10.85 
12.02 
12.08 
10.22 
11.81 
11.17 
11.24 
10.48 
3.98 
13.03 
13.01 
11.93 
11.69 
3.51 
10.23 
13.89 
13.66 
13.98 
13.97 
11.74 
13.62 
13.49 
7.80 
14.61 
3.90 
12.40 
12.73 
4.02 
14.46 
15.41 
6.06 
15.52 
15.03 
4.27 
9.11 
14.26 
12.13 
13.85 
14.21 
9.62 
12.89 
13.37 
11.53 
4.72 
4.76 
7.05 
18.66 
18.25 
19.45 
19.05 
17.00 
19.72 
20.12 
19.98 
20.11 
19.82 
18.82 
19.65 
18.49 
7.33 
20.88 
21.58 
20.98 
18.78 
14.06 
9.73 
20.58 
22.18 
20.81 
22.87 
23.45 
22.21 
24.14 
22.43 
23.46 
23.12 
21.53 
7.71 
18.63 
23.86 
23.34 
22.35 
10.79 
19.85 
24.38 
21.61 
17.07 
25.31 
25.56 
23.08 
22.52 
25.35 
26.25 
24.72 
26.92 
24.06 
24.47 
8.12 
21.65 
23.53 
27.74 
19.03 
25.23 
27.96 
26.69 
17.75 
20.98 
27.73 
27.45 
27.01 
20.01 
12.14 
28.02 
26.56 
7.69 
7.71 
7.74 
24.38 
30.02 
29.21 
29.43 
28.45 
29.68 
24.95 
25.49 
27.40 
7.98 
27.81 
27.67 
27.02 
28.58 
27.59 
22.47 
27.29 
30.06 
28.37 
22.38 
28.24 
29.97 
30.16 
27.77 
25.90 
27.63 
12.01 
27.83 
29.38 
19.43 
28.20 
8.28 
31.83 
30.28 
26.51 
18.44 
8.82 
8.30 
25.66 
25.84 
21.71 
27.72 
12.09 
18.79 
8.31 
30.63 
26.16 
23.58 
23.40 
24.77 
26.65 
18.06 
8.27 
25.58 
29.69 
28.82 
15.09 
24.16 
30.31 
31.15 
15.04 
26.49 
29.72 
26.10 
16.00 
19.06 
21.94 
14.92 
17.97 
13.68 
25.59 
21.13 
10.38 
25.50 
25.97 
22.88 
29.97 
23.49 
21.09 
7.85 
26.26 
25.20 
23.98 
15.00 
25.07 
25.52 
19.09 
7.64 
18.00 
25.32 
21.59 
23.38 
12.83 
24.26 
26.03 
19.00 
7.37 
7.99 
16.04 
7.26 
7.23 
27.85 
26.95 
18.88 
24.84 
25.58 
22.74 
21.53 
6.94 
19.13 
21.78 
16.74 
22.74 
12.78 
13.52 
6.66 
22.39 
22.29 
22.04 
12.58 
21.85 
19.43 
6.36 
8.78 
6.27 
6.23 
6.18 
13.87 
6.09 
9.81 
6.00 
23.11 
21.51 
22.28 
22.75 
22.33 
20.90 
21.80 
21.09 
17.95 
5.54 
16.60 
17.06 
14.13 
20.63 
19.67 
13.44 
17.90 
19.57 
16.71 
14.57 
5.02 
6.32 
16.80 
8.59 
14.19 
17.89 
18.68 
18.29 
18.29 
16.37 
13.84 
15.12 
15.26 
13.78 
4.38 
16.90 
16.16 
4.26 
13.63 
11.61 
14.98 
4.09 
4.05 
13.83 
12.10 
6.01 
3.89 
3.85 
7.21 
6.59 
3.74 
12.48 
10.62 
11.97 
5.78 
13.10 
12.90 
3.50 
3.47 
3.44 
4.57 
12.06 
11.98 
10.56 
10.50 
12.27 
12.00 
10.21 
3.91 
11.70 
5.75 
3.14 
11.02 
10.97 
8.18 
3.06 
3.04 
3.03 
3.01 
3.00 
11.44 
11.31 
11.08 
10.77 
10.08 
7.96 
11.17 
10.49 
11.04 
10.55 
9.88 
5.45 
2.90 
2.90 
10.81 
9.97 
10.73 
10.17 
8.67 
4.05 
2.92 
2.93 
2.93 
2.94 
9.06 
2.96 
11.12 
10.58 
9.65 
6.98 
7.79 
3.04 
5.02 
5.44 
11.18 
9.16 
10.99 
9.25 
9.51 
3.20 
3.23 
3.25 
3.28 
3.30 
6.02 
11.38 
11.77 
12.48 
12.24 
11.69 
11.23 
4.95 
3.57 
8.42 
7.38 
13.64 
13.07 
12.05 
7.85 
5.64 
12.78 
14.26 
15.18 
12.84 
14.47 
14.23 
5.89 
4.14 
6.36 
13.57 
15.88 
16.49 
16.61 
15.99 
14.23 
11.43 
5.30 
14.55 
4.63 
12.05 
15.92 
14.60 
15.23 
13.08 
4.91 
14.35 
5.94 
11.84 
7.83 
18.34 
18.18 
13.16 
15.63 
15.73 
20.36 
19.20 
18.47 
14.56 
5.57 
10.26 
17.17 
13.76 
10.17 
5.81 
17.29 
5.90 
18.53 
22.24 
22.81 
19.29 
19.39 
20.71 
19.28 
22.30 
23.03 
21.74 
6.40 
23.97 
23.92 
23.86 
24.75 
24.69 
24.16 
22.02 
9.30 
21.39 
16.32 
25.27 
23.90 
25.44 
22.27 
25.61 
13.60 
19.88 
7.13 
7.17 
20.90 
23.77 
7.28 
25.40 
26.96 
22.20 
19.26 
22.98 
16.68 
24.94 
21.81 
27.57 
28.30 
25.66 
26.56 
16.98 
25.81 
17.05 
14.21 
12.03 
13.76 
16.51 
27.60 
28.15 
27.50 
28.05 
27.58 
27.61 
8.00 
21.69 
9.92 
20.37 
20.40 
25.21 
29.01 
27.66 
27.68 
10.21 
29.09 
26.37 
8.19 
10.61 
13.88 
27.12 
24.90 
8.24 
16.33 
20.80 
23.05 
17.73 
29.59 
28.22 
8.29 
22.22 
25.31 
30.64 
26.87 
26.18 
26.87 
16.90 
22.74 
8.31 
8.31 
14.83 
8.30 
10.02 
16.88 
8.29 
8.28 
14.45 
27.65 
24.73 
26.94 
15.27 
8.24 
13.02 
12.84 
8.21 
8.19 
13.14 
25.61 
22.17 
23.86 
8.12 
24.50 
25.67 
27.18 
22.21 
16.05 
8.02 
10.04 
7.98 
21.22 
23.22 
7.92 
7.90 
12.62 
23.08 
17.29 
9.15 
7.78 
13.14 
12.78 
7.70 
10.36 
7.64 
12.64 
25.32 
10.56 
19.04 
20.49 
13.62 
7.43 
26.63 
7.37 
23.69 
25.93 
12.70 
7.23 
16.21 
17.63 
18.39 
26.63 
26.39 
26.30 
25.57 
7.74 
6.90 
16.49 
21.70 
18.59 
15.17 
6.70 
6.66 
23.49 
25.44 
15.31 
6.49 
6.44 
15.40 
24.13 
20.64 
6.27 
12.95 
23.39 
23.43 
23.31 
22.90 
22.63 
22.07 
22.10 
19.91 
5.82 
5.77 
11.27 
12.50 
8.23 
9.47 
15.98 
21.58 
20.60 
20.76 
20.21 
17.16 
12.33 
18.45 
13.53 
16.85 
15.52 
8.80 
10.88 
18.53 
18.27 
12.08 
16.84 
15.81 
4.70 
8.51 
17.65 
16.63 
12.98 
14.76 
4.43 
17.02 
14.93 
16.16 
15.68 
13.87 
9.57 
15.45 
10.60 
15.58 
15.23 
15.00 
11.20 
5.61 
3.85 
14.57 
13.45 
12.79 
13.81 
12.16 
3.64 
13.84 
12.77 
13.65 
12.92 
13.15 
5.98 
12.87 
3.38 
12.91 
3.33 
4.53 
3.28 
12.30 
10.31 
3.20 
11.70 
11.44 
10.88 
10.43 
9.89 
9.65 
3.06 
10.83 
4.77 
10.84 
6.27 
11.15 
11.12 
11.08 
9.34 
2.94 
2.93 
2.93 
2.92 
2.91 
2.91 
11.30 
11.10 
2.90 
2.90 
2.90 
9.40 
10.92 
10.55 
10.46 
8.77 
2.92 
2.93 
8.92 
10.65 
9.82 
10.58 
10.90 
10.93 
10.68 
10.42 
10.17 
4.58 
3.04 
11.37 
3.08 
3.10 
5.39 
3.14 
3.16 
9.20 
3.20 
9.92 
11.61 
3.28 
3.30 
3.33 
3.36 
3.39 
10.06 
10.34 
11.37 
3.51 
3.54 
3.57 
3.61 
3.64 
12.64 
13.07 
3.75 
12.82 
3.82 
4.43 
13.34 
13.44 
11.68 
4.02 
4.06 
9.93 
12.29 
4.18 
16.12 
4.27 
8.00 
11.04 
15.49 
4.45 
4.49 
13.68 
15.70 
7.20 
4.67 
9.93 
4.76 
4.81 
17.06 
15.85 
17.71 
19.32 
17.95 
8.37 
18.34 
17.91 
12.60 
20.10 
14.89 
5.38 
19.91 
16.90 
17.43 
17.69 
14.32 
20.67 
20.50 
19.59 
18.52 
22.33 
16.04 
22.27 
22.54 
22.06 
19.74 
20.76 
15.05 
16.97 
17.68 
20.71 
23.13 
23.24 
10.20 
6.49 
24.81 
24.12 
20.89 
24.79 
26.01 
26.27 
25.40 
20.83 
24.94 
25.19 
23.33 
13.00 
24.63 
7.06 
19.88 
24.54 
17.37 
24.69 
22.94 
27.65 
25.89 
21.64 
13.04 
27.76 
28.16 
27.22 
13.21 
27.18 
26.73 
24.77 
26.33 
16.60 
7.69 
12.79 
28.56 
29.29 
25.94 
10.53 
26.71 
28.45 
22.19 
14.22 
18.85 
25.70 
31.71 
27.81 
26.65 
18.30 
13.19 
10.98 
8.09 
8.10 
8.12 
29.91 
30.79 
17.94 
14.70 
24.50 
19.19 
25.04 
16.47 
23.52 
21.64 
17.53 
18.23 
8.27 
25.12 
30.79 
30.46 
27.71 
26.00 
18.27 
8.30 
19.82 
24.12 
8.31 
8.31 
8.31 
15.52 
19.99 
26.85 
28.91 
29.93 
27.86 
27.86 
20.47 
8.28 
28.51 
26.96 
13.57 
30.02 
28.97 
14.91 
22.09 
8.21 
8.19 
8.18 
8.17 
8.15 
8.14 
8.12 
26.55 
29.76 
8.08 
8.06 
15.37 
28.11 
13.45 
20.90 
26.82 
19.83 
7.92 
7.90 
27.35 
13.43 
27.10 
25.20 
8.45 
16.18 
15.13 
7.70 
7.67 
13.01 
7.61 
18.96 
26.77 
24.21 
16.82 
10.96 
21.38 
22.98 
18.95 
22.53 
24.29 
25.86 
26.61 
26.54 
23.03 
8.92 
19.14 
20.05 
22.58 
22.50 
14.19 
6.90 
22.91 
22.18 
25.45 
25.36 
22.56 
18.84 
6.61 
20.88 
21.42 
18.05 
6.44 
6.40 
19.34 
17.87 
6.27 
13.56 
14.10 
20.09 
6.09 
8.45 
22.18 
11.77 
5.91 
5.86 
5.82 
5.77 
19.58 
21.36 
20.95 
11.48 
19.28 
9.90 
5.44 
5.40 
18.25 
16.88 
15.94 
19.14 
16.14 
5.11 
17.14 
15.14 
11.28 
18.93 
4.88 
4.83 
4.79 
17.77 
17.38 
17.39 
15.73 
4.56 
16.26 
16.39 
13.66 
15.91 
16.41 
14.82 
14.95 
11.82 
4.17 
11.28 
14.27 
4.05 
4.01 
3.97 
13.04 
13.63 
3.85 
8.79 
14.23 
3.74 
3.71 
14.15 
13.94 
13.84 
8.33 
12.90 
12.92 
11.45 
12.96 
13.40 
12.79 
12.50 
10.97 
12.04 
3.28 
3.25 
12.74 
11.76 
12.20 
11.83 
11.68 
11.32 
11.66 
10.82 
11.66 
11.12 
10.40 
10.84 
3.00 
2.99 
11.50 
10.70 
11.15 
11.31 
11.10 
10.22 
9.64 
2.91 
2.91 
10.45 
11.39 
10.06 
9.49 
9.40 
10.06 
4.79 
2.91 
11.22 
11.14 
11.16 
10.99 
11.48 
11.13 
11.25 
10.13 
10.74 
10.58 
11.29 
8.72 
3.03 
8.50 
8.93 
3.08 
3.10 
11.63 
10.60 
10.05 
3.18 
3.20 
3.23 
9.16 
3.28 
12.78 
12.65 
12.63 
6.53 
3.42 
12.67 
11.90 
11.77 
12.72 
10.85 
12.35 
3.64 
3.68 
8.50 
13.17 
12.14 
10.98 
5.92 
3.90 
3.94 
15.29 
14.47 
14.70 
9.10 
14.20 
11.78 
9.32 
4.27 
12.80 
13.76 
6.64 
12.85 
4.49 
11.14 
4.58 
4.63 
4.67 
13.06 
17.35 
13.38 
15.34 
15.32 
13.41 
16.62 
9.53 
18.62 
5.14 
5.19 
14.69 
15.07 
17.28 
9.90 
20.48 
21.18 
20.16 
18.12 
5.62 
13.53 
10.84 
22.53 
22.65 
19.66 
19.47 
20.03 
5.99 
6.04 
12.91 
6.13 
6.18 
12.37 
6.27 
17.77 
17.70 
22.15 
23.03 
25.33 
22.76 
23.17 
22.47 
19.39 
6.70 
6.74 
6.78 
19.54 
23.01 
6.90 
19.76 
6.98 
7.02 
7.06 
14.63 
7.13 
23.63 
21.06 
22.94 
18.87 
7.31 
17.82 
11.88 
26.09 
23.32 
15.51 
27.45 
24.49 
27.74 
27.46 
24.65 
24.02 
21.37 
15.49 
15.19 
8.78 
28.32 
13.59 
13.28 
26.24 
25.59 
26.65 
17.99 
7.95 
25.05 
16.54 
24.77 
22.74 
8.05 
12.01 
30.69 
26.44 
30.40 
29.39 
25.64 
8.16 
25.68 
8.19 
29.83 
26.07 
28.66 
21.29 
29.89 
18.22 
25.27 
22.70 
25.63 
29.76 
28.05 
24.79 
18.78 
8.30 
8.30 
8.31 
8.31 
15.87 
17.59 
22.05 
29.44 
24.97 
8.30 
28.05 
29.42 
31.64 
25.11 
28.53 
8.28 
8.27 
13.58 
8.26 
11.33 
8.24 
8.23 
15.92 
8.21 
19.49 
27.17 
16.21 
29.52 
25.74 
26.74 
13.23 
19.53 
23.08 
15.22 
25.76 
16.53 
10.21 
16.48 
7.96 
17.96 
28.28 
24.51 
23.29 
22.23 
18.14 
15.91 
14.19 
22.25 
7.72 
7.70 
13.21 
7.64 
21.86 
23.65 
13.90 
25.88 
23.32 
26.93 
7.43 
27.30 
25.41 
21.38 
16.53 
11.05 
26.61 
23.92 
23.85 
20.51 
7.09 
22.16 
23.06 
24.76 
22.26 
13.65 
20.98 
6.82 
6.78 
6.74 
6.70 
23.90 
25.07 
21.04 
6.53 
6.49 
21.23 
19.28 
22.90 
6.31 
12.10 
21.05 
6.18 
6.14 
11.53 
6.05 
21.13 
17.14 
5.91 
5.86 
5.82 
5.77 
5.72 
19.04 
5.63 
11.48 
5.54 
11.19 
14.37 
12.44 
8.29 
12.42 
5.25 
16.38 
18.88 
13.57 
15.38 
10.42 
16.64 
14.66 
4.88 
18.54 
18.41 
17.64 
18.16 
16.74 
15.09 
4.56 
4.52 
13.13 
4.43 
4.38 
9.63 
4.30 
13.98 
15.44 
13.53 
4.13 
4.09 
4.05 
5.18 
15.47 
15.24 
14.44 
12.17 
13.89 
9.62 
7.54 
10.70 
3.67 
8.02 
13.62 
13.75 
13.11 
3.50 
8.68 
12.96 
12.66 
6.62 
3.36 
3.33 
10.08 
3.28 
5.49 
5.86 
3.20 
3.18 
9.24 
3.14 
3.12 
11.76 
11.22 
11.56 
11.61 
11.27 
11.42 
9.16 
10.19 
2.97 
2.96 
11.05 
11.12 
10.53 
8.80 
6.61 
11.32 
10.93 
9.04 
8.46 
10.44 
11.09 
11.19 
8.65 
9.31 
10.83 
9.52 
4.62 
8.79 
10.89 
9.11 
11.22 
