20050101
10.10 
12.05 
11.78 
11.20 
3.25 
10.45 
7.71 
11.36 
10.47 
11.76 
11.08 
12.39 
11.18 
12.40 
12.99 
12.95 
12.16 
12.66 
13.16 
12.15 
6.09 
10.09 
7.50 
11.55 
11.29 
3.72 
8.50 
13.10 
11.47 
12.81 
14.52 
13.34 
14.13 
6.93 
4.85 
4.06 
4.10 
6.55 
4.17 
4.21 
10.39 
5.40 
13.65 
14.75 
4.41 
4.45 
7.04 
4.54 
9.74 
17.46 
17.72 
18.49 
17.03 
10.24 
14.06 
10.80 
16.42 
9.87 
18.15 
17.16 
15.20 
19.75 
19.46 
20.14 
20.55 
19.83 
18.66 
19.06 
5.47 
15.52 
21.30 
21.57 
18.90 
19.60 
7.53 
22.06 
19.48 
15.82 
16.67 
5.97 
12.58 
22.45 
23.18 
22.98 
22.01 
22.11 
21.28 
12.28 
23.05 
22.04 
11.52 
20.33 
23.45 
24.82 
18.98 
23.89 
23.82 
6.74 
14.41 
19.53 
6.85 
24.91 
26.15 
23.60 
22.85 
23.75 
24.66 
20.24 
24.30 
27.04 
27.62 
27.19 
25.75 
24.81 
27.90 
25.44 
28.21 
26.24 
26.47 
23.47 
24.71 
25.44 
27.03 
7.62 
21.66 
29.23 
25.00 
29.15 
29.03 
27.18 
28.94 
24.86 
11.46 
29.41 
7.89 
7.91 
7.93 
29.20 
21.63 
25.80 
28.94 
27.24 
27.96 
24.69 
24.36 
17.62 
21.98 
13.50 
14.90 
27.93 
19.96 
31.09 
30.75 
28.68 
24.18 
8.21 
26.29 
24.91 
24.05 
11.37 
26.84 
30.67 
29.98 
28.94 
31.03 
31.56 
28.61 
30.17 
23.22 
27.05 
25.14 
23.57 
27.56 
29.99 
25.30 
8.28 
19.91 
27.02 
12.79 
29.78 
9.82 
11.03 
8.25 
28.01 
8.24 
23.66 
28.50 
28.14 
20.15 
24.12 
26.53 
28.25 
22.86 
23.02 
28.71 
28.17 
21.06 
14.83 
14.64 
16.00 
25.63 
14.75 
8.01 
15.39 
21.74 
26.18 
22.37 
7.91 
25.40 
16.96 
21.56 
18.44 
27.31 
21.11 
21.42 
22.40 
23.56 
16.53 
10.72 
22.23 
18.29 
22.31 
26.67 
26.95 
21.83 
13.69 
19.04 
10.92 
7.37 
22.57 
24.68 
12.27 
19.72 
19.83 
7.17 
24.51 
21.47 
19.92 
25.11 
17.98 
6.96 
20.47 
26.26 
24.38 
11.99 
20.01 
22.19 
23.72 
23.15 
19.38 
24.40 
22.40 
23.25 
23.00 
21.96 
21.24 
6.32 
6.28 
12.12 
20.70 
15.07 
8.71 
6.06 
11.18 
20.80 
22.35 
16.54 
6.44 
5.80 
5.76 
5.71 
5.67 
6.50 
5.58 
5.53 
5.49 
13.46 
19.93 
5.35 
19.97 
18.87 
19.73 
19.47 
14.93 
5.08 
10.09 
16.67 
18.73 
18.60 
17.55 
6.81 
4.77 
4.73 
12.39 
5.94 
16.73 
17.25 
16.63 
14.49 
14.13 
16.29 
15.43 
15.94 
15.83 
13.53 
15.74 
12.13 
12.76 
8.74 
14.72 
15.33 
12.77 
14.78 
14.22 
13.66 
12.66 
3.81 
7.17 
8.02 
11.44 
12.26 
5.21 
4.51 
8.75 
12.95 
12.23 
13.03 
13.60 
12.89 
12.71 
8.41 
12.49 
12.74 
12.58 
10.96 
10.60 
9.01 
12.58 
12.33 
12.39 
11.94 
12.01 
10.45 
5.75 
9.89 
9.36 
11.46 
11.84 
11.82 
12.01 
11.69 
11.98 
11.47 
9.77 
11.77 
12.07 
11.77 
11.38 
10.88 
11.29 
9.00 
3.17 
7.21 
3.18 
3.19 
9.49 
3.21 
3.22 
3.24 
3.25 
12.51 
10.39 
12.08 
12.54 
11.14 
9.30 
3.37 
8.86 
7.96 
10.65 
3.45 
3.47 
3.50 
3.52 
5.07 
8.94 
3.60 
12.03 
11.44 
3.69 
12.03 
12.90 
6.96 
3.82 
4.88 
9.89 
12.29 
5.59 
10.34 
12.43 
4.06 
14.40 
15.83 
14.36 
15.93 
16.29 
16.40 
16.02 
12.25 
11.71 
13.70 
16.34 
15.69 
17.22 
17.59 
17.85 
4.71 
16.64 
7.72 
17.80 
9.59 
4.93 
4.97 
17.87 
19.23 
19.21 
19.06 
19.32 
13.68 
19.14 
17.41 
8.95 
14.90 
17.74 
5.52 
18.10 
21.43 
20.22 
20.49 
21.79 
16.09 
17.98 
21.69 
20.75 
8.10 
18.37 
21.69 
21.79 
23.29 
22.63 
21.49 
24.25 
23.41 
22.26 
24.25 
23.25 
24.62 
12.28 
6.58 
19.62 
24.37 
23.50 
20.35 
12.46 
25.39 
17.15 
15.25 
18.26 
23.10 
23.84 
24.08 
24.16 
20.24 
26.97 
25.38 
11.90 
26.02 
27.09 
26.83 
14.09 
24.76 
22.46 
27.59 
25.28 
27.37 
25.39 
19.48 
19.87 
11.55 
17.56 
28.03 
28.59 
28.64 
11.01 
24.95 
7.80 
14.53 
28.85 
26.99 
30.13 
29.48 
27.44 
25.74 
29.75 
16.81 
8.01 
29.66 
31.25 
13.43 
8.08 
17.62 
31.51 
31.19 
30.34 
30.53 
30.20 
29.70 
26.76 
11.32 
27.83 
24.02 
24.90 
28.73 
31.34 
23.71 
31.19 
30.67 
26.68 
9.66 
27.39 
31.91 
30.69 
29.83 
28.78 
29.65 
16.62 
8.29 
8.29 
23.39 
28.95 
24.60 
29.63 
26.50 
20.07 
23.19 
27.87 
29.42 
9.81 
8.24 
21.93 
24.35 
23.99 
23.46 
24.14 
8.19 
20.30 
18.21 
23.21 
24.06 
15.22 
22.29 
17.26 
13.10 
23.61 
8.06 
8.39 
8.03 
8.01 
11.78 
26.56 
14.83 
25.12 
23.54 
22.82 
17.82 
25.84 
9.88 
28.33 
18.89 
14.42 
27.18 
23.56 
17.55 
19.73 
23.08 
26.43 
23.33 
24.30 
23.74 
23.52 
13.86 
12.14 
20.16 
23.13 
19.05 
24.51 
7.27 
7.24 
7.20 
20.10 
14.25 
7.10 
19.26 
19.69 
6.99 
6.96 
6.92 
6.88 
22.11 
12.96 
18.88 
6.73 
22.59 
23.63 
6.61 
22.49 
24.62 
24.99 
22.05 
20.39 
20.92 
6.32 
17.32 
18.32 
14.37 
20.29 
18.36 
10.33 
6.02 
13.54 
21.30 
8.74 
10.32 
5.80 
5.76 
11.31 
9.92 
7.37 
19.09 
20.14 
16.42 
15.89 
17.51 
18.11 
7.00 
10.87 
19.59 
19.61 
16.03 
6.32 
15.69 
17.49 
17.37 
6.52 
10.74 
5.61 
11.51 
6.96 
5.60 
17.75 
13.76 
4.56 
12.68 
12.71 
14.39 
15.66 
14.93 
6.91 
15.34 
15.73 
15.37 
15.63 
15.41 
15.18 
15.44 
15.21 
12.77 
12.22 
14.10 
14.70 
13.80 
11.89 
14.31 
10.16 
12.79 
10.81 
8.20 
9.91 
6.56 
9.35 
5.61 
3.52 
3.50 
3.47 
3.45 
3.43 
10.27 
11.38 
11.95 
12.53 
12.47 
11.80 
10.41 
10.89 
3.26 
3.25 
3.23 
10.75 
10.83 
11.51 
5.82 
10.95 
12.04 
11.42 
11.81 
11.69 
10.88 
11.17 
11.37 
11.07 
11.07 
3.15 
3.15 
3.16 
4.77 
3.16 
3.17 
3.18 
3.18 
3.19 
6.75 
4.94 
8.21 
3.24 
10.62 
11.68 
11.52 
11.36 
12.33 
10.10 
3.35 
9.35 
11.71 
7.64 
6.19 
11.67 
13.02 
12.55 
10.13 
11.71 
13.31 
7.34 
11.92 
3.66 
12.18 
12.82 
12.90 
14.35 
13.76 
14.77 
13.59 
14.62 
15.30 
13.40 
15.15 
13.59 
10.09 
4.13 
8.90 
16.05 
15.79 
16.28 
13.16 
9.12 
16.62 
6.35 
4.49 
4.54 
4.58 
11.24 
16.02 
12.06 
16.77 
11.70 
13.39 
18.06 
17.50 
14.63 
5.02 
5.06 
5.11 
5.15 
8.00 
20.29 
19.28 
18.41 
13.67 
13.61 
19.76 
20.17 
13.14 
7.95 
5.66 
5.70 
5.75 
5.79 
8.24 
12.66 
20.45 
19.04 
21.58 
12.65 
21.18 
22.52 
18.29 
22.42 
24.09 
21.85 
9.99 
19.04 
17.39 
24.14 
24.88 
22.90 
18.98 
19.87 
23.82 
24.72 
21.40 
21.64 
19.27 
16.39 
17.61 
18.99 
13.44 
24.41 
24.16 
26.56 
22.64 
23.87 
23.94 
22.50 
7.29 
23.80 
26.56 
18.35 
24.66 
27.08 
25.45 
19.22 
27.94 
24.93 
27.20 
28.10 
24.39 
25.29 
28.76 
25.38 
24.22 
21.17 
19.14 
29.67 
27.47 
25.10 
24.27 
31.03 
26.23 
29.89 
29.58 
25.11 
19.25 
8.03 
17.05 
29.19 
26.79 
26.47 
29.09 
29.80 
28.26 
8.15 
13.02 
23.10 
28.67 
25.04 
19.67 
25.76 
27.16 
26.30 
27.00 
24.75 
24.24 
28.07 
24.42 
14.70 
19.74 
24.43 
22.87 
26.18 
8.28 
8.29 
8.29 
8.29 
8.29 
27.04 
29.47 
27.38 
24.94 
22.86 
24.07 
8.27 
18.85 
31.16 
18.14 
23.68 
18.47 
14.82 
20.87 
20.17 
20.50 
22.91 
31.38 
25.30 
23.73 
8.15 
11.59 
16.42 
22.62 
27.26 
13.60 
8.06 
8.04 
24.23 
24.03 
14.19 
7.97 
18.27 
16.35 
17.53 
21.62 
7.87 
9.39 
27.00 
21.83 
11.20 
23.30 
24.62 
22.53 
10.40 
18.37 
20.71 
7.60 
17.74 
23.45 
26.95 
26.39 
24.31 
22.06 
20.16 
17.43 
20.89 
22.68 
21.45 
21.89 
22.66 
24.58 
18.55 
9.58 
21.73 
8.18 
7.32 
6.96 
6.92 
6.88 
19.35 
18.63 
6.77 
6.73 
7.65 
21.54 
7.89 
21.21 
21.92 
22.78 
17.80 
6.41 
6.36 
20.83 
22.14 
16.61 
6.19 
23.67 
22.95 
22.38 
21.82 
22.47 
21.75 
21.49 
11.67 
9.52 
5.76 
5.71 
5.67 
5.62 
5.58 
10.88 
5.49 
5.44 
5.40 
5.35 
5.31 
5.26 
5.22 
5.17 
5.13 
5.08 
14.60 
16.13 
17.91 
18.60 
18.75 
14.91 
17.71 
18.25 
13.56 
15.93 
12.60 
8.15 
15.48 
10.81 
4.44 
13.91 
15.80 
15.82 
11.16 
15.85 
15.37 
15.03 
12.28 
15.18 
11.64 
14.27 
13.94 
11.98 
12.36 
6.41 
3.84 
3.81 
9.89 
3.75 
3.71 
10.14 
11.96 
12.88 
13.80 
13.17 
12.77 
11.73 
12.10 
11.50 
12.61 
12.55 
12.49 
7.80 
7.45 
3.34 
11.43 
11.18 
10.93 
9.76 
10.03 
10.71 
3.23 
3.22 
3.21 
3.20 
7.74 
11.76 
11.54 
10.41 
8.29 
11.09 
10.18 
11.07 
6.56 
9.76 
6.96 
9.97 
3.15 
9.88 
3.16 
3.16 
9.81 
11.75 
11.87 
11.59 
11.82 
11.54 
10.46 
11.20 
11.95 
10.86 
7.81 
10.84 
7.15 
3.33 
3.35 
3.37 
4.12 
3.41 
3.43 
3.45 
3.47 
3.50 
3.52 
3.55 
3.58 
3.60 
6.40 
7.22 
6.26 
11.02 
9.17 
6.17 
10.67 
11.43 
13.71 
12.17 
12.02 
13.64 
12.19 
15.49 
14.76 
13.78 
15.82 
13.73 
14.44 
13.56 
14.52 
15.13 
16.74 
15.09 
14.30 
8.00 
4.58 
15.26 
17.06 
17.57 
17.03 
10.77 
4.84 
9.59 
18.58 
18.98 
18.83 
19.23 
17.55 
18.78 
19.88 
19.02 
18.01 
15.85 
18.52 
13.90 
20.05 
20.31 
19.12 
5.61 
14.04 
20.63 
19.41 
18.63 
22.03 
17.78 
12.13 
5.97 
18.68 
23.06 
23.18 
23.45 
23.40 
23.20 
20.81 
6.32 
7.00 
21.10 
18.50 
18.90 
22.65 
21.62 
15.61 
14.23 
23.82 
24.40 
6.78 
23.76 
16.50 
10.01 
12.19 
21.62 
24.01 
18.62 
25.15 
23.90 
7.15 
7.18 
7.22 
15.80 
21.39 
27.33 
26.89 
26.62 
26.85 
27.25 
27.14 
21.43 
26.07 
27.14 
22.93 
12.74 
27.47 
27.52 
27.91 
12.35 
7.75 
23.40 
25.33 
23.65 
27.99 
28.20 
27.37 
26.37 
20.71 
19.87 
25.77 
28.57 
26.69 
24.30 
19.30 
20.19 
23.50 
25.95 
8.11 
18.18 
26.00 
11.62 
30.38 
30.39 
24.68 
25.56 
17.58 
30.10 
24.38 
8.23 
30.65 
23.71 
20.59 
19.55 
20.43 
20.43 
8.27 
11.93 
8.28 
8.28 
24.09 
25.31 
8.29 
23.05 
13.50 
14.54 
29.64 
18.53 
27.90 
26.85 
18.86 
25.10 
18.67 
8.26 
22.82 
27.32 
25.23 
13.60 
16.19 
23.46 
24.14 
20.83 
24.63 
12.32 
19.06 
23.89 
25.08 
8.12 
8.11 
22.60 
8.08 
11.34 
17.18 
25.26 
10.42 
16.08 
14.00 
26.01 
25.46 
22.17 
21.97 
20.90 
23.96 
16.90 
20.12 
16.67 
24.15 
18.14 
15.55 
21.30 
11.23 
21.56 
21.17 
21.64 
20.91 
25.26 
16.77 
8.30 
15.84 
19.32 
8.04 
24.41 
26.02 
18.95 
16.39 
14.35 
26.74 
27.16 
13.87 
19.92 
23.14 
16.51 
16.94 
13.12 
6.88 
26.17 
25.60 
18.40 
18.97 
23.07 
21.86 
21.78 
9.91 
6.53 
6.49 
8.97 
23.06 
23.12 
22.08 
20.11 
20.80 
16.69 
18.45 
6.11 
10.64 
15.44 
5.98 
6.84 
6.94 
5.84 
5.80 
5.76 
5.71 
6.99 
15.84 
15.31 
20.28 
18.87 
17.47 
10.81 
9.60 
18.14 
10.45 
16.38 
10.03 
18.24 
8.93 
17.74 
18.03 
18.32 
16.19 
13.14 
16.10 
14.81 
14.18 
4.69 
8.15 
4.60 
17.38 
17.39 
16.89 
16.78 
14.29 
4.36 
14.58 
13.01 
15.97 
15.37 
15.87 
15.53 
14.47 
12.94 
9.44 
3.98 
14.08 
10.28 
11.82 
11.63 
7.34 
10.23 
3.75 
13.01 
13.37 
12.74 
13.55 
13.58 
13.50 
12.88 
10.00 
3.50 
12.78 
13.14 
10.11 
12.80 
12.64 
12.48 
12.63 
11.43 
12.22 
5.36 
11.71 
12.08 
12.25 
11.80 
10.04 
11.54 
10.29 
12.09 
4.70 
8.01 
11.72 
11.91 
11.59 
11.08 
10.37 
9.77 
4.05 
11.47 
11.77 
11.88 
10.88 
10.09 
4.77 
9.51 
3.18 
5.71 
11.59 
11.92 
11.72 
7.38 
5.97 
5.99 
3.25 
9.32 
9.87 
11.77 
12.23 
12.28 
12.12 
12.39 
12.24 
11.34 
12.04 
9.86 
12.38 
12.98 
8.07 
3.55 
13.64 
12.18 
13.47 
13.77 
13.75 
14.17 
14.14 
9.81 
13.99 
13.73 
10.24 
5.43 
3.95 
7.05 
8.76 
7.87 
7.57 
4.13 
4.17 
15.68 
16.16 
14.92 
4.33 
13.75 
15.11 
13.19 
6.15 
4.54 
4.58 
5.79 
17.19 
17.05 
14.13 
8.78 
4.84 
5.56 
4.93 
13.00 
14.73 
6.58 
5.11 
12.66 
5.20 
19.02 
19.14 
18.12 
19.09 
18.35 
5.47 
5.52 
5.57 
18.06 
20.67 
19.60 
17.78 
21.61 
20.53 
20.19 
8.50 
5.97 
21.88 
20.77 
20.26 
23.14 
19.68 
6.24 
20.97 
15.73 
13.76 
11.78 
21.19 
7.77 
19.30 
21.62 
18.98 
24.86 
23.50 
24.40 
24.81 
7.47 
25.15 
23.28 
22.53 
10.26 
15.42 
24.74 
25.48 
13.43 
7.15 
27.38 
25.45 
9.10 
14.67 
22.45 
26.05 
26.62 
27.36 
21.84 
25.45 
24.82 
16.21 
26.63 
27.71 
27.76 
27.47 
28.03 
28.25 
21.10 
10.32 
7.77 
7.80 
24.68 
9.05 
7.87 
7.89 
21.20 
27.44 
29.37 
26.29 
29.09 
25.31 
20.83 
30.38 
21.74 
28.18 
29.24 
8.11 
8.12 
17.33 
31.23 
29.51 
26.92 
26.07 
22.61 
23.31 
26.45 
10.48 
19.87 
20.40 
28.75 
29.28 
21.81 
21.12 
22.69 
20.61 
22.70 
23.57 
25.83 
8.28 
14.37 
30.52 
21.66 
31.38 
30.86 
31.20 
29.81 
26.33 
20.60 
18.34 
29.61 
30.82 
31.16 
28.89 
29.23 
28.35 
14.64 
21.39 
15.66 
8.20 
29.32 
12.86 
26.17 
27.88 
12.47 
29.75 
21.95 
17.61 
8.44 
28.45 
21.52 
8.04 
8.03 
23.69 
29.00 
15.72 
12.42 
24.09 
7.91 
18.88 
20.56 
14.87 
17.24 
19.61 
13.93 
12.88 
7.73 
9.24 
21.47 
19.56 
16.46 
19.14 
8.08 
27.00 
27.62 
28.58 
27.17 
20.21 
15.96 
16.09 
21.56 
18.16 
8.94 
7.24 
7.20 
19.44 
18.55 
18.00 
13.66 
26.76 
16.67 
6.96 
20.96 
25.12 
25.52 
19.60 
20.82 
11.56 
13.44 
6.65 
6.61 
6.57 
22.71 
6.49 
12.12 
9.55 
6.36 
17.71 
21.51 
15.68 
20.70 
14.45 
6.11 
15.21 
23.34 
23.22 
22.35 
9.34 
18.99 
14.28 
19.08 
14.26 
12.12 
19.20 
19.96 
21.00 
18.29 
14.89 
20.21 
18.82 
5.31 
6.52 
5.22 
5.17 
5.13 
10.85 
17.74 
18.85 
18.18 
18.47 
18.35 
13.71 
17.58 
17.33 
17.48 
17.62 
16.98 
14.56 
13.70 
13.60 
14.01 
13.53 
14.81 
4.32 
8.83 
15.85 
15.86 
13.34 
15.05 
15.54 
15.32 
13.56 
14.06 
3.94 
3.91 
3.87 
10.71 
8.70 
12.95 
3.75 
3.71 
13.15 
10.52 
11.56 
10.73 
13.50 
13.31 
11.19 
7.69 
12.03 
8.03 
9.36 
3.40 
8.43 
11.74 
12.53 
11.23 
12.63 
10.00 
12.43 
11.16 
3.25 
5.89 
3.22 
4.73 
3.20 
3.19 
6.41 
3.18 
3.17 
8.79 
11.39 
11.28 
11.17 
11.67 
11.87 
11.77 
8.36 
10.57 
12.09 
3.16 
12.01 
11.83 
10.94 
12.07 
12.20 
11.62 
11.65 
9.23 
11.92 
11.13 
10.66 
5.54 
7.53 
7.56 
5.83 
11.18 
12.18 
13.08 
12.61 
11.72 
12.20 
11.73 
11.80 
3.52 
3.55 
3.58 
12.95 
12.58 
3.66 
13.75 
11.14 
12.56 
13.33 
13.76 
13.85 
12.90 
13.92 
11.91 
13.17 
13.26 
6.80 
5.06 
4.13 
6.72 
4.21 
4.25 
8.00 
9.55 
9.12 
9.07 
4.45 
13.03 
17.23 
17.60 
17.85 
17.58 
14.55 
17.83 
17.55 
9.25 
13.89 
9.39 
16.53 
5.02 
6.58 
15.76 
9.46 
15.41 
5.25 
6.42 
5.34 
5.38 
20.50 
20.91 
9.29 
17.37 
12.20 
5.66 
10.43 
20.75 
16.84 
12.28 
17.33 
19.24 
12.05 
6.02 
13.26 
6.11 
23.29 
21.39 
18.22 
22.37 
6.32 
6.37 
7.99 
22.46 
24.78 
22.97 
22.90 
16.73 
19.87 
21.40 
25.05 
18.15 
6.82 
6.85 
10.01 
22.70 
13.06 
23.84 
23.75 
11.89 
23.90 
18.47 
7.18 
7.22 
23.00 
25.92 
27.16 
8.53 
21.56 
22.29 
26.07 
28.50 
27.37 
28.79 
27.65 
20.21 
12.23 
21.49 
25.81 
26.02 
13.21 
22.34 
28.73 
28.26 
18.15 
11.29 
21.65 
26.68 
7.91 
7.93 
28.34 
30.79 
28.57 
8.53 
25.85 
24.67 
27.11 
24.71 
9.13 
8.11 
23.38 
26.18 
30.36 
23.78 
17.89 
26.76 
8.19 
22.27 
20.37 
22.64 
23.17 
8.59 
8.25 
17.98 
27.20 
23.03 
28.25 
26.86 
29.82 
23.92 
28.96 
27.22 
25.14 
22.36 
24.79 
19.92 
21.14 
23.91 
23.91 
20.78 
23.20 
28.40 
28.40 
13.29 
11.03 
16.92 
10.67 
15.17 
14.12 
24.86 
9.08 
11.15 
9.23 
22.72 
27.73 
22.17 
18.87 
21.79 
8.12 
18.99 
8.78 
22.58 
8.06 
29.77 
23.02 
22.65 
19.87 
7.97 
18.27 
17.04 
19.42 
23.17 
20.56 
26.87 
26.49 
14.30 
20.60 
21.59 
22.91 
15.38 
27.26 
18.37 
17.65 
11.84 
8.25 
11.10 
19.85 
7.49 
11.33 
27.95 
25.87 
26.48 
20.39 
7.30 
7.27 
12.90 
18.00 
7.17 
14.25 
25.43 
9.04 
15.41 
24.05 
23.81 
11.65 
9.81 
18.54 
10.86 
14.68 
10.43 
6.69 
6.65 
6.61 
6.57 
6.53 
19.30 
20.16 
21.80 
17.79 
14.59 
16.54 
9.18 
19.77 
17.83 
6.11 
17.50 
6.02 
17.47 
18.13 
5.89 
9.73 
16.51 
21.45 
10.57 
8.16 
13.36 
6.59 
21.00 
21.31 
20.90 
20.64 
19.24 
16.87 
15.64 
15.54 
10.86 
18.80 
5.08 
14.32 
14.23 
18.59 
17.39 
14.21 
4.82 
9.79 
4.73 
10.04 
16.58 
15.18 
4.56 
6.18 
4.48 
12.50 
15.41 
14.43 
13.96 
14.48 
4.24 
4.20 
11.89 
15.53 
13.75 
12.83 
14.27 
15.46 
11.28 
13.06 
13.32 
11.06 
13.15 
5.25 
12.19 
13.35 
12.93 
7.31 
12.66 
13.14 
9.35 
12.01 
11.73 
12.10 
12.89 
12.18 
11.38 
12.17 
12.32 
12.27 
11.80 
11.85 
12.53 
11.86 
11.82 
10.85 
11.74 
10.89 
11.16 
11.13 
11.31 
9.97 
6.31 
6.10 
6.29 
11.00 
10.99 
6.87 
4.26 
11.27 
10.77 
8.76 
9.67 
3.15 
7.77 
11.60 
11.61 
11.83 
10.94 
11.36 
11.59 
11.11 
3.21 
3.22 
4.15 
3.25 
10.76 
11.83 
9.70 
10.99 
11.55 
12.54 
12.18 
11.71 
8.27 
12.67 
11.46 
9.05 
3.50 
3.52 
3.55 
9.26 
11.74 
13.03 
12.88 
10.51 
3.72 
3.75 
7.87 
13.76 
14.42 
13.94 
14.03 
14.25 
8.58 
13.73 
13.95 
14.16 
7.15 
14.48 
4.21 
8.79 
12.57 
4.33 
7.37 
16.74 
13.57 
8.57 
11.97 
5.48 
10.46 
9.49 
7.73 
11.09 
17.02 
13.93 
4.88 
4.93 
6.33 
5.02 
10.15 
15.48 
18.78 
17.92 
15.51 
12.07 
20.40 
11.67 
21.07 
21.06 
19.30 
20.28 
19.08 
6.54 
21.23 
22.24 
21.61 
14.98 
5.88 
5.93 
12.66 
21.58 
20.46 
22.87 
23.14 
23.56 
23.67 
23.78 
23.10 
23.36 
22.04 
12.00 
13.49 
23.13 
22.74 
13.68 
18.42 
17.52 
23.91 
24.98 
18.22 
24.99 
25.08 
24.51 
12.90 
21.86 
24.41 
25.65 
27.56 
26.80 
15.20 
16.25 
23.67 
19.88 
28.00 
23.36 
22.91 
28.88 
27.08 
25.62 
24.82 
17.91 
17.27 
21.23 
27.42 
23.20 
18.96 
19.52 
15.10 
7.75 
10.35 
25.33 
28.98 
26.27 
28.89 
27.55 
23.27 
23.99 
23.50 
13.16 
7.99 
22.37 
13.74 
27.61 
17.76 
26.44 
24.73 
21.46 
28.93 
16.98 
19.25 
30.55 
30.74 
28.50 
24.52 
26.27 
17.42 
16.39 
28.56 
26.65 
13.81 
23.89 
25.81 
26.68 
20.43 
17.13 
17.31 
8.28 
8.28 
9.33 
23.75 
15.06 
18.19 
8.29 
16.79 
18.18 
12.10 
27.20 
8.97 
27.36 
23.02 
23.36 
21.09 
8.25 
8.24 
8.24 
8.23 
8.22 
30.56 
31.76 
25.34 
20.99 
21.67 
20.27 
16.10 
21.27 
20.05 
20.72 
22.42 
10.32 
12.37 
15.11 
19.23 
11.63 
27.62 
17.78 
29.28 
21.85 
27.84 
20.59 
7.87 
26.36 
11.94 
7.80 
7.78 
21.76 
15.24 
14.18 
14.15 
24.49 
24.61 
23.38 
19.09 
20.24 
21.54 
21.49 
19.08 
22.90 
9.58 
7.37 
7.33 
7.30 
13.44 
12.56 
16.51 
16.62 
21.37 
21.80 
9.54 
17.39 
20.28 
18.57 
16.39 
19.91 
16.91 
6.81 
8.22 
12.04 
6.69 
6.65 
8.21 
9.43 
14.15 
6.49 
6.45 
6.41 
6.36 
14.90 
14.83 
6.24 
6.19 
6.15 
19.12 
20.86 
20.15 
22.31 
20.85 
19.24 
20.63 
17.84 
6.94 
5.71 
11.53 
20.22 
15.75 
5.53 
14.12 
6.30 
19.93 
19.53 
18.00 
16.76 
5.22 
5.17 
5.13 
5.08 
18.15 
15.72 
19.00 
18.74 
18.08 
17.70 
13.36 
13.13 
16.69 
4.65 
4.60 
9.95 
12.93 
4.48 
11.87 
11.91 
16.43 
13.22 
11.28 
4.24 
4.20 
4.16 
4.12 
4.09 
4.05 
4.01 
5.15 
11.40 
7.15 
7.56 
5.33 
14.06 
11.48 
3.75 
3.71 
3.68 
8.53 
12.88 
12.92 
5.54 
13.31 
13.13 
12.20 
3.47 
3.45 
3.43 
3.40 
3.38 
9.86 
5.33 
4.99 
7.56 
4.74 
3.28 
3.26 
3.25 
11.50 
11.06 
12.04 
11.61 
11.68 
10.95 
10.33 
10.92 
11.71 
8.88 
9.48 
9.77 
4.95 
8.06 
11.17 
11.27 
11.28 
10.98 
8.48 
6.38 
10.52 
4.39 
3.18 
7.14 
9.08 
3.82 
11.78 
11.92 
11.75 
10.56 
4.51 
8.26 
10.68 
11.14 
10.87 
10.61 
9.60 
3.41 
8.85 
3.45 
7.23 
8.56 
3.52 
3.55 
3.58 
3.60 
12.69 
13.33 
14.30 
13.94 
10.53 
10.49 
3.82 
9.48 
14.17 
3.92 
11.44 
14.11 
4.02 
7.39 
6.97 
15.47 
4.17 
7.14 
15.30 
14.17 
4.33 
7.62 
6.68 
4.45 
16.09 
15.94 
17.22 
17.21 
13.67 
8.78 
13.73 
13.03 
4.84 
4.88 
6.96 
13.13 
12.68 
6.99 
5.11 
5.15 
5.20 
5.25 
6.70 
12.44 
17.52 
12.32 
12.98 
16.25 
18.97 
16.01 
20.08 
15.90 
5.75 
15.79 
19.93 
20.04 
5.93 
10.38 
6.02 
6.06 
22.87 
22.83 
21.70 
22.11 
23.15 
19.81 
18.48 
20.46 
24.04 
21.44 
6.53 
24.66 
24.60 
25.18 
24.79 
24.56 
24.33 
19.85 
14.86 
23.11 
20.23 
26.40 
19.88 
22.92 
21.51 
18.91 
17.31 
19.37 
9.73 
22.00 
25.25 
25.48 
7.35 
26.62 
25.33 
25.39 
26.97 
27.20 
19.44 
26.12 
20.72 
27.08 
26.96 
25.47 
24.65 
18.18 
21.65 
21.34 
25.16 
17.63 
19.38 
23.38 
26.68 
29.82 
29.17 
30.24 
28.19 
23.73 
27.73 
8.03 
12.37 
14.64 
17.78 
24.73 
23.89 
27.72 
23.05 
16.65 
25.86 
20.84 
16.52 
23.82 
25.22 
28.01 
21.77 
8.23 
20.40 
25.62 
30.67 
24.94 
31.03 
29.99 
27.39 
26.52 
29.65 
28.26 
26.70 
24.44 
26.53 
28.43 
24.26 
25.30 
17.49 
9.67 
8.28 
10.01 
10.18 
8.27 
8.26 
26.65 
27.68 
24.89 
24.19 
8.23 
28.15 
24.50 
8.20 
8.19 
8.18 
27.55 
25.81 
27.52 
8.13 
15.03 
20.89 
8.26 
19.30 
18.93 
18.39 
22.33 
8.01 
18.49 
22.60 
18.44 
26.32 
22.51 
27.46 
26.05 
19.84 
21.87 
7.80 
10.17 
12.20 
14.73 
19.12 
8.36 
13.27 
22.57 
19.65 
9.94 
25.82 
23.74 
7.49 
7.46 
7.43 
25.37 
18.43 
12.52 
7.30 
8.10 
7.24 
22.82 
23.09 
21.86 
25.76 
21.24 
19.52 
18.48 
18.41 
24.39 
20.56 
6.84 
6.81 
12.58 
24.61 
15.04 
10.01 
7.73 
18.67 
19.38 
20.09 
6.45 
13.48 
7.62 
23.33 
23.85 
10.57 
20.39 
18.60 
13.92 
19.79 
11.94 
5.98 
16.33 
14.89 
13.91 
5.80 
5.76 
18.38 
21.65 
21.24 
21.12 
20.42 
17.00 
19.76 
11.95 
14.85 
15.04 
5.26 
11.08 
19.05 
18.93 
14.83 
12.14 
15.45 
11.70 
4.91 
16.08 
18.10 
16.00 
10.24 
14.61 
4.65 
17.50 
12.13 
16.63 
15.12 
4.44 
15.79 
11.45 
5.06 
14.11 
15.85 
14.77 
15.03 
8.56 
14.94 
15.08 
14.15 
5.27 
10.93 
3.91 
6.06 
14.84 
13.26 
14.31 
13.88 
3.71 
10.14 
13.40 
12.33 
13.14 
3.57 
8.21 
5.14 
10.05 
12.03 
3.45 
12.23 
12.59 
10.74 
9.86 
9.60 
3.33 
6.52 
12.27 
11.41 
11.26 
10.71 
11.60 
11.46 
11.64 
9.89 
6.02 
6.11 
3.18 
3.17 
3.16 
3.16 
3.16 
8.17 
3.15 
3.15 
4.05 
6.46 
11.68 
11.18 
9.19 
9.80 
3.17 
3.18 
3.18 
11.79 
11.21 
11.72 
10.83 
10.46 
11.51 
6.63 
7.58 
6.78 
9.39 
11.82 
11.45 
12.02 
12.39 
11.60 
11.66 
10.76 
11.88 
11.41 
11.80 
7.64 
3.55 
3.58 
3.60 
12.58 
13.77 
13.63 
13.72 
13.69 
12.19 
12.84 
9.25 
3.88 
10.55 
12.49 
3.99 
4.02 
8.11 
11.29 
4.13 
5.51 
14.34 
8.18 
4.29 
15.52 
12.50 
10.96 
15.98 
11.12 
12.36 
4.58 
16.56 
15.89 
15.47 
16.90 
8.38 
9.38 
4.88 
11.55 
11.64 
5.02 
11.11 
15.06 
17.67 
16.38 
17.61 
9.11 
18.83 
17.95 
16.05 
9.66 
5.52 
5.57 
9.86 
13.46 
17.83 
5.75 
16.09 
17.08 
15.97 
20.30 
16.15 
18.22 
17.70 
10.87 
6.15 
16.27 
22.58 
17.37 
6.32 
11.56 
18.10 
21.51 
18.90 
18.66 
6.58 
6.62 
23.41 
23.82 
13.54 
23.35 
24.25 
23.19 
23.77 
25.00 
25.25 
22.36 
12.17 
22.00 
7.11 
7.15 
21.37 
21.60 
7.25 
17.69 
26.66 
26.89 
27.63 
22.80 
20.99 
11.71 
27.20 
16.38 
22.38 
24.98 
23.83 
22.00 
7.67 
7.70 
7.73 
14.79 
27.70 
29.97 
29.16 
26.79 
19.93 
25.65 
22.75 
7.93 
25.74 
25.95 
27.53 
28.94 
10.79 
8.04 
12.39 
8.08 
8.09 
25.62 
8.12 
23.40 
27.06 
11.98 
23.27 
24.85 
23.82 
27.48 
25.58 
16.56 
14.83 
8.24 
8.25 
8.25 
22.85 
29.29 
29.29 
24.95 
26.87 
26.00 
12.45 
8.28 
8.29 
8.29 
8.29 
8.29 
18.71 
13.15 
26.16 
17.13 
27.37 
29.27 
28.74 
25.27 
18.84 
27.50 
13.45 
14.13 
21.58 
23.64 
23.81 
14.27 
8.19 
8.18 
8.17 
8.16 
8.15 
12.97 
10.88 
29.87 
21.73 
8.08 
8.06 
14.60 
20.95 
8.01 
25.90 
18.81 
7.95 
21.51 
21.14 
26.09 
9.93 
26.70 
28.72 
24.06 
14.45 
22.95 
25.64 
25.77 
21.64 
16.50 
16.29 
25.07 
26.72 
17.53 
9.88 
24.87 
26.50 
25.43 
23.02 
24.47 
23.07 
26.52 
26.12 
22.22 
16.51 
20.60 
25.34 
10.90 
24.20 
7.03 
8.80 
25.78 
25.69 
24.96 
22.76 
10.69 
16.62 
13.33 
15.04 
22.02 
17.31 
6.57 
19.06 
18.35 
7.55 
16.77 
22.18 
22.70 
14.67 
18.47 
12.83 
21.52 
11.62 
6.06 
6.02 
5.98 
5.93 
10.84 
15.10 
17.99 
8.27 
19.86 
17.11 
15.40 
10.95 
16.95 
10.09 
17.33 
18.79 
17.12 
16.59 
14.24 
15.68 
16.97 
17.69 
16.34 
16.37 
4.99 
13.32 
10.14 
16.88 
13.98 
15.60 
8.67 
7.43 
15.15 
16.21 
15.97 
13.70 
14.61 
11.11 
14.16 
11.95 
4.32 
4.28 
4.24 
8.21 
13.82 
6.76 
12.68 
13.66 
14.39 
3.98 
3.94 
8.31 
13.32 
14.26 
4.38 
13.40 
13.65 
13.23 
13.49 
13.74 
13.33 
11.82 
9.90 
10.60 
3.52 
10.81 
12.67 
11.86 
12.33 
12.17 
12.95 
11.85 
12.42 
11.23 
12.42 
10.93 
11.51 
11.78 
11.23 
3.23 
11.97 
11.43 
11.91 
11.79 
12.17 
10.93 
8.90 
10.30 
3.16 
3.16 
7.46 
9.77 
9.06 
8.66 
8.36 
6.36 
7.47 
9.49 
12.11 
11.32 
11.75 
11.67 
11.69 
11.82 
4.03 
11.58 
11.92 
10.31 
3.26 
3.28 
7.74 
10.99 
9.68 
10.03 
11.86 
11.29 
11.98 
9.91 
10.92 
12.38 
13.09 
5.91 
13.34 
12.54 
13.06 
12.25 
3.66 
10.51 
11.70 
12.68 
12.53 
12.27 
13.27 
11.28 
11.24 
14.25 
12.93 
4.02 
4.06 
4.10 
4.13 
4.17 
4.21 
4.25 
12.82 
6.32 
11.75 
14.61 
10.28 
4.49 
4.54 
12.70 
16.17 
12.63 
14.29 
8.85 
4.80 
4.84 
13.62 
5.88 
8.64 
5.02 
13.18 
15.06 
12.94 
15.69 
5.25 
10.10 
5.34 
9.81 
17.77 
19.47 
16.54 
5.57 
19.08 
21.55 
21.37 
20.90 
17.43 
5.84 
5.88 
21.96 
21.92 
21.58 
19.54 
21.02 
14.03 
17.67 
20.40 
23.31 
22.47 
6.37 
12.09 
20.08 
13.65 
12.92 
23.70 
23.32 
19.06 
19.78 
22.29 
23.03 
6.82 
6.85 
9.02 
14.98 
19.65 
7.01 
7.04 
15.37 
7.11 
7.15 
7.18 
7.22 
26.35 
15.18 
24.30 
7.35 
20.04 
24.66 
17.77 
21.72 
26.18 
17.74 
27.82 
24.64 
27.93 
28.32 
27.52 
27.91 
25.73 
20.62 
7.77 
26.54 
28.64 
12.15 
15.45 
27.37 
14.64 
19.33 
27.64 
14.37 
29.09 
29.46 
26.03 
16.01 
16.20 
13.45 
29.07 
29.09 
29.80 
26.18 
22.20 
8.16 
19.63 
23.46 
25.73 
8.20 
25.41 
17.60 
30.47 
28.39 
30.48 
29.45 
21.81 
22.69 
8.27 
8.27 
11.93 
16.27 
25.83 
19.23 
8.29 
23.75 
23.92 
25.13 
18.36 
10.19 
8.28 
25.29 
21.64 
8.27 
9.66 
26.48 
13.46 
24.21 
11.71 
8.24 
18.80 
20.70 
26.75 
18.60 
8.19 
14.24 
23.23 
13.52 
23.89 
21.96 
29.38 
25.73 
24.32 
23.61 
25.31 
25.29 
26.82 
11.97 
8.33 
15.03 
28.25 
26.67 
26.81 
25.74 
16.62 
18.99 
26.83 
24.06 
24.53 
24.83 
21.38 
7.71 
7.68 
7.65 
7.63 
19.48 
15.87 
18.88 
7.52 
24.02 
25.65 
26.27 
18.82 
7.37 
14.03 
19.00 
20.95 
21.89 
8.53 
14.30 
21.86 
25.76 
13.33 
14.59 
25.20 
21.03 
11.16 
11.12 
6.84 
14.26 
26.31 
24.13 
23.88 
11.45 
7.73 
8.80 
21.29 
9.02 
6.45 
6.41 
6.36 
6.32 
6.28 
6.24 
6.19 
13.53 
16.98 
21.77 
14.83 
16.57 
5.93 
18.19 
9.58 
9.96 
14.19 
5.71 
13.44 
10.44 
5.58 
20.42 
15.99 
11.88 
20.64 
16.83 
17.29 
8.49 
16.80 
12.67 
12.03 
5.08 
15.14 
18.85 
17.51 
12.43 
17.95 
13.45 
6.89 
4.73 
11.34 
12.56 
16.34 
16.61 
16.24 
16.26 
7.21 
4.40 
4.36 
4.32 
4.28 
4.24 
16.22 
15.87 
15.41 
9.69 
14.13 
4.01 
3.98 
8.60 
6.46 
12.97 
14.38 
14.17 
12.84 
3.75 
13.01 
13.37 
13.52 
12.33 
10.84 
11.21 
3.55 
3.52 
3.50 
3.47 
4.94 
3.43 
10.48 
3.38 
10.49 
11.90 
12.27 
11.49 
12.38 
11.71 
11.88 
11.84 
10.38 
3.22 
10.83 
8.98 
11.79 
11.46 
10.33 
3.17 
11.30 
11.69 
10.08 
11.78 
3.15 
11.77 
11.47 
11.17 
10.57 
9.38 
3.16 
10.00 
10.62 
11.34 
11.57 
11.49 
