20050101
6.54 
8.00 
9.19 
8.59 
2.75 
9.11 
6.42 
8.10 
7.77 
6.52 
9.98 
8.64 
9.25 
9.77 
8.03 
9.13 
10.52 
9.82 
9.21 
9.95 
8.36 
3.11 
5.62 
11.04 
7.71 
3.24 
3.27 
8.92 
11.46 
9.06 
12.79 
12.68 
11.19 
3.51 
11.16 
4.23 
3.63 
6.08 
3.70 
13.64 
11.40 
11.72 
12.73 
12.03 
11.67 
4.00 
14.56 
4.09 
15.27 
15.04 
13.84 
13.71 
14.80 
12.83 
13.67 
16.89 
13.52 
15.52 
12.98 
15.76 
16.27 
11.73 
16.25 
18.34 
18.08 
17.68 
17.54 
15.65 
15.36 
19.68 
18.86 
19.40 
13.72 
20.08 
16.85 
17.81 
20.47 
20.31 
19.15 
10.09 
21.40 
20.81 
21.66 
21.78 
21.32 
20.11 
22.59 
23.01 
22.08 
8.98 
11.00 
21.67 
21.17 
22.65 
19.54 
22.24 
14.17 
6.49 
21.62 
13.60 
19.46 
18.76 
21.99 
24.45 
25.49 
24.80 
24.73 
17.95 
19.14 
23.87 
23.95 
25.00 
13.59 
26.29 
25.07 
20.26 
25.39 
20.72 
19.79 
24.45 
27.80 
26.39 
25.47 
21.23 
23.60 
26.64 
28.03 
26.75 
27.97 
19.70 
27.75 
26.46 
23.00 
25.22 
21.74 
7.86 
17.62 
25.38 
25.42 
21.92 
15.39 
29.23 
29.94 
29.13 
26.97 
28.18 
19.25 
25.19 
13.38 
24.22 
27.46 
23.08 
30.72 
30.57 
23.13 
8.23 
29.44 
25.21 
15.05 
26.09 
29.66 
29.67 
24.59 
29.52 
30.03 
29.02 
22.06 
28.52 
29.71 
24.45 
29.54 
26.82 
25.97 
20.71 
11.04 
20.70 
8.32 
16.28 
11.70 
30.34 
30.67 
30.15 
9.81 
27.41 
29.09 
30.43 
28.55 
20.25 
19.72 
27.82 
27.46 
28.45 
30.45 
20.98 
23.15 
19.42 
26.47 
26.44 
24.90 
23.52 
16.26 
16.91 
10.17 
15.18 
23.02 
28.84 
10.57 
19.90 
27.54 
27.00 
23.29 
21.41 
29.51 
13.69 
12.99 
23.38 
27.63 
26.75 
23.06 
13.46 
12.43 
26.34 
21.85 
7.40 
10.80 
22.97 
9.90 
7.26 
25.69 
27.23 
26.82 
23.68 
14.30 
20.17 
13.71 
14.13 
18.20 
22.25 
23.43 
20.82 
17.28 
23.16 
15.26 
23.44 
24.74 
24.94 
24.07 
18.12 
17.27 
14.44 
22.57 
21.10 
17.68 
9.33 
6.13 
12.64 
16.57 
5.99 
11.53 
22.88 
17.07 
5.80 
5.75 
17.49 
18.96 
9.59 
19.01 
19.88 
10.08 
16.42 
15.62 
5.31 
12.67 
7.94 
15.88 
18.87 
18.48 
16.48 
6.56 
17.17 
18.36 
17.84 
16.93 
10.89 
9.40 
12.62 
16.81 
16.56 
16.56 
16.43 
15.32 
11.18 
6.84 
13.64 
13.29 
15.68 
14.61 
14.61 
12.17 
12.07 
11.51 
11.53 
14.49 
12.91 
13.59 
13.14 
8.97 
13.26 
9.80 
12.94 
11.66 
12.63 
12.85 
12.33 
12.34 
11.31 
12.15 
12.16 
10.25 
10.88 
11.40 
7.74 
9.56 
11.25 
10.98 
11.10 
10.84 
10.38 
10.41 
9.97 
6.80 
9.85 
9.52 
9.00 
9.05 
7.71 
4.92 
9.37 
8.78 
9.11 
7.99 
9.58 
7.30 
9.25 
9.76 
8.75 
9.79 
9.42 
9.40 
9.30 
9.28 
9.19 
8.12 
8.64 
7.76 
9.17 
9.70 
8.39 
7.69 
8.05 
7.71 
6.75 
6.94 
4.55 
6.53 
9.40 
2.71 
2.73 
2.74 
9.53 
9.66 
8.61 
9.10 
8.78 
9.10 
8.13 
2.87 
10.28 
7.23 
9.07 
8.08 
6.32 
8.57 
4.09 
3.06 
9.93 
9.60 
8.48 
8.15 
8.11 
9.99 
8.65 
8.82 
5.39 
4.30 
4.76 
12.05 
12.57 
12.24 
10.84 
6.94 
4.93 
11.11 
12.20 
12.97 
9.94 
13.86 
13.07 
7.57 
11.56 
8.18 
14.09 
13.74 
14.56 
14.56 
14.80 
8.99 
15.40 
15.53 
11.08 
15.78 
6.38 
4.55 
14.50 
17.04 
16.78 
16.65 
16.64 
17.16 
15.71 
17.81 
17.54 
13.64 
5.09 
18.05 
19.00 
15.14 
17.46 
16.32 
17.13 
11.62 
19.62 
14.34 
19.72 
11.38 
12.03 
18.20 
20.35 
19.73 
18.52 
11.84 
20.96 
18.99 
21.19 
18.29 
21.56 
22.88 
20.56 
18.98 
16.62 
16.25 
22.97 
16.10 
20.22 
20.62 
6.62 
23.00 
22.15 
19.23 
24.54 
18.28 
17.88 
18.59 
26.35 
24.99 
21.70 
23.87 
24.76 
17.70 
12.56 
17.17 
23.10 
21.04 
17.17 
25.11 
24.19 
24.58 
18.20 
7.51 
20.95 
16.86 
14.58 
7.64 
14.99 
26.70 
12.56 
10.76 
19.49 
27.39 
27.61 
20.44 
26.02 
24.88 
16.51 
7.95 
21.62 
28.90 
28.26 
9.90 
12.96 
8.08 
28.55 
28.57 
18.28 
23.21 
20.18 
21.39 
10.73 
28.03 
22.80 
25.18 
11.12 
20.97 
26.75 
15.40 
27.11 
17.79 
18.31 
17.97 
28.84 
28.17 
30.04 
27.50 
20.20 
8.32 
17.32 
22.24 
19.19 
23.26 
21.89 
19.86 
28.50 
25.95 
8.31 
25.59 
27.45 
28.46 
23.70 
19.45 
28.75 
30.77 
29.74 
25.32 
9.07 
17.51 
20.36 
28.79 
24.21 
19.80 
9.99 
20.43 
19.56 
17.01 
19.01 
18.14 
28.70 
27.82 
22.08 
22.89 
18.67 
9.43 
21.95 
15.73 
27.38 
18.33 
25.45 
7.77 
20.54 
24.48 
19.46 
17.76 
22.84 
22.29 
23.06 
7.53 
15.55 
7.47 
7.44 
7.40 
7.37 
12.38 
25.83 
23.33 
10.95 
19.15 
7.15 
11.78 
26.34 
23.85 
22.65 
15.72 
6.92 
13.06 
21.85 
13.10 
21.52 
6.71 
24.32 
10.36 
22.88 
6.54 
21.45 
19.81 
23.70 
21.00 
18.32 
18.53 
23.57 
22.85 
16.60 
19.19 
6.03 
18.25 
21.24 
20.24 
18.38 
18.28 
17.01 
18.49 
20.24 
19.55 
5.55 
18.33 
20.32 
16.42 
20.34 
18.00 
6.08 
17.76 
15.20 
18.87 
17.81 
14.22 
16.76 
11.64 
13.91 
17.71 
13.31 
18.22 
14.64 
16.05 
16.06 
12.43 
14.57 
13.96 
15.45 
11.06 
12.78 
4.25 
9.71 
15.08 
4.12 
15.20 
11.24 
3.99 
14.15 
12.90 
13.36 
13.70 
11.58 
11.93 
11.06 
9.66 
12.61 
12.94 
13.27 
11.78 
12.32 
11.91 
12.44 
11.42 
7.95 
12.06 
10.65 
7.46 
5.20 
10.22 
9.46 
10.86 
10.01 
9.16 
3.03 
3.01 
2.98 
8.64 
2.93 
10.60 
9.98 
9.93 
10.43 
10.38 
9.41 
9.46 
9.06 
2.77 
6.18 
2.74 
9.64 
8.89 
8.15 
2.69 
8.11 
6.94 
8.34 
9.47 
8.05 
8.22 
4.95 
8.73 
8.38 
7.23 
5.30 
4.86 
5.30 
7.70 
9.65 
8.69 
5.96 
2.69 
2.69 
8.42 
8.00 
6.32 
2.92 
7.45 
9.39 
9.43 
9.74 
8.78 
9.01 
9.52 
9.20 
8.41 
7.42 
4.92 
9.60 
9.47 
10.01 
6.80 
6.94 
10.90 
5.47 
8.68 
8.25 
5.51 
8.98 
8.65 
11.17 
11.67 
9.89 
11.54 
11.94 
12.67 
12.88 
10.52 
12.55 
12.44 
3.66 
12.53 
12.08 
13.52 
12.62 
10.34 
14.43 
14.32 
13.98 
11.29 
14.56 
14.56 
13.01 
15.88 
15.16 
15.04 
14.42 
15.65 
16.40 
13.77 
8.21 
4.60 
4.65 
9.45 
4.75 
9.22 
17.95 
17.68 
18.74 
17.81 
15.52 
19.14 
17.78 
15.58 
17.20 
16.07 
19.52 
16.57 
14.71 
6.62 
11.65 
17.15 
19.56 
18.09 
7.33 
20.49 
19.44 
20.87 
18.04 
21.26 
20.77 
6.52 
12.58 
20.65 
22.58 
23.45 
20.36 
12.49 
22.86 
19.11 
24.31 
24.73 
20.62 
17.11 
17.19 
25.30 
22.08 
7.75 
21.14 
23.93 
21.46 
10.65 
22.42 
23.95 
10.15 
7.12 
23.70 
25.89 
25.48 
24.73 
13.85 
22.42 
12.96 
25.83 
17.99 
27.61 
21.89 
27.74 
23.82 
23.71 
13.95 
27.97 
22.20 
21.41 
28.47 
28.85 
27.23 
15.04 
22.62 
29.21 
30.26 
28.95 
19.23 
24.99 
8.00 
14.43 
22.55 
29.84 
29.19 
27.87 
29.59 
28.09 
8.15 
23.40 
30.36 
26.83 
21.76 
29.41 
29.93 
21.81 
14.53 
29.30 
27.27 
22.53 
23.05 
8.29 
8.30 
8.31 
21.55 
21.22 
17.65 
8.32 
8.32 
8.32 
21.22 
8.32 
8.32 
29.87 
26.30 
24.94 
15.77 
25.43 
19.83 
8.30 
27.44 
25.39 
19.79 
18.93 
22.98 
21.11 
27.69 
27.84 
19.20 
27.80 
31.15 
28.60 
13.39 
12.19 
19.42 
27.65 
29.30 
10.42 
26.88 
15.42 
21.44 
10.67 
7.97 
11.13 
26.33 
27.13 
23.24 
20.53 
15.16 
7.80 
20.91 
25.69 
24.48 
19.12 
21.56 
22.34 
17.17 
15.64 
26.30 
19.83 
26.50 
25.95 
27.84 
25.65 
25.09 
25.35 
22.84 
20.83 
17.53 
20.70 
20.31 
18.63 
13.92 
22.33 
25.12 
16.29 
6.88 
24.22 
6.79 
19.32 
22.69 
22.44 
16.74 
15.58 
21.85 
23.45 
22.43 
22.63 
21.76 
23.18 
23.07 
21.30 
18.19 
18.40 
8.02 
14.79 
19.43 
20.94 
5.89 
11.53 
21.61 
21.20 
20.94 
16.67 
19.98 
20.14 
17.77 
5.46 
11.68 
11.60 
8.34 
9.24 
10.67 
14.39 
11.05 
8.95 
5.15 
8.81 
13.22 
17.97 
8.60 
9.56 
8.97 
16.43 
14.40 
16.94 
16.81 
16.56 
16.18 
16.06 
16.30 
15.57 
15.57 
15.32 
14.13 
12.61 
14.49 
12.98 
3.99 
14.84 
12.44 
12.22 
14.03 
13.47 
12.15 
13.26 
11.84 
10.88 
7.45 
9.42 
12.42 
11.48 
12.02 
11.40 
4.40 
3.33 
3.30 
5.90 
10.67 
11.89 
6.65 
11.23 
10.66 
10.49 
10.33 
11.22 
10.00 
10.03 
10.16 
9.44 
10.04 
9.70 
9.47 
2.85 
9.64 
9.69 
9.37 
6.24 
9.29 
10.07 
10.12 
7.21 
2.71 
8.86 
6.26 
9.26 
8.09 
8.87 
7.09 
8.22 
8.13 
7.24 
8.56 
6.97 
2.65 
6.35 
5.30 
5.04 
2.66 
2.67 
8.69 
8.45 
9.62 
8.31 
9.22 
7.28 
8.65 
8.14 
5.46 
8.12 
8.43 
8.10 
10.25 
4.31 
8.68 
9.20 
2.89 
2.91 
9.73 
10.55 
2.98 
9.73 
3.03 
3.06 
3.09 
8.52 
10.66 
10.74 
3.20 
10.70 
3.27 
3.81 
12.08 
10.31 
11.85 
9.21 
7.39 
8.73 
9.98 
11.69 
9.83 
11.01 
11.76 
9.30 
11.51 
14.43 
13.52 
12.60 
13.40 
13.40 
13.16 
14.09 
4.13 
13.37 
14.56 
13.35 
15.77 
14.30 
4.41 
12.04 
16.78 
16.65 
15.26 
15.38 
4.70 
11.99 
17.82 
16.64 
17.95 
17.81 
16.34 
5.04 
18.06 
17.78 
16.13 
5.24 
17.32 
11.73 
18.53 
15.00 
16.51 
15.20 
18.15 
5.64 
15.92 
10.52 
19.47 
20.61 
15.88 
19.81 
18.59 
6.03 
16.10 
21.60 
9.34 
16.67 
21.01 
21.42 
20.91 
9.94 
21.73 
21.21 
6.54 
21.87 
6.62 
13.26 
14.59 
21.92 
19.95 
16.69 
19.47 
20.34 
20.42 
7.00 
7.04 
7.08 
15.37 
21.59 
22.15 
25.96 
21.96 
24.97 
25.37 
24.78 
26.49 
17.00 
23.65 
7.51 
26.75 
26.97 
20.39 
7.64 
21.32 
12.53 
20.41 
17.94 
19.15 
23.71 
27.61 
18.93 
26.52 
18.16 
22.90 
21.59 
23.64 
23.34 
28.43 
25.76 
29.33 
27.34 
25.67 
28.07 
29.45 
30.15 
29.16 
22.40 
16.49 
23.46 
8.22 
24.00 
12.99 
26.23 
26.92 
30.16 
21.85 
24.58 
22.21 
14.58 
9.83 
13.06 
8.32 
8.32 
12.06 
28.01 
22.58 
10.19 
29.37 
18.67 
28.85 
29.69 
21.89 
24.42 
20.18 
21.19 
16.09 
24.73 
21.67 
27.07 
28.08 
22.31 
17.55 
30.56 
27.50 
26.30 
25.94 
27.10 
20.49 
30.26 
25.34 
8.12 
22.09 
29.64 
9.92 
14.61 
21.98 
23.12 
24.60 
27.75 
28.72 
27.17 
28.30 
26.25 
25.71 
7.82 
23.29 
14.92 
11.07 
22.32 
25.76 
28.19 
24.49 
27.41 
21.08 
13.13 
7.50 
12.39 
11.04 
19.50 
15.20 
7.33 
9.25 
22.52 
18.40 
9.13 
11.50 
25.94 
14.94 
16.64 
24.09 
19.70 
17.88 
19.24 
22.80 
24.13 
22.47 
8.90 
8.54 
24.37 
24.12 
20.30 
14.97 
17.82 
21.87 
13.68 
9.35 
16.41 
8.18 
22.70 
22.59 
20.24 
12.56 
16.33 
19.18 
14.68 
18.24 
15.95 
16.44 
17.63 
5.65 
6.31 
5.55 
5.50 
14.29 
15.03 
7.02 
16.62 
17.61 
17.76 
18.32 
18.20 
17.54 
5.02 
9.74 
14.54 
16.79 
18.36 
9.82 
17.06 
15.53 
14.65 
15.93 
13.80 
14.57 
14.95 
13.97 
16.30 
15.69 
5.94 
6.72 
4.16 
14.02 
13.44 
14.03 
14.38 
13.23 
6.52 
13.58 
12.57 
13.25 
12.70 
12.82 
13.04 
13.15 
12.19 
12.52 
12.00 
9.48 
12.54 
11.09 
3.36 
3.84 
11.24 
10.15 
10.98 
9.50 
9.33 
10.54 
9.68 
10.10 
9.84 
9.10 
3.01 
3.27 
9.31 
6.52 
7.70 
8.49 
10.21 
10.06 
9.37 
9.69 
5.17 
7.78 
9.74 
7.81 
3.28 
2.73 
6.12 
5.92 
8.75 
7.31 
8.80 
8.69 
8.68 
8.31 
7.69 
8.12 
6.09 
5.12 
8.20 
9.09 
5.30 
7.86 
8.76 
4.26 
4.27 
4.63 
6.78 
8.66 
8.06 
8.87 
2.71 
3.62 
9.31 
8.99 
8.66 
8.24 
5.26 
9.97 
8.45 
9.79 
9.75 
7.85 
9.11 
7.28 
5.62 
4.51 
10.40 
6.89 
10.54 
7.97 
10.09 
9.67 
9.74 
10.02 
9.59 
9.97 
10.76 
8.07 
10.62 
10.08 
4.49 
8.97 
4.47 
3.55 
9.31 
3.63 
9.91 
3.70 
11.41 
12.63 
13.52 
3.87 
11.58 
11.10 
13.40 
11.29 
6.44 
4.13 
10.26 
14.20 
10.44 
9.31 
4.36 
7.50 
15.53 
10.89 
15.77 
16.91 
16.53 
4.70 
4.75 
8.96 
16.77 
17.02 
9.59 
17.67 
16.73 
13.47 
5.14 
13.94 
17.61 
16.76 
15.77 
17.41 
18.65 
17.92 
19.74 
15.15 
10.37 
19.39 
16.46 
19.33 
18.27 
12.50 
15.23 
20.81 
11.24 
16.85 
17.39 
22.61 
19.39 
6.87 
22.03 
21.53 
22.09 
22.19 
21.67 
21.31 
6.58 
22.43 
19.39 
25.14 
23.03 
25.49 
24.64 
23.93 
12.67 
17.70 
20.01 
26.53 
18.54 
9.71 
16.08 
25.89 
23.03 
26.69 
26.77 
14.55 
20.51 
22.71 
23.26 
24.81 
19.58 
25.26 
25.81 
26.53 
20.94 
20.82 
21.86 
12.23 
28.30 
15.98 
7.81 
17.22 
20.61 
26.86 
27.23 
23.74 
22.77 
7.98 
30.75 
28.43 
12.26 
27.14 
28.18 
19.76 
11.33 
27.42 
28.96 
29.83 
26.13 
27.50 
26.51 
20.59 
29.93 
22.32 
22.50 
24.72 
24.39 
30.00 
28.99 
30.36 
28.67 
24.77 
27.49 
14.43 
20.88 
12.06 
20.71 
29.71 
20.88 
30.72 
30.04 
29.53 
21.72 
21.72 
28.49 
31.03 
30.34 
29.65 
30.32 
30.14 
28.09 
8.27 
8.26 
28.55 
27.18 
8.22 
28.33 
25.09 
25.24 
25.39 
9.17 
28.04 
25.99 
8.10 
8.09 
27.25 
16.96 
27.52 
29.00 
27.12 
26.75 
24.19 
29.51 
24.96 
16.23 
22.87 
21.50 
7.80 
21.25 
7.74 
26.97 
24.93 
11.30 
23.99 
26.09 
24.05 
21.69 
7.50 
27.32 
27.26 
27.52 
26.96 
21.51 
22.42 
7.26 
23.26 
11.39 
19.08 
19.66 
7.07 
25.93 
23.61 
6.96 
6.92 
23.52 
23.11 
21.61 
21.21 
20.50 
24.47 
19.86 
6.58 
13.50 
6.49 
6.45 
6.40 
6.36 
13.61 
16.11 
17.68 
20.30 
21.84 
16.96 
21.76 
21.80 
20.36 
19.66 
17.36 
6.67 
20.63 
21.51 
20.24 
19.55 
19.15 
14.38 
18.77 
19.77 
20.06 
17.04 
6.77 
19.95 
19.41 
15.64 
17.67 
18.22 
17.43 
4.92 
16.52 
14.84 
7.10 
4.72 
9.15 
18.08 
16.56 
13.80 
14.19 
15.69 
12.99 
10.57 
15.45 
13.40 
14.97 
15.56 
14.73 
10.28 
14.96 
14.26 
14.38 
13.35 
3.86 
10.89 
8.24 
13.81 
13.15 
12.93 
12.94 
12.83 
12.95 
8.60 
3.47 
3.43 
3.40 
3.36 
7.02 
10.84 
11.67 
8.76 
10.10 
8.43 
7.98 
11.06 
10.59 
11.10 
9.49 
10.00 
8.03 
9.40 
9.91 
2.91 
3.36 
6.96 
3.87 
7.71 
7.76 
6.27 
9.60 
9.38 
2.75 
9.76 
9.28 
8.53 
6.54 
4.48 
5.17 
6.94 
9.67 
8.32 
9.02 
8.83 
9.27 
9.53 
8.82 
8.11 
4.86 
2.65 
8.92 
5.31 
9.21 
8.07 
6.14 
9.18 
6.17 
2.70 
4.77 
5.24 
9.58 
7.63 
2.77 
6.51 
6.91 
7.49 
5.04 
9.15 
10.68 
9.99 
10.43 
10.77 
9.60 
9.00 
9.82 
9.89 
5.20 
8.56 
11.76 
11.65 
10.34 
11.52 
11.30 
10.68 
9.74 
11.77 
12.07 
11.22 
11.31 
11.09 
11.82 
11.27 
11.47 
6.34 
10.90 
11.21 
3.75 
3.79 
3.83 
12.95 
12.15 
6.60 
11.66 
13.74 
13.50 
9.47 
14.68 
8.19 
15.64 
14.19 
14.67 
13.55 
15.65 
15.52 
11.36 
4.60 
8.86 
15.50 
15.23 
4.79 
9.95 
14.52 
4.94 
11.53 
18.87 
18.06 
13.02 
15.17 
17.61 
5.29 
19.80 
19.09 
19.77 
8.46 
9.94 
13.15 
12.38 
13.76 
17.76 
14.38 
20.32 
21.17 
17.30 
22.15 
6.03 
8.47 
6.12 
19.14 
21.06 
19.04 
21.27 
19.54 
22.86 
20.19 
19.51 
13.07 
22.65 
19.93 
19.23 
24.51 
20.34 
20.74 
25.11 
18.67 
20.34 
20.58 
15.35 
7.04 
23.38 
26.37 
25.48 
7.20 
12.28 
17.55 
24.15 
27.00 
25.76 
26.32 
22.77 
16.55 
24.87 
12.84 
23.16 
26.03 
12.96 
27.31 
28.03 
27.92 
26.80 
25.34 
7.81 
26.10 
7.86 
14.26 
19.67 
29.29 
28.49 
22.46 
25.69 
24.88 
30.48 
27.98 
8.08 
8.10 
24.35 
27.75 
19.99 
28.31 
28.16 
27.00 
30.07 
29.91 
25.35 
23.50 
21.14 
10.98 
8.27 
24.91 
25.09 
26.62 
24.59 
30.03 
28.34 
15.78 
14.60 
20.37 
24.79 
31.07 
24.79 
29.54 
29.02 
28.17 
28.68 
28.50 
21.88 
15.94 
24.41 
8.30 
18.63 
30.14 
24.70 
21.98 
30.09 
30.24 
8.23 
29.19 
8.21 
25.09 
28.62 
28.60 
22.67 
23.15 
8.12 
25.29 
20.55 
28.77 
9.90 
23.15 
28.16 
23.26 
26.91 
28.05 
26.50 
26.29 
19.23 
26.21 
25.66 
17.79 
7.77 
7.74 
7.71 
7.68 
10.97 
27.96 
26.09 
7.56 
21.53 
25.25 
24.53 
8.91 
19.99 
15.86 
26.23 
24.37 
26.25 
17.91 
7.19 
19.73 
24.17 
7.07 
26.57 
23.93 
25.44 
23.13 
25.26 
20.27 
23.03 
22.15 
17.99 
6.67 
21.10 
21.63 
16.75 
20.68 
22.73 
21.56 
7.27 
6.31 
11.41 
20.10 
22.70 
19.74 
21.28 
20.87 
5.99 
5.94 
5.89 
5.84 
5.80 
5.75 
7.57 
21.10 
19.84 
15.75 
14.95 
20.18 
19.91 
19.65 
19.38 
19.12 
5.21 
5.16 
15.50 
19.01 
19.02 
18.22 
16.91 
17.18 
15.75 
4.77 
13.34 
13.62 
16.05 
16.43 
17.19 
16.56 
16.06 
9.18 
16.30 
15.08 
12.56 
5.76 
4.52 
5.06 
14.96 
14.03 
7.91 
12.77 
12.44 
12.45 
13.70 
9.46 
13.70 
14.03 
13.15 
12.94 
10.68 
9.21 
11.78 
10.11 
11.60 
6.41 
6.36 
12.36 
10.23 
11.97 
11.48 
11.50 
6.05 
8.37 
11.06 
11.18 
10.91 
4.77 
11.05 
10.32 
9.88 
10.19 
10.51 
10.26 
9.28 
9.79 
9.55 
10.24 
9.01 
4.51 
9.65 
6.82 
8.14 
6.14 
8.26 
9.22 
8.04 
4.64 
9.42 
9.49 
9.21 
8.67 
9.01 
9.09 
9.44 
8.64 
6.79 
9.53 
9.18 
8.92 
8.67 
2.67 
7.81 
8.36 
6.86 
8.84 
8.78 
4.24 
8.11 
3.91 
9.80 
9.57 
9.15 
7.46 
9.24 
9.74 
10.07 
10.03 
9.15 
9.58 
9.54 
9.70 
9.85 
9.53 
10.18 
10.15 
9.24 
8.62 
10.96 
8.35 
12.02 
11.71 
3.27 
11.88 
12.49 
12.17 
12.79 
12.15 
11.72 
12.24 
11.48 
11.04 
13.85 
5.97 
10.55 
5.97 
6.81 
14.20 
3.87 
14.21 
14.09 
13.63 
4.04 
14.80 
12.07 
15.28 
14.20 
7.42 
9.56 
14.67 
15.16 
9.06 
4.50 
11.86 
13.86 
16.78 
16.40 
17.17 
15.86 
17.42 
18.08 
18.61 
18.07 
19.14 
19.55 
17.91 
18.31 
13.76 
5.29 
17.99 
20.21 
19.35 
18.20 
5.54 
5.59 
19.70 
19.67 
17.18 
20.35 
21.20 
22.49 
21.73 
22.00 
21.37 
20.29 
17.99 
6.17 
21.82 
23.90 
22.49 
13.25 
10.71 
22.35 
22.29 
19.75 
23.43 
25.41 
24.41 
22.62 
23.97 
25.65 
24.80 
25.84 
25.62 
25.07 
18.25 
21.05 
15.80 
24.43 
27.92 
14.18 
24.82 
21.96 
17.12 
13.08 
18.70 
23.53 
27.38 
18.86 
15.94 
24.43 
27.80 
27.69 
7.64 
10.33 
27.86 
17.57 
27.13 
29.35 
25.05 
25.09 
28.66 
17.12 
8.41 
20.54 
14.86 
29.70 
29.74 
28.76 
26.94 
26.97 
28.01 
30.41 
22.15 
8.13 
29.47 
12.23 
30.02 
26.66 
25.66 
20.59 
16.03 
18.76 
23.52 
29.98 
27.44 
19.65 
27.63 
30.02 
26.80 
22.90 
15.61 
28.01 
27.84 
28.52 
29.37 
25.64 
18.34 
14.43 
31.23 
11.88 
29.52 
30.54 
11.03 
28.66 
23.22 
26.43 
8.29 
9.64 
29.78 
21.30 
22.98 
21.28 
22.44 
25.13 
23.93 
19.69 
22.03 
29.61 
26.04 
23.32 
19.92 
21.75 
22.74 
8.07 
23.86 
20.63 
23.79 
28.29 
27.08 
11.29 
28.84 
21.78 
29.43 
21.03 
7.82 
26.45 
29.40 
26.85 
26.64 
24.10 
21.23 
20.36 
21.30 
26.85 
28.28 
22.13 
25.52 
22.34 
23.26 
21.08 
7.33 
8.76 
23.65 
7.22 
24.80 
24.73 
25.62 
25.05 
25.61 
25.05 
6.96 
20.58 
7.35 
16.48 
22.24 
21.37 
23.79 
14.32 
19.08 
19.00 
15.04 
20.68 
24.27 
22.94 
11.09 
15.13 
15.05 
6.67 
17.29 
16.00 
19.34 
21.32 
14.41 
5.94 
22.59 
12.84 
22.78 
22.50 
21.37 
21.53 
19.41 
19.15 
13.11 
16.25 
12.38 
6.88 
19.11 
19.94 
20.77 
19.95 
18.47 
5.06 
15.82 
17.96 
15.85 
11.16 
17.45 
15.25 
13.34 
4.68 
12.62 
8.87 
6.04 
17.06 
16.43 
15.57 
14.72 
6.12 
14.00 
4.21 
5.35 
15.20 
12.39 
4.03 
14.38 
11.40 
13.46 
13.47 
5.61 
3.78 
3.74 
3.70 
3.66 
3.62 
3.58 
3.54 
6.69 
12.22 
11.60 
3.40 
11.52 
11.33 
11.24 
11.06 
10.47 
3.20 
5.36 
11.23 
10.76 
8.06 
10.42 
10.84 
3.01 
9.94 
2.96 
9.63 
10.13 
2.89 
9.74 
6.55 
6.51 
9.23 
6.63 
2.78 
2.77 
10.25 
9.94 
9.37 
8.71 
9.22 
8.57 
9.08 
8.98 
7.63 
8.15 
8.58 
8.22 
5.12 
7.06 
9.61 
8.91 
8.47 
9.27 
9.36 
6.99 
3.82 
7.54 
8.18 
5.18 
8.93 
9.31 
8.98 
9.82 
10.04 
9.08 
9.02 
2.78 
9.38 
9.79 
10.48 
10.17 
10.31 
9.81 
9.49 
9.45 
4.48 
8.80 
9.73 
3.03 
3.06 
10.61 
11.08 
11.06 
11.44 
10.22 
11.40 
11.49 
9.74 
11.67 
11.65 
11.95 
13.73 
13.10 
12.46 
9.23 
12.88 
13.52 
13.63 
13.75 
8.64 
13.75 
13.75 
3.87 
7.80 
13.98 
14.32 
14.91 
15.38 
15.75 
15.16 
14.56 
14.80 
13.09 
14.67 
10.71 
12.17 
15.77 
15.39 
15.13 
12.95 
4.70 
4.75 
4.79 
4.84 
9.77 
18.34 
18.47 
15.92 
16.71 
19.00 
19.13 
18.71 
18.98 
19.38 
10.84 
19.63 
12.13 
19.17 
19.72 
20.27 
5.69 
8.92 
20.78 
22.37 
21.90 
21.29 
23.18 
19.73 
21.78 
20.70 
22.76 
18.33 
13.56 
19.74 
23.98 
24.09 
25.13 
24.15 
23.48 
18.28 
10.54 
16.72 
20.73 
25.40 
23.91 
25.11 
26.00 
25.46 
14.17 
23.87 
15.42 
25.16 
25.40 
19.81 
12.40 
24.50 
22.94 
25.30 
22.91 
25.76 
9.55 
19.80 
27.28 
25.86 
25.42 
26.97 
26.20 
20.44 
25.48 
12.36 
22.41 
7.75 
27.35 
25.55 
27.44 
23.63 
28.70 
28.24 
22.39 
20.07 
20.61 
8.00 
24.21 
25.76 
25.28 
25.99 
30.58 
28.24 
26.91 
20.84 
31.02 
12.58 
26.83 
29.22 
17.20 
26.20 
25.20 
10.63 
21.49 
29.14 
20.84 
30.18 
29.85 
24.08 
23.92 
18.16 
28.17 
30.72 
26.14 
27.67 
18.68 
17.15 
20.88 
21.73 
22.57 
15.95 
24.60 
11.87 
11.02 
8.30 
18.97 
30.83 
29.12 
30.12 
24.86 
20.27 
27.88 
28.53 
9.58 
18.35 
18.67 
24.74 
27.08 
22.83 
25.34 
14.86 
28.66 
29.47 
29.27 
24.87 
19.62 
22.79 
7.99 
29.76 
24.53 
23.82 
7.90 
18.73 
18.03 
16.66 
28.12 
7.77 
7.74 
12.36 
20.45 
26.53 
27.47 
25.26 
24.22 
9.34 
15.72 
28.31 
24.14 
7.40 
26.63 
23.63 
10.87 
22.19 
23.26 
7.19 
11.02 
26.10 
22.48 
25.77 
27.44 
25.60 
25.83 
23.20 
20.59 
10.89 
24.82 
24.88 
20.10 
6.62 
6.58 
15.97 
24.68 
24.88 
24.47 
17.34 
21.97 
21.86 
22.36 
9.78 
14.96 
16.06 
14.05 
21.21 
19.77 
16.29 
11.24 
19.87 
17.16 
17.20 
6.94 
18.27 
15.04 
12.27 
5.46 
12.10 
15.35 
20.62 
20.63 
19.40 
19.14 
17.52 
18.75 
5.02 
11.59 
18.49 
12.07 
9.90 
17.71 
14.49 
17.45 
17.45 
17.06 
11.42 
5.85 
13.96 
16.55 
11.54 
15.57 
14.84 
4.21 
15.08 
14.61 
14.61 
14.49 
4.80 
12.20 
13.81 
13.58 
14.03 
9.91 
13.37 
12.93 
3.66 
3.62 
7.02 
12.09 
3.51 
11.69 
10.13 
4.44 
12.14 
11.95 
11.65 
11.06 
7.56 
11.50 
10.02 
9.36 
11.16 
9.03 
7.81 
7.37 
10.00 
9.84 
5.61 
9.91 
8.16 
9.70 
8.91 
9.51 
2.83 
2.81 
10.38 
7.15 
10.20 
2.75 
7.60 
9.55 
9.78 
9.40 
9.28 
7.04 
2.68 
2.67 
6.20 
2.66 
9.98 
9.00 
7.85 
2.65 
9.52 
7.15 
9.36 
9.10 
8.84 
8.77 
9.05 
2.68 
9.09 
9.20 
6.19 
9.85 
9.88 
9.01 
9.49 
9.89 
9.75 
9.61 
10.47 
10.16 
10.02 
9.89 
10.96 
9.53 
7.99 
10.68 
9.89 
10.90 
10.59 
5.74 
3.06 
11.20 
8.23 
4.73 
12.03 
9.82 
12.21 
11.69 
11.99 
11.56 
9.06 
9.66 
12.57 
12.36 
3.51 
12.99 
10.50 
12.98 
13.20 
12.31 
10.30 
3.79 
6.53 
13.41 
14.55 
14.67 
14.56 
11.64 
8.68 
14.44 
15.63 
15.64 
15.77 
16.14 
16.26 
16.27 
9.93 
14.02 
16.02 
12.09 
16.27 
6.24 
16.91 
17.69 
17.16 
14.12 
12.37 
17.94 
17.53 
19.14 
10.71 
10.25 
19.95 
18.01 
17.02 
11.40 
16.96 
14.11 
17.18 
20.72 
18.55 
20.11 
19.07 
20.64 
20.32 
20.58 
19.96 
16.21 
7.22 
19.54 
9.88 
21.71 
23.49 
22.69 
6.31 
17.85 
24.24 
18.03 
23.69 
13.84 
20.46 
25.09 
22.53 
20.10 
21.45 
21.37 
24.32 
20.11 
23.54 
6.96 
24.19 
22.82 
11.76 
18.61 
26.29 
26.54 
24.17 
23.43 
20.39 
26.68 
27.08 
25.01 
23.26 
26.29 
24.70 
23.93 
25.48 
16.24 
8.97 
19.15 
27.70 
27.92 
25.46 
24.67 
27.90 
24.59 
11.05 
24.00 
27.57 
27.94 
27.48 
19.93 
18.28 
23.70 
9.05 
21.74 
20.75 
13.51 
16.91 
29.28 
29.64 
24.25 
19.86 
27.67 
29.90 
19.41 
15.86 
8.24 
16.56 
22.51 
18.45 
30.51 
29.84 
29.51 
25.95 
26.47 
9.67 
8.32 
24.27 
27.50 
26.14 
9.34 
8.32 
8.83 
24.44 
29.70 
27.83 
30.54 
26.12 
19.50 
23.73 
8.30 
8.29 
31.32 
25.04 
26.04 
30.94 
28.89 
24.81 
12.62 
8.21 
8.20 
16.97 
28.43 
25.70 
16.57 
8.12 
24.95 
28.12 
8.07 
27.05 
29.37 
25.14 
15.20 
26.41 
28.89 
24.16 
7.90 
7.87 
22.87 
13.66 
26.95 
22.58 
22.20 
14.19 
26.25 
22.39 
26.14 
26.09 
7.56 
23.83 
23.77 
24.53 
13.66 
26.53 
21.24 
23.46 
16.08 
12.29 
25.85 
26.26 
22.15 
7.11 
16.38 
7.04 
24.73 
23.53 
24.87 
25.10 
13.32 
12.94 
16.65 
21.28 
25.25 
22.82 
24.58 
17.52 
10.35 
22.58 
24.32 
23.60 
6.31 
18.98 
23.87 
23.00 
15.70 
20.98 
22.95 
17.51 
17.41 
7.36 
10.22 
19.29 
15.14 
19.07 
12.23 
13.57 
18.16 
21.29 
20.18 
20.05 
19.09 
19.66 
5.26 
17.49 
19.68 
18.20 
19.15 
15.02 
4.97 
10.32 
17.44 
16.80 
18.10 
17.32 
12.34 
4.63 
14.04 
17.06 
16.68 
9.76 
11.15 
15.94 
14.84 
13.16 
13.53 
14.25 
14.96 
13.91 
14.03 
11.15 
8.19 
14.03 
13.36 
6.40 
3.78 
9.05 
13.81 
12.50 
9.80 
13.05 
13.27 
9.24 
6.63 
12.43 
11.61 
12.35 
7.43 
11.45 
11.36 
11.98 
11.50 
11.41 
11.04 
11.25 
10.10 
10.33 
10.07 
4.06 
11.08 
6.27 
10.76 
10.70 
10.73 
10.77 
10.34 
9.83 
10.33 
8.18 
10.15 
9.92 
9.34 
4.54 
9.73 
9.87 
9.84 
9.64 
9.53 
9.33 
6.57 
5.23 
9.20 
9.27 
9.27 
10.05 
6.70 
8.38 
9.09 
6.53 
5.66 
9.37 
5.94 
9.40 
9.33 
9.53 
9.11 
9.85 
8.09 
9.37 
10.22 
9.98 
8.21 
7.88 
9.19 
10.16 
9.47 
9.79 
11.24 
10.46 
10.33 
9.64 
10.65 
10.90 
10.97 
8.92 
11.22 
11.39 
11.37 
8.68 
3.17 
10.32 
10.80 
10.88 
12.39 
6.32 
12.28 
9.35 
11.52 
11.62 
12.99 
6.44 
11.90 
4.71 
3.66 
14.19 
14.19 
13.75 
13.30 
13.18 
3.91 
13.98 
13.98 
12.81 
6.68 
4.13 
14.80 
15.28 
14.07 
13.09 
9.64 
12.81 
6.70 
4.50 
16.53 
6.88 
17.42 
17.55 
9.66 
17.95 
18.47 
18.47 
13.04 
18.07 
19.28 
18.47 
8.27 
16.13 
18.30 
19.81 
19.38 
17.27 
20.20 
13.12 
10.94 
21.29 
20.13 
21.12 
18.78 
18.31 
17.98 
21.32 
10.51 
21.40 
22.12 
17.59 
11.83 
18.39 
19.85 
23.90 
23.10 
24.13 
22.24 
23.43 
18.89 
23.17 
6.58 
13.67 
21.58 
21.99 
23.34 
11.55 
6.84 
15.80 
17.15 
17.06 
24.99 
19.60 
23.22 
19.74 
25.48 
7.20 
26.13 
26.37 
25.30 
26.68 
26.58 
9.38 
19.64 
26.29 
26.85 
27.74 
16.03 
27.86 
19.27 
10.00 
7.70 
7.73 
28.13 
22.66 
25.72 
26.94 
24.80 
16.45 
21.52 
27.94 
29.67 
27.51 
27.72 
14.93 
15.13 
25.79 
29.03 
28.55 
29.25 
29.95 
20.67 
8.16 
11.57 
26.49 
29.22 
8.22 
26.37 
8.41 
30.13 
25.40 
26.42 
27.28 
28.65 
28.83 
23.24 
29.86 
15.95 
22.40 
25.12 
28.18 
8.32 
24.79 
23.94 
20.88 
28.18 
16.64 
14.09 
30.03 
27.48 
30.18 
17.12 
17.28 
20.15 
24.38 
21.65 
31.29 
25.86 
24.83 
12.80 
12.11 
8.21 
24.93 
20.51 
30.45 
26.88 
19.44 
18.07 
27.31 
25.60 
26.75 
25.54 
27.02 
8.51 
7.99 
7.97 
26.54 
26.84 
25.12 
28.42 
26.88 
16.33 
28.95 
26.57 
27.52 
16.01 
15.64 
12.13 
19.86 
26.58 
28.17 
20.54 
21.14 
28.64 
25.29 
16.56 
11.12 
22.81 
21.77 
22.35 
20.99 
26.26 
25.53 
18.21 
19.43 
7.04 
22.65 
23.85 
26.46 
26.37 
20.90 
18.61 
22.47 
9.37 
23.85 
11.14 
12.94 
24.64 
25.46 
24.58 
11.00 
16.27 
23.94 
15.96 
20.10 
6.17 
6.13 
15.47 
10.34 
23.27 
5.94 
16.88 
22.03 
21.76 
21.20 
18.49 
5.65 
5.60 
19.15 
19.17 
12.75 
19.77 
7.16 
14.69 
12.94 
5.21 
18.05 
14.15 
16.87 
18.88 
18.09 
17.30 
14.69 
15.88 
13.96 
4.72 
4.68 
17.95 
16.56 
15.68 
16.56 
16.18 
15.20 
10.57 
15.69 
13.52 
12.22 
14.97 
15.32 
14.96 
15.08 
14.03 
3.94 
6.52 
3.86 
3.82 
5.34 
14.47 
14.14 
13.37 
13.80 
13.37 
7.39 
12.63 
12.53 
6.15 
9.84 
12.55 
12.87 
11.24 
6.81 
11.18 
11.50 
11.41 
10.35 
9.39 
11.57 
11.00 
5.34 
9.62 
11.08 
4.19 
2.93 
10.98 
2.89 
7.51 
10.34 
10.01 
10.33 
10.38 
9.97 
6.93 
10.25 
10.12 
2.73 
9.16 
9.76 
9.64 
9.79 
8.98 
6.30 
6.47 
9.55 
6.10 
9.27 
9.53 
9.17 
9.61 
8.91 
9.88 
9.01 
6.90 
6.03 
9.23 
9.69 
8.29 
9.55 
