20050101
9.43 
9.83 
10.70 
10.83 
2.89 
10.44 
10.95 
10.81 
10.67 
11.20 
11.15 
11.31 
10.11 
11.23 
11.59 
11.46 
11.92 
12.19 
12.37 
12.24 
12.02 
12.00 
6.35 
11.13 
11.52 
7.85 
12.94 
11.56 
11.65 
13.44 
13.65 
13.64 
13.53 
5.95 
11.97 
3.72 
7.12 
3.80 
5.77 
15.08 
3.92 
15.08 
15.20 
14.03 
11.66 
4.13 
13.53 
4.22 
15.69 
16.54 
16.18 
14.94 
13.80 
15.42 
12.37 
17.69 
17.18 
17.18 
14.84 
17.70 
16.25 
7.11 
12.63 
19.41 
19.28 
18.73 
19.13 
18.72 
12.50 
20.35 
20.21 
21.04 
12.02 
21.30 
17.17 
11.69 
22.13 
19.66 
18.03 
12.89 
22.65 
22.48 
22.90 
23.17 
21.06 
19.22 
23.39 
23.36 
23.17 
10.02 
19.57 
20.59 
23.78 
24.04 
22.28 
23.01 
6.99 
6.56 
20.16 
14.24 
12.72 
21.37 
24.32 
24.73 
25.31 
23.47 
23.39 
19.59 
14.31 
21.52 
26.48 
23.13 
19.77 
26.72 
26.96 
23.25 
27.11 
22.22 
22.12 
24.33 
27.05 
25.45 
24.18 
24.07 
24.62 
29.03 
27.92 
27.13 
27.35 
16.30 
29.47 
22.44 
20.29 
23.87 
21.88 
7.88 
13.15 
26.90 
21.17 
14.25 
19.54 
27.38 
30.13 
27.78 
16.92 
23.07 
13.21 
28.23 
8.14 
26.23 
24.20 
30.71 
29.53 
30.23 
27.34 
8.23 
29.77 
28.07 
16.80 
12.71 
25.71 
31.19 
21.62 
29.32 
28.99 
30.70 
27.29 
20.62 
26.27 
22.51 
29.51 
30.20 
26.09 
18.40 
12.93 
8.31 
8.31 
17.36 
8.30 
25.71 
29.63 
26.72 
8.28 
22.77 
24.46 
31.10 
27.16 
27.66 
11.97 
27.79 
27.26 
29.46 
27.39 
24.82 
16.64 
23.24 
24.24 
9.79 
8.92 
20.43 
23.45 
18.34 
8.00 
7.98 
14.88 
22.11 
25.11 
14.63 
29.75 
24.32 
21.93 
23.23 
28.05 
16.28 
10.05 
19.88 
14.99 
21.96 
10.42 
7.56 
14.00 
20.26 
23.19 
7.44 
21.09 
13.13 
17.52 
7.30 
11.52 
21.28 
26.43 
19.52 
21.73 
22.96 
7.05 
9.59 
20.32 
24.57 
20.49 
18.82 
22.08 
17.72 
20.02 
24.35 
9.01 
23.69 
20.93 
20.38 
19.51 
10.30 
24.11 
23.08 
22.21 
22.26 
6.21 
6.16 
6.12 
6.07 
19.17 
22.94 
19.86 
5.89 
5.84 
5.79 
7.64 
6.13 
20.20 
20.23 
14.97 
11.61 
9.70 
5.41 
9.98 
7.68 
7.21 
17.46 
19.26 
19.13 
7.51 
19.15 
19.15 
18.89 
18.49 
12.06 
5.05 
13.96 
18.49 
17.72 
17.72 
16.45 
15.20 
11.34 
4.42 
5.74 
15.24 
16.34 
16.21 
15.37 
11.79 
13.00 
14.55 
11.51 
15.37 
13.75 
15.14 
14.11 
12.65 
14.35 
10.00 
14.13 
13.80 
13.48 
13.38 
12.96 
12.54 
5.10 
11.30 
12.79 
11.87 
12.30 
12.32 
6.29 
10.32 
11.97 
12.40 
11.72 
11.85 
11.68 
11.80 
11.44 
4.64 
11.12 
11.45 
11.20 
9.70 
11.28 
2.95 
10.33 
10.95 
10.81 
10.77 
10.45 
10.23 
6.39 
10.17 
10.52 
10.58 
9.92 
10.08 
10.34 
10.24 
10.32 
10.04 
7.10 
9.30 
10.49 
10.49 
10.13 
10.32 
10.33 
9.70 
8.70 
10.47 
8.37 
8.95 
10.27 
2.86 
2.87 
2.88 
5.90 
11.19 
11.33 
10.81 
11.14 
10.34 
11.25 
4.07 
6.33 
8.21 
10.90 
5.66 
4.61 
11.10 
3.17 
6.62 
11.31 
11.69 
11.67 
11.95 
11.42 
12.75 
9.38 
12.30 
5.59 
3.51 
9.13 
10.61 
13.64 
13.74 
13.07 
11.73 
3.76 
12.59 
14.62 
14.74 
14.85 
13.35 
15.20 
10.27 
13.31 
4.73 
15.44 
16.29 
16.05 
16.30 
16.18 
5.51 
16.67 
13.79 
15.79 
12.09 
6.68 
4.67 
10.17 
17.96 
18.22 
17.56 
17.68 
18.07 
17.39 
18.46 
14.37 
16.94 
10.71 
11.35 
19.65 
20.06 
17.37 
14.93 
19.59 
5.54 
21.41 
18.50 
20.65 
5.74 
22.21 
21.30 
21.42 
21.84 
20.61 
14.12 
23.24 
22.45 
22.72 
21.91 
7.63 
21.82 
22.54 
6.39 
13.74 
13.96 
24.05 
16.77 
21.57 
24.04 
12.24 
22.16 
22.41 
21.53 
25.31 
21.05 
22.26 
9.08 
26.63 
26.72 
22.41 
25.58 
27.62 
24.91 
11.84 
25.55 
16.06 
22.22 
24.60 
24.50 
19.91 
25.12 
26.01 
7.55 
19.94 
24.68 
19.20 
14.38 
9.54 
24.21 
7.75 
7.78 
28.73 
28.77 
29.15 
24.46 
28.56 
25.55 
23.89 
7.97 
12.74 
30.44 
29.62 
13.32 
8.07 
8.09 
28.54 
31.13 
25.70 
23.50 
26.08 
27.12 
9.22 
24.25 
23.76 
20.53 
20.54 
28.41 
28.25 
24.50 
27.08 
25.89 
14.78 
11.03 
31.55 
30.19 
31.05 
25.41 
23.36 
11.05 
8.32 
23.36 
18.40 
26.43 
23.52 
19.25 
27.96 
23.00 
8.30 
26.91 
26.39 
22.11 
11.01 
10.49 
30.78 
30.59 
26.65 
22.89 
8.22 
11.27 
19.77 
27.41 
22.63 
19.72 
8.14 
8.12 
9.98 
24.55 
9.43 
15.00 
27.18 
27.65 
16.12 
22.51 
24.00 
7.93 
7.91 
18.50 
22.17 
23.82 
21.76 
10.31 
16.48 
14.43 
13.56 
12.53 
20.00 
16.62 
15.58 
9.39 
7.53 
8.33 
13.26 
11.73 
7.40 
7.37 
19.66 
26.65 
7.27 
15.24 
13.39 
7.97 
14.26 
7.73 
16.10 
23.29 
6.97 
14.95 
21.93 
8.93 
9.20 
6.77 
16.70 
15.36 
11.52 
6.61 
8.28 
20.84 
23.86 
13.86 
22.42 
24.62 
24.66 
17.23 
18.20 
19.02 
6.12 
21.22 
23.06 
16.99 
21.63 
16.95 
19.20 
17.34 
21.75 
20.90 
6.95 
13.35 
18.97 
13.88 
16.34 
19.61 
8.86 
16.58 
18.82 
17.32 
13.52 
13.56 
16.57 
10.27 
11.13 
18.89 
17.31 
18.76 
16.28 
17.72 
17.59 
17.08 
13.26 
8.61 
12.94 
16.59 
4.42 
4.38 
14.87 
15.61 
4.25 
11.17 
14.30 
6.13 
15.26 
14.55 
8.06 
14.45 
14.56 
9.67 
14.12 
13.67 
9.22 
13.80 
14.13 
13.37 
13.60 
7.99 
13.72 
13.51 
9.18 
13.00 
12.91 
11.99 
10.67 
11.93 
10.93 
12.07 
12.30 
6.00 
3.17 
3.15 
3.12 
5.65 
3.07 
11.61 
11.74 
11.20 
11.14 
11.28 
10.85 
9.66 
10.28 
7.61 
3.74 
3.91 
10.79 
10.76 
10.82 
5.80 
10.40 
10.38 
9.35 
8.78 
10.05 
10.59 
7.65 
9.39 
10.49 
10.30 
9.76 
10.50 
9.95 
10.42 
10.44 
10.27 
7.71 
2.83 
8.39 
10.45 
10.48 
10.33 
9.15 
6.27 
10.72 
10.29 
10.72 
10.95 
10.53 
11.15 
9.57 
11.37 
10.36 
3.08 
11.75 
11.92 
11.99 
10.57 
10.23 
12.02 
9.76 
12.08 
9.07 
4.69 
11.39 
10.95 
13.14 
13.13 
13.23 
13.33 
13.32 
13.64 
13.63 
13.41 
14.29 
13.39 
3.80 
11.67 
14.74 
13.59 
14.39 
12.05 
13.91 
16.03 
15.56 
15.32 
10.74 
15.32 
12.99 
16.18 
16.18 
16.42 
12.78 
16.80 
17.44 
16.67 
6.74 
4.72 
6.34 
12.96 
4.86 
7.04 
19.01 
19.14 
19.41 
19.27 
13.51 
19.81 
19.66 
19.51 
18.80 
12.72 
16.49 
5.49 
10.26 
5.59 
14.46 
18.61 
21.64 
20.74 
5.83 
21.86 
20.20 
21.80 
20.57 
21.58 
20.48 
12.39 
21.91 
21.26 
22.74 
24.09 
19.55 
11.41 
19.27 
22.17 
24.47 
23.78 
23.88 
17.47 
14.69 
26.08 
16.10 
6.86 
20.25 
20.00 
25.25 
15.93 
23.14 
23.55 
19.54 
7.17 
20.16 
26.96 
26.54 
23.97 
19.74 
20.63 
15.21 
26.55 
17.80 
28.35 
24.24 
28.64 
25.01 
27.92 
24.45 
29.70 
25.38 
20.04 
29.52 
25.69 
29.11 
23.74 
21.92 
29.91 
29.11 
30.33 
16.11 
9.01 
8.01 
23.16 
27.78 
29.00 
29.88 
30.42 
31.30 
29.62 
9.69 
22.84 
31.05 
30.04 
24.25 
20.00 
26.33 
16.61 
15.60 
28.94 
20.91 
22.63 
17.85 
16.67 
8.29 
8.30 
27.62 
22.67 
20.28 
8.31 
8.32 
8.32 
17.03 
9.17 
9.68 
28.31 
27.45 
24.03 
10.70 
24.36 
11.88 
8.29 
26.89 
26.20 
18.16 
23.27 
21.04 
13.19 
26.98 
25.26 
26.60 
29.82 
31.67 
18.38 
8.15 
8.14 
16.11 
24.41 
30.49 
16.21 
27.55 
17.52 
20.54 
8.00 
7.98 
11.67 
29.37 
25.79 
19.01 
16.79 
7.84 
7.81 
25.92 
24.36 
15.77 
19.25 
17.87 
25.67 
15.79 
14.92 
22.85 
21.80 
15.12 
27.98 
26.93 
24.06 
18.23 
23.44 
18.95 
24.62 
18.34 
17.47 
18.06 
16.70 
8.54 
25.63 
21.35 
16.46 
6.93 
7.85 
6.85 
6.81 
10.90 
16.22 
8.11 
14.82 
14.44 
18.44 
24.43 
24.79 
19.89 
22.26 
22.93 
19.92 
19.06 
19.12 
6.16 
15.46 
23.77 
16.93 
7.62 
22.52 
23.14 
22.87 
22.89 
22.18 
20.90 
21.93 
20.95 
5.56 
5.51 
7.86 
5.41 
9.14 
5.32 
19.65 
6.87 
5.17 
5.13 
5.08 
12.69 
13.54 
4.94 
11.10 
7.20 
14.71 
12.27 
18.24 
17.72 
14.92 
17.21 
13.19 
17.33 
17.08 
16.83 
15.60 
15.61 
13.92 
15.85 
13.46 
6.25 
15.84 
11.98 
13.28 
14.91 
15.02 
14.11 
14.46 
11.99 
14.13 
11.91 
12.26 
14.03 
13.92 
13.82 
13.50 
5.52 
3.47 
8.59 
3.40 
12.72 
12.73 
11.72 
10.93 
12.78 
12.40 
12.02 
12.05 
11.97 
10.82 
12.03 
11.67 
11.41 
11.54 
11.29 
6.25 
11.66 
11.04 
10.99 
10.76 
11.09 
10.96 
10.54 
8.55 
6.30 
8.41 
8.76 
10.86 
10.93 
10.82 
8.05 
9.96 
10.23 
9.58 
10.31 
10.12 
10.30 
2.79 
2.80 
6.93 
7.94 
3.36 
10.55 
10.38 
10.50 
10.52 
10.27 
10.86 
10.89 
9.05 
11.06 
9.88 
11.33 
10.91 
11.14 
4.22 
9.23 
7.74 
5.75 
10.65 
8.46 
11.56 
7.18 
10.80 
3.17 
3.20 
3.23 
7.12 
12.18 
11.65 
6.55 
11.91 
8.65 
4.81 
13.03 
12.37 
13.22 
13.21 
13.42 
13.63 
10.31 
14.07 
14.06 
13.95 
14.17 
13.82 
13.82 
14.97 
14.74 
14.38 
15.32 
15.44 
15.92 
12.06 
12.89 
15.68 
16.18 
15.80 
14.80 
15.17 
4.53 
5.85 
17.82 
17.70 
17.83 
15.74 
9.28 
5.92 
18.88 
19.01 
18.20 
18.33 
18.45 
5.15 
18.98 
19.80 
20.49 
7.45 
20.75 
19.04 
21.15 
19.71 
18.97 
15.03 
16.00 
5.74 
16.93 
10.55 
23.05 
22.88 
18.07 
22.07 
21.73 
6.11 
23.17 
22.83 
16.66 
16.60 
23.78 
24.20 
23.22 
17.71 
23.42 
23.05 
6.61 
23.09 
6.69 
8.01 
18.42 
23.77 
20.01 
13.49 
15.81 
24.12 
12.37 
7.06 
7.10 
8.28 
10.93 
24.91 
18.09 
25.88 
21.34 
26.19 
26.26 
26.65 
26.55 
22.62 
16.85 
7.55 
27.30 
27.86 
25.57 
9.34 
18.11 
13.44 
24.59 
21.09 
12.02 
26.24 
27.97 
18.03 
20.77 
12.50 
26.60 
26.97 
28.37 
29.42 
24.35 
23.87 
27.47 
28.01 
24.97 
28.23 
30.13 
30.49 
30.51 
21.83 
27.31 
21.69 
8.22 
27.02 
9.09 
15.94 
30.30 
29.46 
21.44 
19.56 
18.03 
15.13 
9.33 
8.30 
8.31 
8.31 
11.22 
29.17 
19.26 
19.43 
30.88 
18.57 
28.65 
27.28 
17.71 
21.29 
19.91 
16.83 
8.29 
16.82 
18.17 
26.52 
25.15 
20.70 
12.67 
30.73 
23.04 
17.92 
21.13 
26.22 
18.72 
30.60 
24.12 
8.12 
18.97 
29.81 
8.07 
8.06 
23.28 
11.91 
23.90 
26.23 
30.25 
26.67 
29.50 
29.29 
29.58 
21.46 
11.51 
9.30 
7.76 
23.98 
27.78 
23.89 
26.18 
27.96 
8.76 
13.88 
16.16 
7.50 
13.26 
21.15 
13.51 
7.37 
11.12 
8.29 
13.98 
8.70 
12.90 
24.89 
7.94 
14.05 
26.76 
23.93 
22.24 
19.60 
19.69 
19.61 
21.29 
8.20 
7.21 
25.30 
25.36 
16.17 
17.19 
18.82 
24.79 
12.62 
10.40 
13.41 
6.30 
23.02 
22.61 
24.16 
20.88 
21.97 
22.16 
20.11 
20.75 
20.93 
12.89 
16.17 
6.62 
13.66 
5.65 
5.60 
13.97 
10.05 
5.46 
17.22 
20.18 
15.05 
20.34 
20.35 
15.16 
5.13 
5.08 
18.07 
10.33 
18.62 
7.53 
18.50 
11.84 
18.11 
14.63 
16.31 
12.12 
15.57 
8.91 
16.59 
17.08 
4.38 
4.33 
4.29 
16.09 
15.97 
16.09 
15.37 
15.37 
6.72 
15.14 
15.25 
15.02 
14.91 
14.34 
14.57 
14.13 
12.47 
13.25 
10.20 
4.15 
13.82 
13.83 
5.63 
9.92 
13.00 
10.93 
12.82 
11.08 
10.60 
8.48 
11.57 
12.20 
12.42 
11.75 
5.23 
6.18 
11.74 
4.15 
11.80 
11.25 
11.39 
11.43 
10.90 
11.23 
5.31 
2.92 
10.81 
9.55 
9.80 
8.27 
10.29 
5.81 
10.52 
9.66 
10.19 
10.45 
10.16 
10.33 
10.41 
10.13 
9.94 
7.01 
10.30 
10.58 
10.50 
10.50 
10.61 
4.37 
8.61 
3.93 
10.40 
10.52 
10.55 
10.55 
6.20 
7.53 
8.40 
9.09 
10.91 
10.58 
10.62 
11.33 
11.48 
11.83 
11.79 
11.85 
11.91 
12.08 
12.15 
8.16 
11.79 
3.17 
10.74 
11.82 
11.49 
12.28 
12.16 
12.45 
12.54 
12.63 
12.62 
10.16 
12.91 
12.04 
10.94 
6.44 
8.04 
13.52 
12.84 
7.23 
4.70 
4.75 
14.39 
14.62 
13.46 
4.00 
13.21 
13.55 
15.92 
14.84 
4.22 
7.30 
15.20 
16.42 
12.70 
15.30 
10.27 
7.57 
10.18 
7.83 
16.92 
17.31 
16.52 
4.82 
10.68 
6.24 
18.07 
18.60 
16.84 
18.59 
17.89 
12.23 
5.25 
11.71 
20.76 
20.47 
17.76 
16.03 
20.57 
18.97 
21.25 
13.68 
6.46 
16.93 
20.71 
20.38 
21.54 
18.67 
9.92 
22.34 
13.22 
23.02 
21.91 
22.94 
15.21 
20.07 
24.04 
22.28 
24.88 
22.95 
23.05 
23.94 
6.65 
23.82 
23.12 
22.57 
18.82 
15.52 
25.08 
24.20 
11.02 
10.75 
17.78 
27.13 
18.40 
7.17 
21.31 
25.48 
23.91 
26.61 
21.07 
20.63 
20.52 
19.58 
20.79 
24.85 
22.23 
21.95 
27.69 
27.75 
22.60 
16.93 
7.72 
7.75 
29.18 
17.93 
7.83 
7.85 
18.54 
29.41 
28.77 
27.45 
28.16 
9.01 
30.78 
29.79 
25.74 
19.98 
28.18 
14.41 
8.12 
27.57 
28.79 
29.83 
29.00 
26.63 
20.50 
24.95 
27.70 
19.34 
24.14 
15.95 
20.74 
28.62 
30.68 
26.24 
20.95 
24.88 
22.32 
10.70 
25.41 
9.34 
20.11 
30.20 
22.16 
31.56 
31.05 
30.87 
27.11 
17.36 
14.80 
30.50 
29.81 
30.31 
28.08 
27.22 
21.41 
13.72 
18.65 
16.08 
16.41 
8.22 
29.84 
22.67 
15.50 
25.86 
8.15 
29.55 
15.94 
8.11 
8.09 
29.78 
20.26 
23.45 
24.95 
24.24 
26.40 
28.90 
11.98 
19.04 
8.56 
26.21 
23.65 
10.33 
15.68 
9.61 
23.31 
14.73 
11.69 
8.32 
10.29 
8.59 
12.88 
7.53 
22.91 
26.83 
27.26 
24.88 
19.39 
15.72 
7.30 
7.27 
11.64 
7.20 
18.06 
7.12 
17.94 
19.00 
7.01 
6.97 
18.48 
18.57 
12.12 
6.81 
24.54 
23.81 
21.51 
7.91 
9.90 
6.56 
6.83 
6.48 
6.43 
6.39 
20.93 
7.22 
20.89 
21.85 
21.59 
21.93 
20.62 
21.27 
21.30 
20.89 
5.89 
19.79 
21.58 
19.86 
18.15 
17.18 
18.80 
12.69 
20.70 
20.29 
19.61 
16.83 
20.19 
19.79 
17.19 
20.08 
19.81 
19.01 
5.03 
9.13 
14.64 
4.89 
4.84 
16.28 
17.98 
18.24 
12.21 
13.39 
16.71 
5.52 
11.84 
15.22 
12.89 
15.36 
15.24 
13.55 
10.33 
7.74 
15.02 
14.08 
13.85 
3.99 
13.75 
4.71 
12.97 
13.21 
13.78 
14.35 
14.35 
13.91 
13.81 
3.60 
3.57 
3.53 
5.42 
13.31 
12.79 
12.70 
10.85 
11.39 
12.13 
11.85 
10.86 
11.69 
11.72 
11.95 
11.48 
10.72 
9.87 
7.96 
3.05 
11.06 
10.91 
9.80 
2.97 
10.85 
2.94 
11.04 
11.00 
3.83 
10.82 
10.79 
8.34 
3.59 
7.28 
10.21 
8.81 
2.81 
9.70 
9.87 
10.04 
10.40 
10.58 
10.21 
10.12 
8.38 
2.80 
10.60 
8.95 
9.79 
10.36 
2.82 
8.83 
10.15 
5.35 
6.58 
2.87 
10.55 
9.65 
5.92 
10.58 
8.06 
5.91 
8.90 
9.04 
7.93 
11.37 
11.33 
11.39 
11.56 
9.55 
10.80 
10.17 
4.61 
11.01 
12.10 
12.18 
12.57 
12.97 
12.33 
12.84 
11.98 
12.92 
13.44 
12.68 
13.64 
11.68 
14.18 
14.29 
13.95 
3.76 
10.68 
12.24 
3.88 
3.92 
3.96 
15.67 
15.20 
5.15 
15.56 
14.84 
15.08 
16.05 
16.42 
14.82 
16.18 
16.42 
16.93 
13.39 
16.67 
14.24 
6.48 
4.72 
13.13 
16.90 
13.19 
4.91 
16.33 
9.45 
5.46 
13.55 
19.26 
20.50 
14.95 
12.54 
20.06 
5.40 
20.45 
17.88 
13.41 
17.96 
16.91 
16.87 
18.72 
14.73 
16.73 
14.61 
23.32 
23.15 
15.47 
23.84 
7.48 
6.16 
12.92 
23.25 
24.43 
18.84 
22.03 
20.11 
25.35 
23.58 
23.68 
13.54 
22.61 
16.36 
18.03 
24.64 
15.94 
10.71 
24.91 
15.00 
20.88 
10.42 
16.16 
7.10 
12.19 
27.79 
27.05 
12.01 
10.41 
7.31 
27.01 
28.08 
27.65 
26.39 
27.95 
24.01 
22.23 
16.77 
27.69 
27.08 
25.12 
25.33 
29.08 
29.13 
28.00 
25.01 
7.83 
27.63 
7.88 
13.15 
23.34 
29.82 
28.50 
10.37 
23.47 
23.50 
30.33 
29.68 
8.09 
8.10 
26.87 
29.62 
19.07 
21.13 
26.44 
26.29 
16.23 
27.69 
18.99 
20.71 
22.94 
13.90 
8.27 
13.74 
26.92 
23.33 
27.10 
29.50 
30.36 
20.45 
17.89 
19.26 
27.29 
22.16 
20.97 
17.72 
20.45 
19.08 
24.72 
22.15 
18.21 
16.16 
23.15 
8.29 
8.28 
27.73 
19.53 
23.10 
27.52 
30.06 
8.23 
17.93 
8.21 
22.50 
25.71 
25.35 
20.23 
24.29 
8.12 
21.35 
14.54 
23.68 
8.06 
28.53 
20.71 
14.26 
29.45 
28.56 
27.51 
28.15 
24.57 
29.41 
28.36 
27.47 
16.68 
7.76 
17.28 
15.74 
15.03 
23.84 
15.96 
18.58 
22.35 
18.82 
12.47 
7.47 
23.95 
7.40 
27.12 
23.60 
22.55 
8.90 
7.23 
7.20 
21.31 
7.12 
17.29 
15.13 
16.36 
24.50 
19.12 
15.21 
15.15 
16.68 
13.12 
6.73 
10.32 
17.02 
10.84 
6.56 
15.71 
18.27 
6.43 
6.39 
20.78 
24.20 
21.80 
16.69 
13.73 
23.14 
8.32 
6.03 
5.98 
5.93 
5.89 
5.84 
5.79 
22.91 
22.20 
16.89 
16.36 
16.54 
21.27 
18.17 
16.09 
18.78 
13.80 
6.65 
14.44 
19.53 
19.54 
19.14 
14.58 
17.82 
17.16 
4.89 
18.63 
9.88 
17.46 
17.98 
17.98 
14.67 
11.01 
5.27 
17.33 
16.46 
14.00 
11.68 
4.29 
4.25 
16.45 
13.94 
7.20 
15.61 
15.14 
12.82 
15.25 
10.21 
13.54 
14.46 
14.35 
14.35 
12.80 
11.82 
13.26 
11.21 
11.77 
9.11 
13.41 
13.73 
9.43 
13.33 
13.45 
13.25 
5.87 
12.36 
12.89 
11.90 
12.02 
6.96 
12.37 
12.10 
11.44 
11.96 
11.99 
11.84 
11.39 
11.62 
11.47 
11.51 
11.09 
10.47 
9.12 
10.58 
10.64 
10.23 
4.62 
10.73 
10.24 
6.15 
10.47 
10.17 
10.25 
10.42 
10.14 
10.31 
6.27 
10.03 
8.01 
10.31 
9.67 
3.62 
10.33 
2.81 
10.36 
2.82 
4.77 
10.43 
10.27 
2.86 
10.33 
9.99 
10.40 
10.44 
9.16 
8.06 
11.14 
6.61 
11.25 
11.31 
11.46 
8.21 
11.78 
11.85 
11.92 
12.19 
11.67 
11.34 
12.02 
11.29 
12.90 
12.67 
12.66 
12.44 
3.41 
11.14 
12.92 
13.34 
13.33 
13.64 
13.64 
10.45 
13.74 
11.62 
14.29 
12.48 
12.01 
6.85 
3.92 
15.20 
6.22 
11.21 
15.80 
15.32 
11.37 
15.44 
14.35 
15.81 
15.19 
14.56 
13.18 
15.92 
6.81 
4.58 
8.98 
4.67 
8.61 
17.96 
18.22 
19.14 
15.29 
16.47 
18.20 
19.28 
18.59 
19.81 
19.67 
18.00 
19.51 
17.68 
7.09 
19.61 
21.15 
21.00 
18.25 
6.94 
5.69 
20.04 
21.62 
14.08 
22.60 
22.58 
22.25 
22.67 
22.79 
22.60 
22.72 
21.91 
6.25 
6.30 
24.55 
24.35 
19.02 
20.20 
21.08 
22.90 
19.84 
20.08 
25.72 
25.50 
19.38 
19.78 
26.27 
24.11 
26.45 
26.54 
26.63 
16.64 
20.13 
19.38 
17.48 
25.90 
20.06 
26.87 
26.28 
21.23 
15.99 
23.34 
26.55 
25.62 
20.85 
11.22 
17.27 
28.86 
21.55 
7.67 
15.59 
9.24 
27.28 
30.03 
29.91 
28.26 
23.91 
30.55 
18.91 
21.31 
19.31 
7.97 
28.71 
25.34 
29.96 
25.40 
23.21 
26.65 
29.91 
29.76 
18.71 
27.76 
19.25 
30.71 
30.21 
24.77 
13.17 
17.96 
23.96 
26.19 
29.62 
11.34 
20.24 
29.48 
28.80 
27.10 
21.29 
19.76 
13.61 
12.76 
31.05 
30.71 
20.80 
18.40 
8.32 
25.75 
8.31 
8.31 
27.79 
12.23 
21.96 
20.76 
18.19 
8.28 
8.28 
14.75 
24.29 
15.24 
15.91 
26.81 
26.45 
30.01 
14.50 
21.63 
22.80 
25.67 
26.50 
23.07 
16.43 
11.48 
8.58 
17.04 
13.80 
19.87 
21.02 
26.91 
15.39 
29.54 
23.76 
29.79 
26.05 
7.84 
29.83 
29.78 
18.16 
29.01 
28.28 
19.54 
14.33 
7.62 
22.41 
28.17 
17.82 
15.12 
15.24 
17.51 
24.88 
11.82 
9.64 
7.30 
8.90 
10.50 
18.77 
25.70 
26.11 
22.47 
21.59 
7.01 
11.47 
6.93 
7.69 
17.38 
21.77 
17.88 
21.60 
6.69 
13.56 
6.61 
17.50 
20.84 
20.44 
16.33 
15.48 
7.73 
6.30 
17.08 
7.12 
15.24 
20.73 
18.52 
6.03 
11.04 
5.93 
22.40 
22.58 
22.31 
22.33 
20.61 
17.90 
19.51 
14.97 
16.16 
5.46 
19.61 
18.50 
19.78 
14.53 
14.85 
5.58 
19.41 
19.14 
18.34 
12.87 
13.04 
5.68 
11.01 
4.79 
11.62 
10.89 
7.09 
17.72 
17.34 
16.71 
15.21 
11.13 
15.48 
5.07 
5.87 
16.21 
13.57 
4.16 
15.37 
14.20 
14.67 
14.79 
11.56 
5.17 
3.87 
3.83 
3.79 
3.75 
4.93 
3.68 
4.95 
13.27 
13.71 
5.46 
12.98 
12.89 
12.27 
12.81 
7.63 
3.34 
8.44 
12.26 
12.07 
5.14 
4.10 
11.95 
8.70 
6.28 
10.56 
11.57 
8.01 
3.03 
5.03 
9.61 
9.75 
10.66 
10.90 
2.92 
2.91 
10.58 
10.92 
10.14 
10.57 
10.54 
10.61 
10.40 
10.38 
9.90 
10.25 
10.15 
9.77 
7.93 
8.02 
10.30 
9.75 
9.67 
10.50 
10.23 
5.37 
8.32 
10.27 
9.46 
10.13 
10.43 
10.36 
10.02 
10.89 
10.93 
10.87 
10.16 
6.32 
10.91 
10.48 
11.20 
11.15 
11.31 
11.46 
11.04 
11.39 
9.10 
10.83 
11.00 
7.37 
3.20 
8.58 
11.69 
11.87 
11.95 
12.14 
12.75 
12.52 
6.81 
10.27 
13.34 
12.90 
13.86 
13.42 
13.30 
9.54 
14.18 
14.06 
14.06 
14.51 
6.62 
14.51 
14.39 
4.00 
12.62 
10.47 
10.80 
13.17 
15.81 
15.93 
16.17 
15.19 
16.05 
15.05 
15.54 
4.91 
9.29 
16.03 
16.92 
15.88 
17.04 
4.82 
8.30 
4.91 
11.12 
9.05 
19.28 
18.73 
12.69 
14.43 
19.94 
20.21 
19.92 
19.76 
19.89 
10.90 
20.85 
17.96 
14.02 
8.59 
19.45 
8.57 
5.83 
13.72 
22.43 
22.40 
22.37 
23.39 
22.91 
21.35 
22.98 
22.33 
22.59 
12.05 
24.51 
24.31 
24.57 
24.83 
24.31 
25.04 
19.77 
12.56 
14.37 
24.32 
25.05 
24.02 
25.08 
22.26 
22.99 
15.29 
21.03 
18.33 
21.34 
24.68 
25.41 
7.24 
24.24 
25.46 
25.03 
25.10 
26.82 
26.06 
14.14 
27.85 
20.56 
26.30 
28.53 
24.56 
23.77 
22.14 
8.23 
21.89 
7.78 
25.69 
21.85 
29.15 
28.69 
29.07 
29.45 
28.30 
17.81 
15.12 
8.01 
26.39 
16.89 
28.15 
24.26 
30.42 
24.82 
28.93 
22.14 
30.86 
8.18 
21.51 
21.18 
20.00 
30.95 
26.01 
15.43 
12.19 
26.55 
21.95 
26.40 
31.03 
26.93 
25.57 
19.25 
31.05 
30.71 
29.00 
22.51 
20.45 
14.30 
20.97 
19.60 
14.12 
8.31 
18.56 
11.38 
8.30 
8.30 
18.02 
28.43 
29.27 
24.99 
26.17 
20.02 
18.47 
26.47 
10.78 
18.77 
13.81 
25.03 
30.45 
30.26 
11.03 
8.63 
13.20 
24.38 
15.20 
18.23 
19.89 
15.97 
8.00 
29.78 
23.66 
16.54 
7.91 
11.76 
10.73 
8.68 
29.66 
7.79 
7.76 
12.43 
20.59 
24.22 
27.18 
13.12 
17.75 
13.21 
11.35 
25.89 
26.00 
8.59 
12.52 
13.13 
7.34 
22.72 
13.65 
7.23 
7.20 
25.22 
19.30 
26.68 
26.60 
25.06 
26.59 
15.91 
9.77 
11.00 
23.04 
25.33 
14.64 
7.95 
6.65 
15.22 
24.21 
25.05 
21.06 
6.43 
18.41 
22.77 
22.06 
17.99 
15.62 
14.63 
18.77 
20.77 
14.09 
13.72 
11.86 
15.62 
12.74 
17.49 
5.75 
20.76 
15.16 
8.47 
5.56 
21.13 
16.76 
21.01 
20.88 
20.89 
19.93 
18.56 
19.26 
5.13 
12.38 
19.28 
11.13 
15.83 
16.78 
16.66 
17.45 
18.11 
18.11 
10.42 
4.61 
14.81 
17.46 
13.09 
16.83 
15.97 
4.33 
16.46 
14.16 
16.21 
15.73 
8.74 
15.73 
14.55 
14.56 
15.14 
13.53 
14.91 
13.89 
3.79 
7.66 
14.02 
14.13 
8.89 
14.25 
3.78 
3.53 
12.34 
13.20 
13.42 
13.64 
6.59 
12.73 
12.75 
11.64 
12.78 
10.58 
10.62 
3.17 
11.68 
11.61 
4.86 
11.47 
11.51 
11.06 
11.00 
10.76 
2.97 
4.67 
10.14 
6.23 
4.32 
2.89 
6.15 
10.51 
10.39 
9.61 
10.52 
10.49 
2.82 
6.59 
8.41 
4.64 
10.41 
6.92 
8.20 
2.79 
6.82 
5.82 
9.95 
9.68 
10.15 
10.07 
9.81 
2.82 
9.02 
10.06 
3.31 
4.98 
10.39 
10.61 
10.83 
10.87 
11.19 
11.14 
10.24 
11.33 
11.39 
10.10 
11.60 
11.07 
8.12 
11.78 
10.18 
11.52 
12.09 
7.07 
3.20 
11.31 
11.69 
11.46 
12.37 
12.56 
12.54 
12.63 
11.67 
12.39 
12.80 
3.54 
11.26 
13.31 
3.65 
8.66 
3.72 
13.39 
10.11 
11.90 
11.65 
11.28 
3.96 
14.85 
14.73 
7.28 
15.09 
8.85 
4.22 
5.84 
15.44 
15.07 
15.56 
16.05 
15.80 
10.60 
7.00 
12.70 
14.34 
6.41 
11.95 
12.04 
17.82 
18.75 
13.79 
9.99 
15.08 
15.87 
19.26 
19.12 
13.43 
5.30 
16.13 
17.79 
19.18 
11.19 
17.27 
16.66 
14.02 
20.65 
15.37 
19.57 
21.01 
21.57 
21.09 
20.91 
21.92 
16.31 
10.50 
22.26 
19.63 
23.25 
23.36 
19.15 
6.39 
7.21 
23.63 
15.44 
20.23 
20.79 
21.03 
24.29 
21.37 
23.21 
21.37 
22.10 
22.18 
22.58 
10.05 
7.02 
23.47 
19.31 
7.13 
20.26 
25.24 
25.81 
24.24 
20.84 
24.04 
25.93 
26.65 
18.91 
12.14 
27.68 
19.06 
25.46 
26.02 
19.37 
7.67 
23.15 
27.74 
28.80 
27.84 
8.48 
27.08 
25.10 
18.87 
16.20 
25.38 
27.79 
28.33 
22.76 
18.88 
19.76 
13.32 
17.43 
8.94 
24.97 
13.23 
30.30 
29.30 
16.70 
24.22 
27.82 
23.40 
21.20 
30.09 
20.20 
8.25 
11.68 
8.27 
20.07 
29.82 
30.34 
29.49 
21.81 
20.10 
9.16 
10.53 
20.11 
9.68 
8.32 
8.32 
8.32 
25.92 
30.36 
25.23 
28.47 
29.32 
26.23 
19.05 
21.44 
8.28 
27.39 
25.67 
25.66 
31.61 
29.72 
26.30 
8.22 
8.21 
8.20 
8.18 
11.91 
24.99 
8.14 
8.12 
30.18 
27.95 
8.07 
22.63 
23.45 
28.50 
8.00 
29.45 
24.68 
7.93 
7.91 
7.89 
18.64 
9.52 
27.81 
24.91 
20.84 
23.65 
27.95 
23.55 
26.84 
23.79 
7.59 
26.01 
23.96 
25.89 
7.47 
20.49 
21.75 
22.35 
16.37 
11.57 
25.76 
24.55 
22.52 
15.13 
7.12 
7.09 
13.51 
7.01 
23.69 
17.20 
13.61 
8.29 
15.40 
12.96 
23.65 
18.36 
21.58 
14.75 
9.84 
23.34 
23.39 
22.98 
6.39 
20.78 
23.59 
23.17 
14.71 
22.20 
21.33 
11.02 
6.03 
5.98 
14.53 
15.33 
15.38 
8.42 
5.75 
5.70 
16.17 
21.23 
20.68 
20.70 
20.43 
20.45 
7.18 
13.24 
19.37 
18.56 
19.53 
13.15 
15.63 
16.32 
14.07 
17.83 
17.70 
17.84 
10.41 
4.75 
5.73 
17.59 
14.67 
16.58 
13.19 
15.96 
11.87 
12.27 
5.07 
16.22 
16.09 
15.13 
14.06 
6.37 
6.66 
13.50 
13.63 
3.95 
3.91 
11.15 
14.12 
13.11 
8.10 
13.13 
12.81 
12.61 
3.60 
11.45 
12.75 
12.23 
3.47 
12.27 
12.29 
11.06 
12.01 
11.93 
11.64 
11.77 
11.59 
11.22 
3.17 
5.62 
11.21 
3.88 
10.50 
10.83 
11.25 
10.14 
10.85 
10.13 
10.37 
6.44 
10.38 
10.34 
10.77 
6.43 
10.51 
7.97 
10.54 
10.24 
10.03 
9.64 
10.17 
8.05 
2.80 
10.32 
9.94 
10.21 
5.63 
9.48 
9.85 
8.48 
8.85 
10.15 
9.61 
9.72 
10.01 
9.66 
10.24 
10.45 
7.79 
9.77 
10.74 
10.40 
6.86 
4.62 
10.05 
10.10 
10.05 
11.25 
10.92 
10.78 
11.33 
10.12 
10.97 
11.43 
11.20 
9.17 
11.64 
11.31 
11.59 
9.32 
3.31 
11.42 
12.02 
12.11 
12.19 
10.80 
12.37 
8.27 
12.56 
12.22 
13.08 
3.68 
5.61 
5.22 
3.80 
11.67 
13.82 
13.36 
13.11 
11.70 
6.98 
14.61 
12.94 
10.41 
4.22 
4.26 
14.46 
16.05 
15.56 
10.43 
7.13 
9.21 
7.38 
4.63 
15.89 
4.72 
15.61 
16.77 
10.42 
16.62 
16.47 
18.07 
5.06 
15.18 
15.84 
17.60 
17.31 
11.71 
17.40 
20.89 
20.74 
20.01 
13.70 
11.20 
13.73 
21.95 
21.79 
20.45 
19.24 
16.83 
13.66 
20.91 
15.32 
21.13 
20.79 
17.70 
6.21 
17.89 
12.45 
23.01 
22.80 
23.37 
18.80 
17.32 
21.01 
23.31 
6.65 
6.69 
16.12 
19.06 
23.93 
6.86 
6.90 
11.94 
9.73 
10.10 
19.08 
10.52 
19.21 
19.11 
25.41 
7.24 
24.73 
12.59 
12.64 
19.80 
21.68 
10.77 
27.62 
23.51 
24.07 
26.63 
20.16 
24.40 
18.74 
17.10 
7.72 
7.75 
28.34 
24.51 
17.29 
23.24 
23.95 
20.94 
24.53 
27.62 
26.30 
23.78 
28.23 
16.02 
19.28 
25.09 
26.82 
28.20 
24.14 
28.59 
25.38 
8.17 
9.37 
8.19 
25.45 
8.22 
19.16 
15.93 
31.66 
21.59 
26.73 
26.91 
25.38 
20.94 
13.25 
18.05 
13.09 
20.79 
21.13 
12.07 
8.32 
22.51 
14.13 
15.15 
18.91 
19.93 
8.31 
28.64 
24.87 
24.70 
8.30 
10.34 
13.92 
20.73 
14.24 
27.53 
8.25 
22.22 
8.23 
14.52 
8.21 
27.94 
21.63 
8.17 
28.05 
16.81 
18.83 
18.63 
18.95 
17.91 
19.07 
20.06 
8.02 
8.00 
7.98 
15.05 
16.37 
20.90 
26.76 
21.50 
7.84 
28.15 
20.88 
12.79 
17.45 
13.56 
7.68 
8.49 
8.62 
22.07 
15.71 
20.31 
27.72 
18.39 
17.84 
16.97 
24.16 
24.26 
18.62 
13.81 
22.26 
23.01 
20.50 
14.91 
7.09 
19.81 
20.55 
26.10 
21.37 
19.21 
9.25 
17.15 
6.77 
11.00 
6.69 
8.38 
25.41 
24.68 
23.96 
6.48 
18.34 
17.79 
19.09 
7.83 
6.26 
6.21 
8.89 
6.12 
17.62 
6.03 
5.98 
22.38 
18.57 
19.64 
20.26 
5.75 
5.70 
18.91 
8.33 
9.41 
17.43 
5.46 
15.53 
5.37 
5.32 
19.93 
12.79 
16.25 
19.13 
18.87 
15.38 
13.54 
15.43 
10.04 
4.84 
4.79 
17.85 
17.59 
17.98 
17.34 
17.34 
15.20 
8.09 
9.14 
12.27 
11.32 
14.51 
15.73 
15.37 
14.66 
13.60 
4.66 
4.03 
3.99 
3.95 
5.97 
14.57 
14.23 
13.78 
13.90 
12.80 
3.68 
12.82 
13.05 
7.35 
9.32 
13.19 
13.10 
10.59 
3.40 
9.91 
12.42 
12.65 
9.09 
10.15 
8.37 
11.02 
8.36 
9.00 
8.65 
11.64 
3.07 
11.61 
3.03 
9.17 
10.85 
10.23 
10.66 
10.61 
10.57 
6.20 
7.49 
10.54 
2.87 
10.01 
9.71 
9.77 
10.31 
7.89 
2.81 
8.50 
9.69 
7.48 
10.04 
9.85 
10.12 
10.40 
9.94 
10.31 
10.05 
6.57 
9.79 
9.72 
10.10 
10.22 
10.06 
