20050101
9.57 
10.15 
9.99 
9.84 
2.84 
9.45 
10.14 
9.53 
8.35 
9.62 
9.67 
9.53 
10.25 
11.17 
10.27 
10.33 
10.20 
11.54 
10.33 
10.79 
9.67 
7.12 
6.26 
10.68 
5.75 
7.65 
10.61 
8.92 
10.56 
11.59 
12.53 
12.31 
12.83 
7.72 
10.19 
10.94 
3.71 
3.75 
5.93 
13.68 
3.87 
13.32 
14.12 
13.42 
10.37 
4.08 
8.52 
4.17 
15.42 
16.26 
15.42 
15.41 
14.17 
12.54 
11.76 
16.78 
15.89 
16.65 
17.68 
17.68 
18.20 
15.05 
18.86 
18.86 
18.73 
18.73 
18.18 
18.72 
16.52 
19.80 
20.48 
20.48 
11.65 
20.74 
18.18 
20.43 
21.56 
19.68 
18.79 
9.18 
21.64 
21.91 
21.88 
22.60 
22.13 
18.67 
22.81 
22.03 
22.75 
6.93 
19.02 
18.50 
23.35 
23.00 
22.33 
22.28 
10.85 
6.54 
22.58 
11.82 
17.40 
20.48 
25.01 
23.20 
25.04 
22.89 
26.51 
19.36 
24.27 
22.90 
27.68 
24.51 
19.05 
27.44 
28.67 
24.48 
27.84 
12.11 
19.24 
23.93 
29.62 
22.39 
25.44 
22.00 
25.39 
26.94 
27.34 
30.07 
27.78 
19.78 
28.89 
23.73 
21.25 
28.19 
21.16 
7.87 
16.17 
24.81 
22.48 
21.67 
25.26 
27.32 
29.90 
27.21 
22.15 
22.86 
23.90 
21.37 
20.38 
24.99 
28.24 
25.88 
31.17 
29.83 
21.84 
8.23 
29.88 
29.72 
24.11 
28.55 
30.10 
31.64 
23.30 
30.29 
31.49 
30.65 
28.09 
26.73 
30.14 
25.88 
30.49 
29.80 
28.27 
26.05 
10.53 
12.58 
8.31 
22.96 
8.30 
31.12 
30.77 
28.38 
8.28 
26.99 
28.51 
31.38 
29.67 
25.57 
23.34 
24.52 
25.86 
23.29 
31.07 
22.40 
24.41 
18.80 
21.14 
25.86 
23.46 
15.83 
8.54 
17.80 
7.99 
8.82 
20.92 
25.43 
7.91 
17.46 
29.68 
27.79 
21.71 
25.52 
25.81 
19.58 
13.37 
27.82 
27.44 
25.88 
20.69 
16.00 
18.60 
27.96 
22.29 
8.74 
15.11 
25.23 
10.76 
7.29 
23.07 
27.39 
26.67 
24.80 
24.57 
23.84 
16.04 
18.87 
22.64 
23.68 
25.98 
19.54 
19.30 
24.91 
20.72 
24.72 
18.05 
24.21 
23.48 
18.89 
11.70 
14.25 
24.92 
22.36 
21.19 
15.93 
6.18 
6.13 
6.09 
6.04 
19.96 
21.93 
16.36 
5.85 
5.81 
9.10 
7.45 
10.99 
19.36 
15.26 
13.32 
16.90 
11.74 
5.38 
9.91 
6.11 
9.21 
17.75 
20.07 
18.73 
7.86 
18.74 
18.88 
18.35 
17.30 
10.27 
5.53 
15.13 
17.83 
17.45 
17.57 
15.81 
15.57 
10.99 
4.38 
15.09 
11.70 
15.22 
15.70 
13.80 
11.56 
13.34 
14.99 
10.59 
14.87 
13.84 
14.41 
13.74 
11.28 
13.86 
11.21 
12.99 
12.56 
12.46 
12.15 
12.27 
11.44 
10.09 
11.68 
12.43 
8.83 
11.23 
10.43 
5.69 
9.98 
10.62 
11.34 
11.86 
11.69 
11.52 
10.57 
10.03 
8.71 
10.30 
10.81 
10.76 
9.76 
10.08 
9.76 
9.81 
8.46 
8.80 
10.06 
9.65 
8.06 
7.67 
9.56 
10.09 
9.42 
10.04 
10.02 
10.19 
10.36 
10.07 
9.98 
10.06 
7.26 
9.88 
9.97 
9.89 
9.98 
9.54 
7.74 
7.94 
8.68 
3.23 
8.99 
10.39 
2.80 
2.82 
2.83 
8.95 
10.29 
9.12 
10.09 
10.52 
9.06 
9.20 
3.63 
10.35 
8.96 
10.95 
9.07 
7.66 
3.49 
3.12 
6.03 
6.97 
9.53 
9.80 
11.09 
10.97 
12.38 
8.85 
10.58 
3.42 
4.93 
9.77 
9.52 
12.73 
11.09 
11.40 
12.70 
12.58 
13.68 
13.01 
13.56 
13.33 
14.12 
14.47 
11.09 
14.23 
7.39 
15.29 
15.65 
15.54 
16.26 
15.54 
11.97 
16.65 
15.53 
15.40 
16.53 
11.32 
4.63 
17.29 
17.81 
18.07 
17.68 
17.28 
17.80 
17.79 
18.19 
17.51 
18.85 
10.91 
17.18 
19.37 
19.64 
16.55 
18.49 
18.18 
13.04 
20.84 
15.80 
19.65 
18.18 
21.78 
18.83 
21.59 
18.61 
19.16 
15.83 
22.21 
20.68 
21.39 
20.74 
16.58 
20.95 
17.98 
14.68 
13.52 
17.62 
23.00 
21.07 
21.32 
22.99 
11.56 
22.23 
22.47 
19.85 
23.61 
20.49 
13.18 
17.26 
25.24 
25.97 
23.14 
25.65 
24.92 
23.85 
15.74 
21.53 
24.72 
20.83 
26.34 
26.07 
21.67 
19.08 
20.79 
10.86 
19.89 
17.44 
19.82 
7.66 
17.40 
22.80 
7.74 
16.67 
26.80 
28.19 
27.90 
22.21 
24.61 
27.35 
27.55 
8.98 
18.82 
27.49 
28.71 
8.89 
14.17 
8.08 
29.51 
29.87 
23.10 
23.29 
23.65 
19.75 
9.55 
26.09 
21.50 
26.46 
17.61 
24.95 
27.52 
14.92 
26.18 
23.46 
19.89 
23.30 
29.45 
29.62 
29.97 
29.29 
17.87 
8.83 
8.32 
22.13 
13.26 
20.42 
18.89 
23.48 
29.78 
22.28 
8.81 
30.27 
30.09 
27.69 
24.11 
23.76 
28.34 
30.02 
30.69 
27.27 
10.43 
26.38 
23.14 
29.57 
21.57 
18.33 
10.17 
10.16 
24.02 
19.26 
11.29 
10.25 
29.32 
24.56 
17.27 
27.02 
23.45 
13.82 
17.83 
14.77 
23.80 
17.39 
17.19 
8.95 
21.63 
25.09 
21.87 
18.66 
25.61 
24.39 
25.66 
12.85 
13.81 
11.95 
10.75 
9.23 
8.21 
7.36 
25.17 
25.26 
21.93 
9.98 
7.18 
7.14 
25.21 
11.42 
21.19 
23.52 
6.95 
14.74 
21.68 
6.83 
16.45 
6.75 
21.51 
7.61 
17.89 
6.58 
15.40 
23.69 
23.44 
19.49 
20.62 
23.12 
23.62 
22.30 
16.90 
16.97 
6.09 
20.66 
20.56 
19.71 
10.47 
14.36 
18.07 
7.36 
20.46 
19.48 
5.62 
14.40 
18.99 
8.58 
19.60 
17.94 
6.30 
17.57 
15.94 
17.07 
14.51 
15.48 
15.24 
12.60 
14.23 
17.43 
15.60 
16.92 
14.85 
16.29 
17.70 
16.68 
13.91 
16.44 
14.32 
12.35 
14.10 
4.33 
13.40 
15.22 
4.20 
8.08 
12.15 
4.07 
14.75 
14.06 
6.59 
14.30 
14.41 
7.31 
13.29 
14.08 
13.31 
13.75 
13.65 
12.25 
12.69 
11.42 
12.60 
10.72 
11.58 
12.12 
12.03 
12.05 
9.82 
11.58 
11.19 
11.82 
11.44 
7.70 
3.12 
4.47 
3.07 
3.05 
3.02 
9.72 
11.00 
10.95 
10.04 
10.74 
10.60 
9.62 
9.30 
3.69 
2.84 
2.83 
9.71 
10.32 
10.11 
4.24 
9.88 
10.13 
8.30 
9.37 
9.72 
10.07 
6.99 
8.52 
9.97 
9.34 
5.91 
6.90 
6.91 
2.75 
8.65 
9.03 
5.22 
7.42 
3.42 
7.74 
5.19 
4.75 
4.67 
9.42 
10.29 
9.49 
9.53 
10.05 
10.28 
8.72 
10.01 
10.25 
7.62 
6.41 
11.01 
11.47 
11.05 
8.85 
10.99 
11.06 
4.71 
8.69 
12.01 
11.17 
3.32 
11.33 
12.98 
13.18 
13.28 
12.64 
12.63 
13.16 
12.72 
12.82 
13.36 
12.91 
3.75 
12.33 
14.13 
14.81 
15.04 
12.39 
14.12 
15.05 
14.58 
12.80 
14.58 
14.69 
15.66 
16.51 
16.27 
15.41 
16.15 
16.03 
16.91 
14.75 
7.70 
4.68 
4.73 
4.77 
4.82 
8.04 
17.80 
17.26 
17.79 
16.96 
14.77 
18.71 
18.97 
16.19 
17.00 
5.36 
14.55 
9.56 
5.50 
8.70 
5.60 
15.90 
19.77 
17.85 
7.99 
19.82 
18.90 
17.37 
16.43 
21.92 
19.17 
9.00 
20.74 
19.93 
20.49 
24.58 
17.61 
17.38 
21.35 
22.07 
22.79 
23.20 
19.21 
12.98 
18.11 
24.70 
15.08 
6.84 
17.93 
25.55 
25.15 
8.77 
22.57 
21.68 
12.16 
7.15 
24.34 
27.03 
26.78 
24.06 
18.69 
23.86 
7.40 
26.31 
14.60 
27.26 
19.68 
26.89 
26.94 
22.99 
12.84 
26.10 
14.59 
16.30 
27.09 
26.97 
24.15 
11.72 
26.76 
26.46 
26.33 
27.72 
9.32 
7.99 
8.01 
11.93 
23.65 
26.90 
25.23 
24.24 
27.66 
21.91 
8.15 
20.24 
29.96 
29.13 
17.06 
26.27 
24.41 
16.42 
17.45 
27.01 
26.17 
10.32 
14.08 
8.29 
8.30 
8.30 
24.51 
12.57 
10.70 
8.32 
8.32 
8.32 
8.32 
8.32 
8.32 
28.43 
25.87 
20.07 
8.31 
20.91 
19.37 
8.29 
24.97 
24.79 
23.93 
14.22 
15.91 
15.38 
21.83 
20.97 
17.89 
23.31 
27.70 
22.25 
10.87 
8.14 
16.09 
22.16 
17.74 
8.07 
23.94 
22.05 
22.03 
7.99 
7.97 
18.06 
20.55 
25.39 
15.27 
14.07 
7.83 
7.81 
22.51 
27.65 
25.93 
18.21 
24.66 
24.61 
13.09 
22.68 
20.80 
13.97 
24.66 
25.43 
23.22 
20.21 
23.27 
21.56 
24.12 
23.40 
22.84 
22.77 
18.65 
7.11 
12.71 
17.65 
19.99 
19.12 
6.91 
14.68 
6.83 
6.79 
12.44 
22.45 
16.24 
15.86 
22.34 
20.84 
17.65 
24.06 
21.95 
22.31 
19.00 
22.71 
17.60 
16.60 
9.29 
9.38 
22.16 
16.84 
5.95 
13.71 
22.86 
22.15 
21.60 
20.46 
20.49 
20.37 
16.40 
5.52 
9.00 
6.41 
5.38 
5.33 
5.28 
11.82 
7.91 
5.13 
5.09 
5.04 
13.27 
13.43 
4.89 
11.01 
7.01 
12.13 
11.01 
17.06 
16.05 
16.81 
16.31 
15.94 
16.44 
16.31 
15.70 
13.52 
12.45 
13.07 
13.44 
12.50 
4.66 
11.49 
13.25 
11.65 
13.84 
14.30 
9.79 
13.18 
9.08 
8.89 
8.93 
12.67 
11.81 
12.80 
12.27 
11.23 
3.45 
3.42 
4.84 
3.35 
11.23 
11.25 
7.42 
10.19 
11.82 
11.54 
10.77 
9.92 
9.76 
9.99 
10.90 
10.26 
8.95 
9.48 
10.19 
5.12 
10.46 
9.10 
9.99 
6.41 
10.93 
9.41 
9.01 
4.93 
4.00 
2.79 
7.35 
9.24 
8.68 
9.93 
7.56 
9.45 
9.53 
8.89 
9.34 
8.52 
8.52 
3.28 
3.92 
4.65 
2.75 
3.21 
8.03 
9.23 
8.79 
8.72 
10.12 
9.78 
9.07 
9.47 
10.25 
8.99 
9.86 
9.35 
9.11 
2.92 
2.94 
2.96 
2.98 
3.00 
9.40 
9.55 
3.07 
4.77 
3.12 
3.15 
3.18 
4.11 
10.41 
5.19 
3.29 
8.47 
3.36 
3.39 
11.92 
11.28 
10.09 
10.59 
11.32 
11.85 
11.07 
12.48 
12.13 
11.90 
13.01 
12.54 
11.85 
15.27 
14.70 
14.24 
14.47 
13.64 
15.53 
11.11 
4.21 
11.17 
15.42 
14.55 
13.18 
13.79 
4.49 
12.74 
17.04 
16.14 
15.62 
14.18 
9.08 
8.63 
16.62 
17.93 
17.26 
17.11 
13.72 
5.11 
16.24 
18.15 
18.96 
12.13 
20.75 
16.38 
19.03 
17.87 
16.99 
14.65 
17.34 
5.70 
20.18 
10.48 
22.33 
21.27 
10.84 
19.86 
17.42 
6.08 
21.39 
20.13 
13.08 
16.82 
20.44 
21.46 
17.85 
11.11 
20.98 
20.92 
6.58 
22.36 
6.67 
6.71 
17.23 
20.65 
20.41 
19.21 
17.52 
17.26 
7.00 
7.04 
7.08 
7.11 
13.67 
19.44 
15.90 
25.47 
23.73 
24.29 
26.17 
23.27 
24.98 
16.09 
17.80 
7.53 
27.05 
26.94 
20.49 
7.66 
19.91 
7.71 
21.84 
16.51 
20.91 
24.32 
25.37 
11.08 
16.34 
20.93 
25.53 
17.44 
18.65 
26.98 
23.62 
22.46 
24.02 
20.48 
16.93 
16.79 
28.03 
23.46 
27.73 
21.11 
16.36 
18.59 
8.22 
21.01 
8.24 
22.22 
28.54 
27.70 
23.62 
22.95 
20.91 
13.92 
8.30 
8.31 
8.31 
8.31 
8.32 
21.79 
11.22 
13.95 
26.90 
14.80 
26.90 
26.21 
13.94 
20.23 
21.59 
10.85 
8.29 
19.86 
18.15 
26.82 
28.85 
15.57 
13.17 
27.78 
27.93 
23.16 
24.50 
24.48 
14.28 
28.67 
21.87 
8.12 
28.26 
27.89 
8.07 
11.77 
18.34 
26.25 
25.54 
28.54 
27.32 
28.46 
28.25 
26.03 
24.81 
11.86 
22.21 
7.78 
10.26 
13.74 
25.04 
22.16 
23.61 
23.23 
13.89 
10.37 
8.68 
7.49 
12.07 
17.46 
13.31 
7.36 
7.32 
9.58 
12.63 
8.36 
13.03 
25.13 
10.34 
16.58 
25.21 
22.08 
19.12 
19.05 
24.55 
18.90 
22.79 
10.07 
8.44 
24.56 
24.78 
18.75 
15.24 
17.65 
17.88 
6.41 
6.36 
10.90 
6.27 
23.66 
22.79 
21.03 
13.88 
20.07 
17.58 
18.82 
18.57 
11.72 
12.81 
17.38 
5.71 
5.66 
5.62 
5.57 
5.52 
5.47 
5.42 
16.12 
19.49 
16.74 
18.55 
18.70 
17.77 
5.09 
5.31 
16.47 
12.11 
17.82 
13.37 
17.31 
13.56 
16.42 
14.89 
13.89 
11.89 
15.68 
14.07 
15.57 
16.68 
4.33 
10.97 
4.24 
14.62 
15.70 
15.81 
15.34 
15.10 
3.99 
13.60 
14.75 
14.64 
14.30 
14.08 
14.63 
13.42 
14.19 
13.65 
12.79 
7.53 
12.17 
11.97 
3.45 
6.24 
12.33 
11.72 
11.95 
9.21 
9.14 
11.90 
11.52 
12.14 
11.57 
10.90 
3.09 
4.82 
9.83 
7.85 
9.91 
10.53 
11.04 
10.61 
10.37 
9.57 
6.07 
6.97 
9.63 
5.52 
7.16 
3.64 
9.04 
5.72 
9.90 
8.79 
10.04 
10.11 
9.74 
9.18 
9.44 
8.80 
8.25 
7.98 
9.34 
9.43 
8.89 
9.26 
7.73 
2.76 
5.21 
5.59 
8.61 
8.54 
9.57 
8.65 
5.47 
4.75 
8.92 
7.19 
9.73 
9.49 
6.16 
9.86 
9.62 
9.48 
9.82 
10.54 
9.92 
10.85 
10.04 
5.90 
11.34 
10.53 
10.30 
8.87 
11.24 
12.43 
11.70 
11.99 
12.49 
12.58 
11.73 
8.78 
12.44 
9.34 
9.74 
4.32 
9.89 
10.85 
10.28 
5.48 
5.31 
3.79 
13.00 
13.10 
11.60 
3.95 
12.37 
13.06 
15.29 
7.69 
5.25 
4.94 
9.84 
14.44 
8.78 
4.40 
6.44 
6.87 
14.89 
4.58 
14.99 
16.65 
15.22 
4.77 
4.82 
12.53 
18.73 
17.53 
15.10 
16.96 
14.63 
10.36 
5.21 
6.09 
19.50 
19.21 
13.14 
17.48 
18.58 
17.27 
19.82 
10.13 
7.01 
15.37 
17.95 
20.85 
21.86 
10.69 
5.99 
19.97 
21.28 
16.25 
18.46 
21.45 
14.98 
6.31 
14.99 
23.57 
22.90 
22.54 
20.76 
20.38 
6.63 
20.40 
20.33 
21.68 
16.51 
20.25 
22.09 
23.30 
17.42 
15.55 
16.26 
25.24 
11.67 
14.49 
10.95 
22.45 
21.53 
26.20 
20.67 
13.31 
11.70 
22.66 
17.58 
18.30 
13.85 
21.89 
24.94 
23.33 
14.01 
13.21 
12.41 
9.92 
25.58 
12.00 
7.82 
18.13 
11.24 
25.79 
26.84 
19.44 
24.38 
7.99 
29.18 
28.71 
18.05 
25.72 
24.89 
10.99 
8.12 
23.27 
29.75 
29.94 
29.45 
22.32 
20.30 
24.23 
19.64 
18.80 
17.28 
16.10 
16.28 
27.88 
16.64 
25.85 
22.45 
21.60 
25.70 
8.31 
16.84 
8.32 
17.53 
25.88 
14.29 
28.10 
28.26 
28.09 
23.14 
17.17 
16.83 
28.92 
30.27 
28.22 
29.06 
29.05 
23.76 
9.96 
11.14 
18.62 
15.54 
8.22 
27.74 
18.04 
22.95 
26.15 
8.15 
23.22 
14.05 
8.11 
8.09 
19.57 
18.53 
18.68 
26.75 
22.16 
26.01 
20.75 
23.58 
14.30 
15.78 
25.48 
24.94 
7.81 
13.14 
7.75 
25.42 
24.88 
12.33 
22.95 
24.56 
7.58 
15.17 
7.52 
26.31 
26.58 
25.20 
26.78 
21.63 
19.44 
7.29 
18.99 
8.36 
14.00 
16.70 
7.11 
23.84 
20.06 
6.99 
6.95 
23.20 
21.52 
12.07 
20.09 
25.70 
22.14 
19.54 
13.82 
9.39 
6.54 
6.49 
6.45 
6.41 
8.51 
13.80 
12.66 
21.24 
13.13 
12.90 
21.07 
19.92 
20.41 
20.89 
14.74 
5.85 
20.11 
21.16 
19.45 
15.45 
17.22 
14.12 
16.72 
19.44 
18.48 
14.87 
5.33 
17.43 
19.10 
16.52 
16.54 
18.46 
15.91 
4.99 
10.25 
17.69 
4.85 
4.80 
16.02 
14.74 
16.81 
10.08 
15.68 
14.81 
8.58 
14.46 
14.59 
14.23 
14.00 
14.38 
15.10 
13.32 
11.20 
15.34 
14.29 
12.55 
3.94 
13.27 
9.19 
14.41 
11.84 
11.86 
12.87 
13.75 
12.23 
7.70 
3.56 
3.52 
3.48 
3.45 
12.31 
12.01 
5.31 
3.32 
9.31 
10.66 
10.19 
11.12 
9.95 
11.47 
10.31 
9.76 
9.01 
9.06 
9.29 
3.00 
2.98 
9.33 
9.09 
8.29 
3.94 
6.44 
8.55 
8.61 
4.04 
8.27 
8.98 
2.80 
4.26 
4.79 
8.15 
3.40 
9.12 
9.46 
9.45 
9.62 
9.07 
8.98 
9.34 
9.25 
5.36 
3.83 
9.53 
2.75 
8.20 
9.75 
9.77 
10.16 
8.99 
6.09 
7.94 
5.30 
10.12 
9.79 
2.86 
3.80 
4.29 
2.90 
4.90 
9.01 
10.39 
11.02 
11.08 
10.95 
8.87 
7.95 
8.79 
4.60 
3.15 
8.67 
11.44 
10.91 
11.29 
12.09 
11.56 
12.06 
11.21 
11.19 
12.86 
11.89 
12.41 
7.44 
13.48 
11.94 
11.27 
9.36 
8.66 
8.96 
3.83 
3.87 
3.91 
14.47 
13.54 
7.67 
15.17 
12.92 
15.41 
14.93 
15.78 
8.94 
14.55 
13.68 
15.53 
7.12 
15.65 
13.86 
13.33 
4.68 
12.37 
15.46 
12.56 
4.87 
10.36 
4.97 
5.02 
6.42 
19.12 
18.98 
8.10 
8.72 
17.28 
5.36 
18.49 
17.19 
16.03 
15.13 
10.92 
19.08 
13.68 
12.02 
16.78 
19.09 
22.15 
20.64 
11.66 
21.62 
6.68 
11.87 
8.30 
23.28 
24.16 
21.36 
19.15 
16.92 
23.83 
22.69 
21.85 
12.85 
20.63 
21.03 
22.86 
24.85 
15.40 
20.73 
25.30 
10.29 
18.55 
10.39 
12.70 
7.08 
20.28 
26.54 
23.85 
9.85 
12.84 
20.12 
25.44 
26.01 
24.75 
27.13 
25.21 
13.48 
21.50 
15.23 
26.78 
24.83 
17.19 
28.11 
27.83 
28.05 
23.06 
25.12 
7.82 
22.51 
7.87 
7.89 
21.43 
28.23 
23.70 
12.73 
21.05 
22.94 
29.25 
26.05 
8.08 
8.10 
29.36 
28.54 
17.50 
25.69 
28.77 
28.11 
29.49 
28.83 
21.18 
26.30 
23.08 
8.26 
8.27 
24.47 
25.85 
25.68 
22.62 
28.25 
29.96 
22.29 
17.01 
19.57 
25.71 
30.32 
25.37 
22.13 
29.63 
29.62 
24.68 
28.59 
22.62 
17.84 
19.71 
8.29 
16.80 
30.24 
24.95 
17.28 
30.36 
29.33 
8.23 
23.17 
8.21 
26.87 
24.65 
29.04 
28.67 
22.89 
8.12 
23.85 
22.14 
29.04 
14.48 
27.97 
20.67 
18.79 
22.81 
23.61 
27.96 
27.92 
23.34 
24.47 
26.95 
26.23 
9.79 
7.75 
18.25 
9.53 
14.83 
27.44 
23.56 
7.58 
22.13 
20.92 
25.32 
7.46 
21.74 
8.71 
27.20 
26.31 
25.75 
16.71 
7.22 
16.27 
23.67 
7.11 
24.33 
25.69 
25.13 
23.44 
22.24 
22.00 
22.24 
22.79 
12.44 
10.01 
23.15 
21.02 
18.75 
21.31 
22.92 
16.95 
6.41 
6.36 
6.32 
22.41 
22.45 
18.87 
21.33 
20.47 
10.22 
6.00 
7.87 
5.90 
5.85 
5.81 
5.76 
21.76 
20.92 
15.64 
14.69 
20.55 
20.85 
17.91 
6.77 
17.27 
5.28 
15.53 
20.07 
19.53 
19.67 
19.40 
18.34 
16.88 
15.84 
4.85 
17.57 
11.23 
16.42 
17.19 
17.19 
16.18 
16.81 
12.45 
16.56 
16.56 
15.95 
11.21 
4.24 
4.20 
11.18 
4.11 
8.41 
15.10 
9.20 
10.73 
13.95 
7.38 
12.95 
14.08 
13.97 
14.08 
8.49 
5.70 
12.89 
6.46 
9.82 
8.15 
11.88 
12.84 
5.36 
12.44 
11.53 
10.84 
6.61 
9.68 
11.22 
11.44 
9.98 
7.16 
8.58 
10.48 
8.96 
8.71 
10.20 
10.14 
9.04 
10.42 
10.56 
11.26 
10.93 
6.32 
10.00 
8.49 
9.75 
5.67 
7.21 
9.29 
8.81 
8.24 
8.86 
7.48 
8.29 
9.63 
8.99 
8.71 
5.90 
8.52 
7.17 
6.27 
6.99 
2.75 
8.46 
3.75 
7.30 
7.32 
7.79 
9.27 
8.56 
2.80 
4.01 
6.61 
8.12 
8.06 
8.09 
7.29 
8.82 
7.64 
9.10 
10.58 
9.29 
6.46 
9.59 
10.23 
9.71 
9.18 
9.34 
11.39 
11.16 
9.73 
10.51 
9.06 
10.56 
9.19 
3.36 
3.39 
10.98 
10.11 
11.58 
11.88 
12.19 
3.60 
12.27 
12.59 
12.91 
12.90 
7.95 
3.83 
3.87 
13.90 
3.95 
13.42 
12.94 
13.52 
4.13 
14.22 
7.95 
12.87 
4.30 
4.35 
6.99 
8.06 
4.49 
4.54 
4.58 
4.63 
4.68 
15.35 
16.64 
17.15 
13.71 
16.61 
16.99 
18.06 
17.91 
18.99 
19.80 
17.73 
18.68 
14.35 
5.36 
19.33 
19.60 
19.44 
21.13 
5.60 
5.65 
20.64 
20.76 
15.61 
21.88 
21.27 
21.83 
22.54 
21.17 
20.38 
21.09 
21.04 
6.22 
6.27 
22.74 
21.15 
14.76 
21.19 
21.29 
20.60 
19.13 
23.62 
23.87 
24.92 
20.25 
20.97 
23.93 
24.49 
24.10 
25.47 
25.40 
20.63 
20.05 
19.80 
22.80 
18.46 
18.85 
26.94 
27.51 
25.28 
12.81 
17.98 
18.69 
25.87 
13.81 
21.01 
16.39 
24.94 
20.82 
7.66 
7.68 
28.50 
21.34 
29.44 
27.64 
26.51 
17.11 
27.27 
14.99 
17.21 
18.76 
9.82 
28.81 
27.49 
25.66 
20.77 
24.53 
27.95 
28.83 
26.64 
8.13 
26.01 
23.48 
29.45 
27.94 
25.92 
19.12 
8.23 
18.12 
20.18 
27.69 
16.79 
16.12 
24.82 
30.12 
25.01 
22.29 
15.13 
8.31 
8.31 
26.56 
23.84 
16.50 
11.39 
8.32 
26.90 
8.32 
14.28 
27.57 
14.44 
28.92 
16.30 
24.98 
8.29 
8.28 
24.78 
16.60 
12.68 
14.19 
24.38 
20.12 
23.67 
21.78 
13.61 
23.10 
21.38 
25.77 
22.69 
20.30 
18.07 
14.84 
16.50 
20.53 
21.86 
25.71 
26.68 
17.05 
27.96 
21.86 
28.38 
12.56 
7.83 
27.91 
28.20 
23.13 
25.59 
25.54 
16.67 
9.80 
7.61 
22.51 
26.27 
18.27 
23.01 
14.88 
25.69 
16.43 
7.36 
7.32 
23.95 
7.25 
13.24 
20.98 
25.29 
24.24 
23.68 
19.74 
9.40 
15.28 
6.91 
19.61 
22.87 
25.32 
19.54 
16.47 
7.92 
18.67 
10.64 
19.91 
24.47 
18.34 
16.10 
15.41 
10.29 
6.27 
15.78 
22.95 
22.08 
21.07 
15.14 
6.00 
22.22 
5.90 
19.20 
20.99 
22.18 
22.05 
19.48 
20.80 
15.54 
18.28 
13.65 
7.11 
18.08 
18.66 
17.57 
17.87 
16.93 
5.13 
18.59 
17.52 
18.61 
6.14 
18.35 
16.52 
11.84 
4.75 
12.17 
14.76 
7.15 
16.56 
16.69 
16.06 
10.00 
10.04 
12.16 
4.29 
4.24 
15.46 
12.13 
4.11 
13.70 
13.70 
13.13 
12.91 
8.59 
3.86 
3.82 
3.78 
3.74 
3.70 
3.67 
3.63 
10.30 
12.58 
12.59 
3.48 
12.62 
12.42 
10.77 
12.03 
6.40 
3.29 
8.63 
11.29 
12.02 
6.06 
9.68 
11.00 
10.83 
9.40 
3.05 
9.49 
5.88 
2.98 
10.57 
6.35 
2.92 
8.44 
2.89 
2.87 
2.86 
10.15 
10.39 
8.61 
8.31 
9.38 
9.17 
8.33 
9.31 
8.57 
8.56 
9.54 
9.44 
2.74 
8.43 
10.06 
9.70 
9.34 
9.34 
8.27 
2.75 
2.76 
10.21 
9.77 
3.51 
9.27 
8.10 
9.14 
10.36 
9.38 
10.06 
8.06 
3.80 
9.72 
9.76 
9.72 
10.52 
9.82 
10.25 
10.50 
10.17 
3.05 
10.30 
8.69 
5.00 
3.15 
8.67 
10.44 
10.81 
11.40 
11.48 
11.56 
11.44 
11.00 
10.98 
11.80 
11.58 
12.31 
12.62 
12.07 
12.16 
12.81 
13.35 
13.57 
13.68 
6.09 
13.67 
13.67 
3.95 
10.86 
11.07 
13.64 
13.39 
15.29 
15.17 
14.45 
14.80 
14.68 
13.18 
14.16 
4.49 
4.54 
15.77 
16.65 
13.69 
13.15 
4.77 
4.82 
4.87 
4.92 
12.58 
18.46 
16.83 
5.11 
15.70 
19.25 
19.37 
17.97 
19.07 
18.07 
6.30 
20.01 
11.41 
11.64 
5.65 
7.44 
5.75 
5.80 
21.15 
22.01 
21.53 
20.90 
22.51 
17.22 
21.24 
21.95 
20.69 
13.61 
12.15 
19.92 
23.42 
22.90 
24.40 
23.57 
22.89 
14.81 
6.67 
15.26 
20.73 
23.84 
24.56 
24.33 
25.39 
22.74 
10.71 
18.53 
14.54 
25.81 
25.89 
22.54 
16.23 
21.37 
24.55 
25.77 
23.86 
25.74 
19.02 
14.27 
26.60 
21.84 
24.55 
27.78 
22.16 
16.52 
24.43 
7.71 
16.64 
7.77 
25.62 
24.99 
26.89 
27.44 
29.33 
29.21 
26.54 
23.87 
23.73 
8.01 
23.96 
25.86 
26.56 
21.16 
29.68 
28.85 
26.50 
23.80 
30.11 
8.18 
26.92 
23.70 
22.70 
29.01 
24.26 
8.25 
14.91 
28.55 
20.89 
29.94 
30.12 
25.35 
25.18 
24.00 
26.05 
28.44 
27.59 
18.72 
8.32 
15.48 
25.20 
19.23 
12.24 
16.84 
19.73 
13.93 
8.30 
8.30 
22.09 
29.91 
25.30 
26.99 
23.91 
23.39 
26.78 
26.93 
8.22 
15.00 
22.29 
25.16 
29.72 
23.25 
24.58 
14.22 
24.70 
28.06 
26.34 
8.05 
8.03 
18.31 
7.99 
18.93 
18.73 
19.88 
15.47 
12.42 
10.88 
21.08 
28.58 
7.78 
7.75 
13.40 
25.54 
25.99 
26.11 
25.22 
23.67 
16.99 
7.52 
27.47 
25.92 
7.42 
9.36 
21.79 
10.43 
26.89 
22.25 
7.22 
12.21 
25.45 
22.30 
25.45 
25.21 
24.97 
23.92 
23.20 
12.29 
6.83 
23.58 
24.91 
21.19 
6.67 
6.62 
20.15 
15.40 
22.61 
23.44 
6.41 
20.16 
22.97 
22.10 
13.35 
10.11 
6.13 
16.43 
21.11 
22.19 
10.53 
5.90 
11.28 
16.46 
12.88 
5.71 
16.89 
16.93 
10.27 
5.52 
20.43 
20.02 
19.89 
18.66 
19.92 
18.69 
17.89 
19.40 
5.09 
9.07 
17.67 
7.46 
4.89 
17.43 
13.79 
17.18 
16.93 
16.17 
9.69 
4.56 
13.80 
16.06 
8.39 
15.82 
10.45 
4.29 
15.34 
13.19 
14.39 
14.28 
4.07 
14.75 
13.37 
14.41 
14.64 
12.37 
12.27 
11.95 
3.74 
3.70 
11.56 
12.01 
3.59 
11.83 
9.18 
5.92 
12.40 
11.16 
11.81 
12.24 
5.58 
11.25 
7.62 
7.97 
10.52 
9.95 
7.31 
8.05 
10.74 
10.28 
4.99 
10.26 
7.61 
10.24 
7.24 
10.13 
2.92 
2.90 
6.81 
2.87 
10.65 
2.84 
4.67 
10.26 
8.77 
7.46 
7.44 
8.79 
2.77 
2.76 
2.76 
2.75 
9.71 
8.26 
9.07 
2.74 
2.74 
6.63 
10.07 
9.62 
9.09 
8.92 
9.30 
2.77 
8.97 
10.18 
2.79 
9.57 
9.60 
9.72 
9.20 
9.42 
9.55 
9.59 
9.07 
9.86 
10.28 
9.86 
9.63 
9.96 
7.52 
9.59 
6.16 
11.57 
10.65 
4.11 
3.15 
8.77 
7.12 
11.82 
12.21 
11.89 
12.08 
12.68 
11.94 
11.92 
10.75 
5.19 
6.42 
11.22 
3.60 
11.94 
7.97 
12.02 
12.34 
12.33 
13.11 
3.87 
3.91 
14.35 
14.58 
14.00 
15.05 
11.25 
8.60 
11.20 
15.66 
14.68 
14.92 
16.15 
15.78 
15.65 
11.86 
12.72 
13.58 
4.68 
10.68 
8.95 
17.42 
17.67 
18.07 
16.86 
14.56 
16.29 
16.40 
18.43 
5.21 
10.80 
17.14 
14.59 
17.22 
12.81 
19.86 
15.99 
13.50 
20.38 
16.58 
20.91 
20.15 
20.27 
18.90 
19.75 
20.61 
21.17 
12.10 
21.24 
21.19 
22.37 
22.48 
22.12 
6.36 
14.45 
23.99 
22.54 
23.26 
22.58 
22.67 
25.45 
22.70 
20.09 
22.40 
22.17 
24.98 
21.21 
23.70 
7.00 
15.29 
21.35 
8.25 
24.10 
25.97 
26.05 
27.27 
22.25 
25.77 
27.16 
27.40 
23.00 
19.24 
27.43 
19.34 
27.39 
19.94 
11.13 
7.66 
25.77 
29.00 
28.39 
28.44 
14.69 
26.85 
24.70 
7.87 
22.92 
27.69 
26.88 
26.91 
18.82 
13.26 
20.91 
8.05 
13.33 
22.86 
16.08 
16.96 
29.39 
27.71 
25.69 
18.90 
28.96 
29.66 
26.44 
21.35 
8.24 
20.35 
20.36 
13.89 
29.93 
30.79 
30.12 
28.76 
22.97 
21.44 
8.31 
17.69 
23.32 
8.32 
8.32 
8.32 
8.32 
25.54 
29.79 
22.63 
23.99 
29.09 
24.15 
20.22 
21.23 
8.29 
28.53 
23.25 
24.59 
29.00 
28.48 
22.34 
8.22 
8.21 
8.20 
18.03 
21.40 
24.94 
11.02 
8.12 
30.12 
26.03 
12.47 
27.32 
26.28 
20.17 
13.39 
27.69 
19.74 
11.29 
7.91 
7.88 
27.33 
14.37 
26.23 
22.51 
21.13 
22.92 
24.04 
20.83 
23.61 
25.22 
7.58 
26.10 
26.54 
25.16 
7.46 
26.35 
25.30 
23.10 
24.67 
18.56 
27.31 
24.30 
23.26 
7.14 
13.25 
7.07 
17.97 
12.13 
24.72 
22.88 
9.42 
10.80 
20.73 
14.80 
24.03 
22.68 
23.99 
12.82 
6.54 
23.69 
23.44 
21.79 
6.36 
19.91 
21.49 
20.78 
20.38 
19.67 
20.47 
12.61 
8.52 
5.95 
5.90 
20.52 
12.81 
13.02 
5.71 
9.55 
19.36 
20.25 
19.70 
19.58 
19.74 
19.06 
5.33 
16.47 
19.79 
18.98 
19.53 
17.78 
5.04 
13.00 
16.75 
16.90 
18.09 
16.92 
11.87 
4.70 
10.67 
15.92 
16.31 
14.43 
10.33 
15.82 
14.47 
15.46 
12.67 
15.58 
13.78 
13.68 
13.21 
4.07 
8.57 
14.29 
13.14 
3.90 
3.86 
12.84 
14.30 
12.41 
10.00 
13.75 
12.99 
12.35 
6.46 
12.38 
12.60 
11.98 
10.43 
11.39 
11.41 
11.95 
12.47 
12.18 
10.69 
9.11 
10.55 
10.87 
3.12 
4.76 
9.99 
6.44 
9.00 
9.91 
10.14 
9.04 
10.32 
6.31 
9.66 
10.46 
10.51 
10.75 
9.50 
5.04 
9.99 
9.68 
10.30 
9.90 
9.79 
9.50 
7.03 
4.93 
3.93 
9.98 
8.89 
9.34 
9.34 
8.61 
8.16 
8.35 
9.17 
9.45 
7.29 
8.30 
8.59 
10.34 
8.54 
9.48 
5.92 
9.90 
10.30 
9.23 
7.13 
7.25 
9.25 
10.14 
9.91 
10.05 
9.82 
9.68 
10.02 
9.50 
10.04 
10.49 
10.56 
10.33 
10.69 
11.46 
10.94 
8.69 
3.26 
10.45 
11.25 
10.51 
12.04 
8.99 
9.37 
3.49 
11.24 
10.25 
12.61 
9.10 
3.67 
3.71 
3.75 
11.09 
12.66 
12.87 
13.21 
12.27 
6.21 
12.36 
13.28 
12.56 
4.17 
4.21 
14.93 
15.17 
4.35 
4.40 
7.31 
4.49 
4.54 
4.58 
15.76 
4.68 
17.55 
12.33 
4.82 
18.33 
18.20 
18.73 
5.02 
16.02 
18.31 
17.61 
15.12 
5.26 
18.11 
17.95 
18.35 
19.17 
15.60 
12.56 
8.19 
20.52 
20.35 
18.87 
19.42 
19.38 
19.94 
20.79 
16.13 
21.17 
21.58 
16.70 
9.51 
20.84 
18.19 
22.43 
22.69 
22.64 
18.55 
19.58 
21.38 
22.26 
6.63 
6.67 
20.48 
23.74 
22.24 
6.84 
6.88 
18.96 
18.55 
18.14 
21.12 
12.43 
22.72 
21.98 
23.85 
7.23 
25.47 
24.22 
25.28 
26.34 
26.07 
7.44 
28.03 
27.76 
23.50 
28.39 
24.61 
23.16 
22.04 
7.68 
7.71 
7.74 
27.60 
25.79 
25.67 
26.38 
24.57 
18.19 
23.97 
27.72 
27.76 
26.95 
28.00 
10.23 
17.04 
26.56 
24.89 
28.32 
28.51 
28.88 
20.74 
8.16 
20.77 
21.64 
22.00 
8.22 
13.17 
12.16 
29.55 
30.08 
28.38 
28.74 
27.04 
22.10 
15.63 
22.80 
8.31 
27.92 
21.27 
17.87 
8.32 
22.30 
28.44 
27.93 
29.29 
8.32 
13.60 
23.48 
19.38 
28.41 
8.30 
13.91 
12.37 
24.96 
11.50 
26.47 
23.39 
27.46 
9.25 
13.83 
8.21 
26.02 
23.12 
13.09 
20.53 
17.12 
26.42 
24.53 
20.95 
28.87 
24.79 
26.11 
14.43 
7.99 
7.97 
25.47 
29.30 
24.22 
28.55 
26.99 
19.07 
29.25 
27.53 
26.64 
17.91 
9.87 
7.67 
9.47 
12.93 
26.00 
19.31 
25.22 
22.19 
23.78 
19.60 
12.32 
21.30 
24.35 
25.26 
24.37 
22.19 
21.31 
25.45 
19.23 
9.49 
14.91 
26.57 
25.68 
25.60 
9.26 
19.22 
22.47 
6.75 
18.52 
6.67 
9.60 
25.30 
25.20 
23.54 
6.45 
18.72 
23.54 
17.62 
18.90 
6.23 
6.18 
12.90 
6.09 
22.16 
6.00 
12.90 
20.48 
21.69 
22.01 
19.56 
9.33 
5.66 
17.50 
18.25 
16.30 
18.87 
5.42 
9.70 
14.08 
5.28 
20.20 
12.56 
19.26 
19.00 
18.87 
16.47 
14.63 
15.45 
10.48 
4.80 
4.75 
16.93 
17.06 
17.57 
16.81 
16.31 
15.32 
12.48 
14.35 
14.48 
14.49 
14.74 
14.74 
14.75 
14.28 
13.23 
4.03 
3.99 
3.94 
3.90 
3.86 
13.96 
14.08 
13.41 
13.09 
11.56 
3.63 
12.14 
12.26 
3.52 
10.06 
11.98 
11.89 
9.10 
5.73 
11.23 
11.86 
10.97 
11.70 
10.52 
11.04 
11.27 
9.42 
11.13 
9.40 
9.83 
3.02 
10.87 
2.98 
10.57 
9.28 
9.99 
10.23 
9.99 
8.93 
5.36 
9.97 
9.10 
2.82 
9.04 
8.74 
8.72 
8.88 
7.77 
8.93 
9.01 
9.81 
4.38 
10.07 
9.88 
10.15 
9.79 
9.34 
9.16 
8.90 
4.83 
7.20 
9.57 
9.95 
10.07 
10.09 
