20050101
9.91 
8.47 
9.79 
9.82 
5.51 
7.48 
10.31 
10.44 
10.77 
9.98 
10.50 
10.65 
10.51 
4.72 
10.73 
11.18 
7.84 
11.12 
11.19 
11.17 
10.94 
6.10 
3.22 
10.26 
7.16 
6.71 
4.49 
3.38 
12.32 
9.88 
12.51 
12.93 
13.03 
7.71 
9.85 
11.69 
8.24 
3.74 
3.78 
11.96 
13.88 
13.87 
12.95 
8.64 
7.54 
4.08 
11.83 
12.40 
12.51 
15.51 
15.15 
15.02 
8.84 
4.44 
12.37 
16.63 
16.25 
13.31 
13.41 
4.72 
13.62 
13.72 
16.60 
15.92 
16.84 
17.76 
18.56 
13.67 
15.82 
18.54 
19.35 
19.62 
18.49 
15.10 
9.97 
15.72 
19.82 
18.51 
19.06 
5.69 
18.12 
13.69 
21.28 
21.25 
20.62 
20.29 
20.70 
21.41 
19.11 
12.39 
18.09 
19.40 
21.65 
14.51 
19.07 
6.45 
14.12 
6.53 
9.71 
19.04 
16.76 
19.84 
23.73 
24.62 
25.19 
24.16 
6.92 
21.60 
7.00 
24.66 
26.20 
26.61 
21.48 
20.24 
25.71 
20.04 
25.69 
21.65 
11.32 
21.44 
25.96 
27.35 
25.92 
26.15 
7.56 
27.93 
18.81 
27.71 
28.94 
12.24 
18.31 
23.89 
7.79 
16.57 
25.36 
7.87 
7.89 
28.18 
28.90 
25.89 
15.09 
21.72 
27.17 
29.07 
16.72 
26.24 
21.17 
28.50 
25.13 
26.68 
17.52 
22.30 
29.29 
30.50 
30.01 
24.58 
28.34 
25.12 
8.26 
8.27 
18.84 
29.08 
26.19 
11.71 
24.16 
23.82 
30.13 
12.75 
25.36 
24.00 
27.92 
26.05 
29.11 
27.06 
17.69 
13.09 
8.31 
14.27 
22.61 
26.18 
28.72 
20.37 
11.34 
22.90 
27.65 
30.86 
30.34 
24.54 
11.28 
24.17 
27.38 
11.75 
11.05 
21.71 
8.14 
8.12 
14.20 
15.19 
16.19 
18.87 
27.11 
26.74 
13.22 
11.68 
7.95 
27.61 
23.37 
7.88 
19.94 
26.27 
26.73 
7.78 
23.79 
26.58 
8.20 
14.16 
15.62 
16.58 
26.48 
7.55 
7.52 
7.49 
13.06 
7.42 
19.54 
10.63 
14.36 
7.29 
7.25 
27.38 
27.14 
25.60 
22.94 
25.60 
16.67 
22.39 
23.27 
22.39 
14.83 
16.51 
17.71 
19.84 
6.70 
15.92 
23.51 
24.19 
22.54 
21.35 
22.65 
22.70 
20.91 
20.20 
20.26 
16.22 
12.82 
13.80 
23.00 
9.91 
13.41 
21.17 
19.73 
14.35 
5.80 
18.67 
20.88 
16.87 
18.34 
17.38 
14.86 
9.83 
15.65 
5.37 
8.23 
11.34 
15.79 
16.64 
18.02 
17.89 
13.61 
13.38 
18.19 
17.80 
17.28 
12.99 
5.13 
4.70 
16.91 
16.66 
13.51 
16.41 
16.42 
14.31 
4.37 
15.80 
14.83 
13.75 
14.36 
8.43 
7.76 
4.06 
14.61 
12.53 
11.63 
13.25 
11.78 
9.89 
3.77 
3.73 
3.70 
13.29 
12.54 
12.87 
11.81 
11.40 
11.31 
4.39 
9.05 
10.54 
11.70 
11.51 
5.42 
7.60 
4.43 
3.19 
10.72 
10.55 
10.68 
9.64 
9.29 
8.55 
3.79 
9.70 
9.74 
8.45 
9.26 
3.95 
2.90 
9.97 
9.56 
9.61 
9.48 
8.71 
2.81 
8.65 
9.72 
9.88 
9.49 
9.65 
9.36 
9.62 
9.79 
9.51 
8.24 
2.73 
9.22 
9.04 
9.32 
7.52 
9.60 
7.80 
9.08 
2.75 
2.76 
6.86 
7.15 
7.26 
7.19 
5.84 
2.82 
9.58 
9.43 
9.47 
8.58 
8.24 
8.09 
2.93 
2.95 
7.46 
5.10 
6.01 
3.04 
3.06 
9.85 
5.87 
3.14 
10.14 
10.91 
9.78 
3.25 
9.72 
8.76 
11.93 
3.38 
3.41 
3.45 
3.48 
10.36 
10.44 
12.15 
11.59 
4.32 
3.70 
12.77 
13.32 
13.54 
13.76 
14.10 
9.72 
3.99 
8.95 
8.20 
14.32 
15.15 
14.91 
13.82 
13.32 
4.34 
15.63 
15.38 
4.48 
4.53 
14.98 
7.43 
4.67 
13.65 
17.53 
16.35 
8.16 
16.45 
17.64 
17.50 
8.30 
6.06 
14.86 
13.18 
18.66 
18.09 
18.35 
12.29 
19.30 
9.90 
19.54 
18.80 
17.04 
17.43 
15.79 
19.98 
19.81 
20.95 
14.10 
13.28 
22.20 
20.66 
21.67 
10.72 
6.22 
20.47 
19.04 
20.52 
21.85 
6.45 
21.90 
14.81 
14.26 
11.81 
6.66 
20.00 
22.62 
21.75 
19.76 
12.48 
9.96 
17.57 
25.06 
26.12 
21.18 
25.47 
23.44 
25.47 
16.87 
14.64 
25.20 
21.98 
21.21 
25.24 
25.63 
26.36 
20.78 
7.53 
21.05 
26.10 
23.82 
23.37 
7.68 
25.47 
22.50 
7.77 
27.13 
25.49 
26.71 
27.43 
14.31 
18.22 
18.25 
12.02 
7.98 
24.43 
27.51 
23.47 
18.75 
11.82 
22.70 
30.20 
30.40 
26.51 
25.00 
26.72 
24.53 
9.57 
25.24 
24.24 
19.14 
18.13 
28.88 
19.52 
26.51 
28.22 
17.15 
8.30 
22.62 
25.87 
17.86 
27.75 
27.07 
20.59 
8.32 
27.41 
21.10 
27.75 
23.48 
9.68 
27.90 
16.65 
13.75 
9.15 
26.85 
20.71 
28.87 
26.47 
15.41 
10.80 
27.28 
21.99 
21.98 
8.21 
10.06 
21.76 
12.58 
13.41 
8.14 
18.11 
19.62 
12.49 
8.07 
13.63 
18.67 
27.59 
25.53 
17.58 
7.95 
7.93 
19.00 
20.81 
13.73 
15.21 
11.99 
12.97 
18.61 
23.41 
22.20 
7.67 
13.63 
24.38 
23.17 
17.98 
7.52 
7.49 
14.54 
16.63 
7.39 
12.27 
22.21 
26.23 
27.13 
26.57 
27.14 
19.93 
16.64 
9.16 
19.25 
19.82 
12.23 
6.91 
23.58 
12.86 
18.50 
7.85 
16.93 
13.09 
17.57 
6.58 
12.90 
19.65 
23.27 
17.93 
9.12 
23.56 
23.15 
22.73 
20.66 
20.56 
16.71 
8.72 
12.08 
10.82 
15.76 
15.52 
20.68 
20.41 
20.30 
18.31 
16.91 
5.56 
18.12 
17.59 
18.88 
19.45 
14.06 
14.52 
16.06 
16.23 
14.49 
13.71 
10.13 
14.18 
4.94 
14.64 
7.20 
17.81 
16.39 
4.70 
4.65 
4.60 
4.56 
14.79 
8.57 
4.42 
14.45 
5.30 
12.04 
15.68 
8.50 
11.28 
9.06 
8.87 
13.57 
14.38 
8.76 
13.82 
13.93 
11.46 
12.49 
12.61 
13.50 
12.96 
13.08 
12.11 
12.99 
4.58 
12.79 
11.54 
11.77 
12.10 
12.01 
7.51 
3.79 
5.28 
8.45 
3.19 
10.23 
9.56 
6.65 
6.12 
3.06 
3.04 
10.14 
9.41 
8.69 
10.45 
8.60 
10.53 
10.01 
8.85 
10.30 
2.85 
9.48 
2.82 
9.87 
8.65 
2.79 
2.78 
9.13 
8.11 
8.64 
9.26 
9.43 
5.09 
7.07 
2.73 
4.54 
9.31 
9.68 
8.42 
2.74 
2.74 
9.89 
9.55 
8.11 
2.77 
2.78 
2.79 
8.93 
9.24 
6.87 
2.83 
9.89 
9.93 
9.60 
8.99 
8.09 
9.74 
9.89 
10.42 
2.99 
3.02 
10.11 
10.86 
11.32 
9.71 
3.14 
10.34 
9.61 
11.39 
6.30 
3.28 
10.92 
11.21 
12.12 
10.43 
12.41 
12.40 
12.82 
11.84 
12.91 
12.47 
6.30 
13.33 
10.54 
6.36 
12.97 
14.33 
13.30 
10.06 
12.24 
14.91 
15.03 
10.52 
11.33 
14.91 
13.70 
4.30 
4.34 
13.29 
15.88 
4.48 
4.53 
4.58 
14.33 
12.64 
4.72 
7.24 
9.53 
4.86 
18.31 
18.44 
18.57 
18.70 
11.49 
19.37 
18.81 
18.25 
16.14 
13.18 
18.05 
15.06 
17.43 
14.40 
5.60 
9.25 
7.58 
15.06 
5.79 
18.92 
21.25 
19.58 
21.03 
18.75 
6.08 
6.12 
14.66 
12.61 
22.31 
23.64 
21.13 
11.81 
19.78 
16.29 
23.24 
16.76 
20.77 
16.44 
6.71 
23.09 
25.25 
14.81 
17.60 
18.95 
18.22 
16.35 
23.21 
13.88 
23.20 
10.73 
24.49 
25.87 
27.09 
26.51 
25.92 
25.00 
17.80 
24.14 
26.52 
26.09 
25.98 
21.71 
26.93 
24.15 
17.01 
26.26 
26.48 
7.74 
27.42 
28.14 
29.19 
11.21 
22.87 
20.21 
23.28 
28.22 
20.99 
25.42 
8.01 
8.03 
24.66 
27.57 
29.13 
25.93 
29.35 
28.70 
25.15 
8.16 
10.90 
14.32 
15.01 
26.26 
28.32 
23.57 
12.17 
27.85 
29.57 
27.02 
22.43 
23.12 
27.73 
22.96 
29.10 
26.55 
27.24 
20.25 
8.32 
8.32 
19.74 
13.77 
26.21 
23.82 
26.37 
25.01 
8.31 
10.52 
8.30 
8.29 
16.11 
12.19 
26.81 
22.04 
19.64 
23.54 
15.71 
10.94 
9.23 
20.25 
22.43 
10.54 
12.22 
22.20 
8.12 
16.06 
20.10 
10.95 
29.34 
21.37 
24.72 
27.89 
26.17 
19.90 
21.22 
7.90 
7.88 
7.86 
12.52 
24.05 
7.78 
21.45 
24.75 
27.03 
21.82 
11.96 
10.93 
7.58 
18.15 
20.25 
10.62 
17.67 
18.94 
22.66 
21.45 
14.85 
7.29 
21.26 
22.01 
22.59 
20.58 
23.26 
26.41 
26.32 
17.74 
17.51 
6.91 
10.05 
17.94 
23.09 
18.74 
24.17 
17.64 
17.57 
22.01 
24.09 
23.68 
24.35 
23.62 
22.75 
22.34 
21.17 
17.89 
21.27 
9.89 
6.08 
16.03 
14.01 
12.59 
7.37 
17.86 
10.03 
21.72 
21.45 
20.75 
18.34 
19.80 
5.51 
6.59 
14.95 
11.37 
15.45 
5.27 
5.22 
13.09 
15.85 
5.08 
5.03 
11.12 
14.61 
9.76 
4.84 
5.96 
16.26 
9.07 
17.04 
16.92 
16.16 
14.91 
8.32 
16.29 
15.55 
13.85 
15.68 
14.96 
4.19 
9.38 
4.11 
4.06 
8.79 
13.23 
10.83 
12.79 
14.16 
13.60 
13.72 
13.17 
11.74 
9.90 
4.93 
3.58 
12.34 
12.46 
12.37 
3.44 
3.41 
3.38 
11.08 
11.72 
10.92 
11.65 
7.75 
8.09 
10.72 
4.42 
4.88 
9.54 
3.06 
10.97 
11.00 
9.41 
10.41 
9.69 
5.77 
10.06 
10.39 
9.32 
8.90 
8.22 
9.94 
9.72 
2.81 
2.80 
2.79 
5.96 
9.95 
8.75 
9.91 
8.81 
6.72 
9.33 
7.34 
7.69 
7.87 
2.73 
9.68 
4.63 
5.54 
2.74 
2.75 
2.75 
7.57 
9.68 
9.70 
9.45 
9.85 
9.88 
8.81 
5.61 
8.41 
8.82 
8.30 
10.21 
5.46 
8.99 
9.70 
5.36 
4.53 
8.90 
10.79 
3.06 
3.09 
3.11 
10.57 
10.14 
3.20 
11.60 
11.68 
8.19 
11.95 
10.90 
9.73 
8.65 
12.20 
12.19 
12.28 
12.06 
12.26 
6.25 
3.67 
13.11 
11.65 
11.97 
13.09 
13.88 
13.07 
13.75 
14.44 
14.21 
14.91 
14.44 
14.67 
7.94 
13.09 
14.78 
11.59 
11.93 
16.01 
4.48 
4.53 
16.63 
16.89 
15.47 
16.88 
13.88 
12.81 
17.39 
17.91 
17.11 
18.03 
18.29 
13.12 
12.81 
16.89 
13.96 
5.30 
17.37 
17.06 
19.30 
19.70 
17.11 
5.60 
20.36 
17.29 
8.07 
17.94 
20.10 
21.99 
14.84 
20.29 
17.85 
6.83 
6.12 
17.08 
21.44 
6.26 
22.87 
24.06 
22.47 
20.25 
6.49 
14.50 
14.57 
11.97 
11.08 
20.63 
6.75 
23.66 
23.11 
23.36 
21.68 
21.11 
20.55 
20.62 
7.07 
7.11 
14.32 
24.32 
22.60 
13.82 
24.70 
25.10 
23.85 
24.91 
22.49 
9.29 
7.50 
7.53 
25.38 
26.60 
21.31 
7.65 
26.43 
21.12 
23.51 
7.77 
7.79 
22.46 
20.14 
22.54 
23.08 
7.92 
26.19 
25.55 
22.20 
28.16 
26.50 
24.66 
19.09 
24.55 
24.57 
20.01 
25.81 
24.47 
30.44 
18.56 
21.81 
26.08 
17.58 
18.11 
20.16 
14.38 
17.12 
21.90 
27.87 
23.45 
28.74 
22.62 
14.27 
16.32 
20.07 
19.05 
8.32 
20.25 
21.61 
23.15 
11.56 
22.29 
10.87 
23.48 
11.72 
20.06 
10.86 
22.09 
15.10 
10.84 
8.28 
10.31 
22.04 
20.49 
8.24 
28.45 
14.34 
8.21 
9.05 
19.72 
13.09 
19.17 
26.78 
11.17 
8.11 
20.61 
20.41 
19.71 
27.45 
27.25 
20.30 
20.61 
12.50 
25.59 
11.77 
7.88 
22.28 
18.06 
13.50 
7.78 
11.76 
7.73 
27.20 
26.48 
26.09 
24.38 
13.88 
15.99 
9.01 
14.75 
19.15 
8.57 
12.64 
21.61 
13.37 
18.55 
25.01 
7.21 
16.75 
20.74 
25.04 
7.07 
21.82 
20.94 
19.11 
9.78 
17.85 
12.70 
8.05 
11.48 
7.33 
15.13 
24.45 
24.50 
21.60 
18.88 
18.48 
17.01 
8.20 
20.97 
6.27 
16.37 
20.06 
22.81 
20.75 
19.30 
21.13 
18.65 
13.40 
15.37 
10.61 
18.67 
13.36 
7.24 
12.34 
5.56 
15.85 
19.56 
14.53 
19.73 
17.53 
18.79 
19.22 
17.32 
15.85 
7.24 
5.03 
18.85 
18.32 
13.85 
16.63 
17.29 
17.55 
15.88 
14.61 
16.03 
12.75 
13.66 
11.68 
4.42 
14.45 
13.12 
4.28 
7.25 
15.44 
15.20 
14.85 
14.96 
14.50 
11.72 
3.94 
6.63 
14.16 
13.60 
13.72 
13.72 
13.06 
11.76 
12.86 
12.65 
11.70 
12.57 
11.84 
11.43 
8.63 
3.38 
8.60 
10.59 
8.88 
11.45 
11.57 
11.29 
11.42 
11.25 
9.01 
10.03 
3.45 
10.78 
3.79 
10.85 
10.50 
10.45 
10.39 
9.69 
9.83 
2.88 
6.12 
9.98 
10.03 
8.62 
8.04 
5.36 
2.79 
7.60 
9.40 
9.56 
9.36 
8.81 
7.35 
9.33 
9.59 
5.53 
9.49 
8.32 
9.50 
9.41 
8.79 
9.70 
9.35 
7.46 
5.30 
9.95 
9.70 
9.64 
9.91 
8.11 
5.38 
8.90 
9.86 
8.23 
9.56 
2.88 
10.30 
9.98 
10.31 
10.65 
10.51 
10.76 
10.73 
9.34 
3.06 
11.02 
9.62 
3.14 
8.55 
6.30 
11.70 
11.58 
11.86 
11.33 
10.59 
9.94 
10.02 
12.10 
11.13 
3.52 
9.47 
12.37 
9.63 
12.68 
11.01 
12.88 
9.62 
12.75 
11.71 
13.76 
3.95 
13.40 
8.48 
15.15 
14.08 
7.98 
4.21 
6.31 
15.88 
13.06 
15.26 
14.51 
9.74 
16.38 
15.11 
16.37 
15.98 
17.40 
14.01 
13.99 
6.97 
11.81 
18.57 
18.17 
16.40 
18.42 
17.86 
17.02 
5.25 
19.62 
19.61 
14.53 
19.44 
19.56 
19.25 
20.95 
18.91 
5.69 
21.18 
20.72 
13.63 
21.69 
20.62 
21.48 
17.56 
17.50 
15.63 
16.78 
22.65 
21.08 
11.52 
20.67 
22.32 
24.74 
23.30 
22.77 
23.03 
23.28 
6.66 
20.00 
14.68 
23.50 
22.63 
25.12 
23.60 
14.04 
7.00 
11.08 
27.01 
26.77 
7.15 
14.86 
25.22 
27.91 
25.85 
22.80 
25.17 
25.07 
7.43 
22.21 
27.58 
26.98 
28.21 
27.60 
26.99 
27.38 
7.68 
7.71 
18.81 
26.91 
25.95 
12.19 
7.84 
9.72 
29.83 
29.36 
28.22 
27.75 
23.55 
22.57 
28.70 
25.17 
26.89 
26.92 
26.10 
10.67 
30.06 
30.93 
31.29 
28.93 
30.65 
30.50 
28.31 
27.81 
17.27 
28.35 
8.26 
22.24 
28.39 
30.10 
30.45 
24.49 
26.54 
27.40 
8.31 
16.33 
18.20 
8.32 
28.43 
23.49 
31.33 
28.77 
29.45 
27.40 
27.56 
16.48 
23.97 
28.22 
31.10 
25.99 
31.25 
25.79 
24.93 
18.96 
8.24 
25.22 
8.22 
29.43 
27.88 
11.58 
24.11 
8.15 
16.10 
23.70 
8.11 
8.09 
23.79 
24.78 
10.40 
27.92 
19.63 
16.40 
16.87 
11.96 
17.82 
19.97 
7.86 
19.40 
14.84 
14.97 
15.61 
7.73 
22.87 
19.49 
7.64 
18.73 
23.83 
22.78 
25.04 
7.49 
17.51 
25.35 
26.27 
26.04 
15.99 
7.29 
7.25 
23.48 
8.31 
24.63 
10.82 
9.97 
21.82 
14.53 
6.95 
6.91 
18.81 
22.70 
12.64 
24.89 
23.54 
20.94 
16.78 
11.41 
6.53 
6.49 
6.45 
6.86 
14.78 
23.26 
6.27 
20.16 
22.78 
20.56 
18.36 
21.39 
19.50 
17.32 
13.84 
9.51 
9.89 
21.14 
21.60 
18.31 
12.19 
12.40 
6.65 
11.95 
11.45 
16.53 
5.32 
12.17 
19.08 
19.50 
19.10 
18.57 
17.24 
17.65 
6.92 
16.22 
16.36 
13.51 
13.15 
15.50 
17.04 
16.28 
7.20 
16.67 
6.58 
16.17 
15.55 
15.80 
14.22 
14.84 
5.63 
5.57 
12.72 
13.21 
4.02 
3.98 
3.94 
8.46 
3.85 
13.71 
13.05 
12.94 
11.19 
9.46 
9.38 
8.77 
3.55 
5.86 
6.86 
3.44 
10.30 
11.58 
12.11 
9.46 
11.33 
10.84 
11.07 
9.39 
10.23 
6.80 
9.11 
3.09 
9.68 
3.04 
10.52 
2.99 
8.31 
7.51 
7.18 
2.91 
8.80 
2.88 
9.74 
9.24 
6.34 
4.57 
2.81 
2.80 
2.79 
8.60 
7.58 
8.20 
9.73 
9.35 
9.16 
9.15 
9.41 
9.32 
9.31 
7.60 
6.70 
5.71 
8.34 
8.80 
8.90 
8.73 
2.76 
7.40 
8.70 
3.97 
7.92 
2.81 
7.89 
9.49 
9.34 
9.38 
2.88 
5.15 
8.09 
9.36 
10.08 
10.32 
8.56 
10.63 
6.92 
5.89 
3.09 
3.11 
6.21 
10.74 
11.32 
11.29 
9.04 
11.56 
10.30 
3.35 
8.79 
12.22 
11.36 
12.08 
10.25 
10.12 
10.96 
10.83 
5.75 
9.01 
3.74 
3.78 
7.78 
8.76 
6.43 
13.52 
12.00 
4.03 
11.38 
12.42 
13.12 
10.70 
14.18 
13.08 
13.30 
14.89 
4.44 
4.48 
16.00 
11.56 
4.62 
4.67 
15.59 
15.96 
12.55 
11.85 
13.14 
17.24 
15.88 
6.00 
17.20 
18.68 
14.14 
17.69 
13.92 
5.35 
13.83 
19.01 
18.71 
15.68 
5.60 
5.65 
16.27 
5.74 
20.13 
5.84 
16.67 
20.62 
21.18 
21.15 
17.05 
6.12 
6.17 
21.59 
22.00 
19.81 
18.82 
6.40 
22.73 
22.83 
20.74 
6.58 
20.77 
11.08 
12.72 
24.84 
15.07 
14.97 
7.99 
21.36 
16.45 
7.00 
20.46 
10.64 
13.12 
24.74 
24.81 
15.40 
20.70 
24.54 
25.43 
25.50 
26.39 
25.47 
15.09 
9.49 
11.69 
7.56 
28.10 
21.98 
25.37 
10.03 
27.32 
27.70 
25.23 
28.81 
21.28 
18.96 
15.29 
7.89 
16.87 
29.07 
28.43 
16.11 
25.45 
22.77 
20.93 
27.57 
24.38 
14.21 
8.12 
21.39 
16.14 
13.61 
12.26 
26.40 
24.89 
25.41 
26.28 
15.73 
23.24 
27.17 
20.03 
8.28 
8.28 
13.23 
16.14 
17.68 
13.08 
21.44 
8.31 
8.32 
14.63 
25.88 
23.15 
27.41 
28.77 
28.08 
24.16 
28.75 
14.78 
10.69 
20.22 
8.29 
8.29 
27.68 
25.28 
19.49 
29.50 
29.32 
18.09 
20.79 
18.74 
8.20 
16.16 
10.20 
17.82 
15.76 
8.12 
20.46 
8.09 
8.41 
8.05 
8.03 
8.01 
11.37 
17.07 
16.03 
19.53 
7.90 
7.88 
15.91 
7.83 
12.33 
7.78 
9.93 
24.08 
24.53 
7.67 
7.64 
26.54 
24.33 
11.19 
11.49 
11.94 
7.46 
17.79 
7.39 
9.16 
26.79 
26.39 
17.68 
11.28 
7.18 
7.14 
7.10 
8.84 
17.64 
9.55 
25.19 
19.36 
18.49 
18.73 
18.82 
9.43 
14.57 
16.07 
6.62 
10.32 
14.15 
12.68 
17.86 
9.94 
20.30 
7.69 
20.41 
20.31 
16.74 
20.26 
20.01 
6.04 
5.99 
5.94 
5.90 
17.86 
5.80 
5.75 
21.60 
21.19 
19.92 
18.52 
12.74 
16.46 
20.56 
17.78 
18.36 
6.38 
7.15 
5.18 
19.37 
18.70 
16.83 
13.12 
15.41 
12.66 
9.16 
12.47 
16.26 
15.62 
17.17 
16.53 
15.91 
9.77 
4.46 
4.42 
14.94 
4.33 
4.28 
7.25 
4.19 
14.72 
14.49 
13.44 
13.80 
14.15 
13.24 
13.13 
13.60 
13.15 
12.60 
11.17 
10.53 
11.65 
7.64 
11.47 
9.98 
12.46 
7.39 
11.01 
11.87 
7.94 
11.49 
9.67 
10.92 
3.25 
8.05 
5.89 
7.24 
10.85 
9.21 
9.64 
10.55 
4.97 
10.14 
8.17 
2.97 
2.95 
2.93 
7.71 
10.48 
9.22 
8.44 
9.98 
7.73 
10.18 
8.77 
6.27 
9.45 
2.78 
6.95 
9.11 
9.09 
4.92 
8.80 
6.26 
6.61 
6.88 
2.73 
2.73 
7.51 
8.87 
8.61 
8.80 
7.00 
9.19 
3.76 
9.22 
10.07 
9.18 
8.66 
5.65 
8.35 
9.39 
9.99 
9.66 
8.11 
10.12 
10.17 
9.93 
10.46 
8.89 
10.09 
11.02 
10.40 
9.79 
10.93 
11.39 
11.46 
11.14 
3.20 
11.60 
11.58 
10.43 
12.05 
8.11 
9.31 
12.43 
12.52 
12.40 
11.32 
10.12 
9.33 
10.72 
10.70 
13.00 
3.74 
8.38 
10.71 
3.86 
6.43 
12.83 
3.99 
13.98 
12.91 
6.73 
11.69 
12.99 
13.46 
10.27 
10.11 
4.39 
10.90 
14.38 
16.88 
4.58 
4.62 
11.48 
17.53 
17.92 
17.00 
16.07 
13.93 
15.90 
19.38 
18.02 
19.78 
19.50 
16.34 
16.04 
13.36 
9.96 
20.30 
20.14 
19.13 
12.26 
10.62 
11.85 
19.17 
21.03 
21.16 
20.98 
21.40 
20.62 
21.78 
17.11 
21.56 
22.28 
19.96 
6.22 
22.15 
22.57 
23.14 
22.16 
9.39 
13.96 
22.46 
21.46 
19.04 
24.33 
23.95 
23.57 
19.36 
24.39 
24.80 
15.42 
25.14 
24.58 
22.40 
7.07 
19.79 
14.97 
22.37 
7.22 
12.83 
24.38 
23.62 
10.99 
12.19 
25.80 
26.19 
24.26 
10.52 
11.39 
20.10 
27.66 
18.69 
7.85 
10.06 
26.86 
27.58 
26.45 
27.68 
29.24 
29.62 
23.76 
27.17 
25.69 
13.21 
28.12 
29.17 
29.04 
27.54 
27.91 
24.21 
28.31 
27.48 
24.45 
19.20 
26.19 
25.02 
30.14 
24.89 
28.14 
31.39 
9.77 
26.65 
22.23 
29.40 
24.47 
11.86 
29.26 
30.46 
28.42 
14.96 
8.31 
14.45 
16.50 
27.24 
22.81 
23.66 
8.32 
8.32 
25.53 
27.40 
12.40 
15.80 
23.63 
8.30 
8.29 
8.29 
8.28 
27.83 
26.12 
21.51 
24.56 
11.80 
27.75 
31.13 
13.29 
24.64 
15.63 
23.58 
14.58 
26.24 
19.11 
15.53 
13.99 
8.05 
8.03 
8.35 
7.99 
9.83 
7.95 
7.93 
24.04 
11.74 
21.95 
7.83 
14.50 
25.34 
12.43 
7.73 
14.87 
23.15 
24.10 
7.61 
9.24 
8.71 
18.92 
23.99 
7.46 
7.42 
11.66 
7.36 
7.32 
19.53 
18.82 
20.06 
15.13 
26.25 
25.84 
16.25 
22.95 
21.75 
21.83 
24.78 
6.87 
15.88 
17.71 
15.90 
14.89 
20.31 
24.45 
13.90 
22.85 
23.99 
22.19 
14.86 
18.77 
22.04 
14.78 
15.16 
19.61 
6.13 
17.76 
13.94 
14.15 
12.00 
16.93 
21.82 
21.11 
19.98 
20.88 
21.19 
20.92 
20.23 
18.40 
19.14 
6.54 
17.36 
20.02 
17.83 
19.90 
18.96 
14.62 
11.42 
18.31 
17.78 
8.78 
4.89 
11.91 
10.26 
5.52 
4.70 
14.10 
16.41 
17.04 
16.67 
15.54 
4.42 
13.46 
14.21 
10.34 
4.24 
15.44 
15.08 
8.24 
12.97 
12.52 
12.53 
3.94 
7.09 
11.56 
8.43 
8.13 
3.73 
3.70 
12.41 
11.99 
3.58 
12.45 
11.50 
10.15 
9.02 
12.08 
10.95 
7.88 
3.31 
3.28 
3.25 
11.37 
11.69 
9.13 
3.14 
11.17 
5.82 
7.63 
3.04 
9.08 
8.55 
6.40 
10.73 
10.11 
5.64 
6.74 
8.48 
2.86 
2.85 
2.83 
10.18 
9.96 
10.21 
9.91 
9.88 
3.49 
8.29 
9.82 
9.80 
9.52 
9.78 
9.23 
8.05 
9.76 
9.76 
7.33 
9.77 
9.78 
7.89 
2.75 
7.28 
8.84 
2.77 
5.42 
9.54 
3.53 
9.14 
10.00 
9.49 
9.43 
2.86 
2.88 
6.93 
3.29 
10.59 
9.89 
10.32 
10.19 
9.48 
3.04 
3.06 
3.09 
3.11 
6.31 
9.65 
11.52 
11.29 
11.37 
11.45 
10.82 
12.14 
8.79 
12.01 
10.09 
4.86 
12.60 
12.70 
11.61 
12.58 
3.67 
13.11 
13.55 
13.66 
10.49 
13.53 
13.64 
7.64 
3.99 
7.78 
13.62 
14.32 
15.03 
15.51 
15.51 
13.56 
7.66 
4.39 
16.13 
4.48 
15.37 
15.49 
16.25 
14.96 
14.68 
4.77 
16.21 
13.96 
10.88 
4.96 
17.09 
18.16 
17.74 
18.96 
16.48 
19.49 
18.92 
16.81 
20.02 
16.33 
5.50 
5.55 
20.23 
17.62 
14.10 
17.68 
8.28 
11.13 
21.69 
21.81 
20.89 
21.15 
20.51 
13.52 
22.69 
23.26 
20.17 
9.38 
23.29 
23.40 
22.42 
23.30 
24.18 
23.50 
21.55 
10.29 
23.00 
20.87 
23.66 
21.99 
17.28 
24.09 
22.88 
22.48 
14.96 
7.07 
9.39 
21.64 
20.57 
7.22 
24.96 
26.84 
24.44 
15.94 
20.45 
8.26 
22.88 
26.42 
26.48 
24.38 
26.93 
26.66 
16.85 
26.26 
23.46 
23.01 
7.77 
7.79 
20.27 
28.23 
27.43 
27.64 
28.35 
27.88 
26.57 
14.92 
25.28 
8.03 
24.15 
26.72 
25.39 
29.50 
26.46 
27.51 
9.51 
21.77 
28.42 
8.19 
21.82 
11.79 
27.64 
24.59 
20.18 
14.56 
26.33 
23.78 
13.74 
30.11 
26.19 
20.06 
10.18 
27.06 
29.79 
27.92 
15.31 
10.88 
20.76 
20.93 
11.05 
8.32 
19.90 
14.44 
19.21 
29.76 
8.30 
8.29 
26.67 
29.21 
27.83 
28.50 
24.40 
8.24 
18.94 
8.22 
9.91 
8.20 
13.61 
23.94 
23.92 
23.22 
29.63 
28.25 
24.16 
27.01 
21.06 
15.80 
14.43 
7.99 
15.05 
22.26 
27.78 
9.08 
7.88 
10.54 
13.36 
19.19 
22.33 
7.75 
7.73 
9.70 
7.67 
15.12 
11.76 
22.34 
24.44 
18.59 
22.51 
25.74 
13.67 
7.39 
25.55 
9.77 
25.74 
23.71 
24.45 
7.18 
24.95 
19.54 
17.54 
25.84 
25.43 
24.55 
25.74 
11.64 
6.83 
15.18 
22.21 
18.51 
15.76 
17.57 
8.60 
6.53 
23.52 
23.57 
7.79 
6.36 
10.28 
19.80 
17.89 
6.18 
16.35 
22.55 
22.58 
21.13 
22.05 
21.94 
21.82 
20.53 
21.14 
15.67 
5.66 
16.05 
18.66 
16.42 
15.19 
11.87 
20.85 
20.16 
19.34 
18.53 
18.96 
5.13 
18.30 
9.32 
17.12 
17.13 
16.22 
10.73 
17.29 
17.29 
13.95 
15.38 
13.62 
10.11 
4.51 
16.29 
14.19 
13.96 
13.85 
6.71 
14.59 
14.72 
14.37 
13.78 
7.11 
13.10 
14.15 
3.94 
14.05 
13.60 
12.81 
9.92 
9.28 
6.34 
4.53 
11.34 
10.17 
12.67 
12.89 
3.48 
11.54 
12.29 
12.10 
12.01 
11.31 
5.42 
11.55 
3.22 
11.49 
10.62 
8.87 
3.11 
11.30 
10.26 
3.04 
10.72 
10.27 
10.41 
9.21 
9.83 
7.62 
2.90 
9.41 
9.56 
8.68 
3.57 
4.11 
9.96 
9.84 
6.89 
7.97 
2.77 
2.76 
2.75 
4.01 
2.74 
8.61 
9.77 
5.98 
3.27 
2.73 
9.59 
10.22 
10.05 
9.88 
9.80 
2.75 
2.76 
8.50 
9.97 
9.09 
8.54 
9.11 
10.52 
9.82 
9.76 
9.06 
2.86 
5.49 
10.30 
2.91 
2.93 
6.37 
2.97 
10.09 
6.39 
9.63 
10.57 
9.85 
10.31 
3.14 
3.17 
11.12 
3.22 
11.17 
11.76 
9.28 
3.35 
3.38 
3.41 
3.45 
3.48 
12.50 
12.16 
3.59 
13.56 
3.67 
8.02 
13.88 
12.08 
12.30 
11.83 
9.98 
13.64 
13.75 
11.75 
15.27 
4.12 
8.10 
13.83 
15.27 
14.17 
10.85 
15.14 
15.13 
10.74 
4.53 
14.35 
12.41 
4.67 
17.66 
9.45 
17.26 
18.05 
15.39 
6.70 
15.08 
17.48 
16.93 
19.37 
18.40 
5.25 
20.31 
18.07 
16.64 
17.18 
5.50 
12.69 
11.34 
20.07 
13.81 
21.47 
10.33 
21.57 
21.54 
20.03 
13.28 
21.30 
17.35 
7.78 
12.54 
6.22 
22.92 
22.41 
17.13 
6.40 
24.12 
23.76 
21.06 
19.90 
22.03 
25.12 
25.06 
15.64 
24.62 
22.95 
23.36 
21.84 
25.78 
7.00 
24.66 
24.74 
18.97 
19.53 
26.12 
24.73 
24.14 
26.35 
12.27 
27.48 
28.87 
27.62 
22.88 
17.96 
27.65 
25.71 
26.93 
26.49 
22.20 
7.68 
26.31 
28.88 
27.92 
13.51 
28.35 
27.55 
25.91 
18.36 
7.92 
19.43 
28.43 
21.52 
27.48 
19.21 
20.93 
27.57 
8.08 
8.61 
8.12 
28.36 
30.93 
28.23 
28.08 
23.51 
24.21 
17.75 
8.23 
14.54 
23.24 
19.33 
29.40 
8.28 
12.37 
29.60 
28.92 
30.63 
27.06 
10.36 
21.95 
22.47 
28.60 
11.56 
25.19 
8.32 
15.31 
15.64 
9.51 
23.98 
26.53 
18.18 
16.13 
26.00 
8.29 
27.17 
31.58 
25.61 
26.44 
29.83 
14.52 
8.90 
8.21 
8.20 
10.39 
25.30 
26.46 
22.88 
8.12 
20.97 
26.02 
10.10 
11.94 
25.42 
29.10 
23.34 
15.72 
29.33 
28.95 
22.19 
7.88 
26.81 
21.74 
25.55 
18.65 
7.75 
18.91 
16.53 
19.49 
28.59 
19.73 
16.04 
20.30 
24.38 
22.01 
21.46 
14.00 
26.44 
22.43 
10.76 
16.92 
22.24 
23.96 
25.84 
23.98 
19.06 
18.51 
16.84 
23.19 
24.71 
24.62 
8.30 
6.83 
16.60 
23.79 
23.38 
22.66 
17.72 
21.54 
16.17 
6.49 
17.25 
18.24 
6.36 
6.31 
17.83 
22.13 
21.12 
9.59 
21.05 
20.20 
6.73 
6.68 
12.67 
11.27 
18.05 
17.66 
5.71 
5.66 
18.49 
20.94 
19.96 
16.74 
19.16 
13.32 
11.29 
5.27 
17.57 
18.27 
15.85 
16.55 
16.70 
16.32 
15.27 
16.74 
9.82 
17.81 
14.70 
4.70 
4.65 
16.66 
16.29 
14.28 
14.17 
4.42 
14.94 
14.09 
13.50 
10.38 
14.48 
14.37 
13.90 
11.80 
4.02 
7.56 
12.55 
8.34 
4.99 
3.81 
12.27 
12.94 
3.70 
10.99 
12.97 
12.33 
3.55 
12.57 
12.47 
12.17 
6.65 
11.26 
11.70 
9.46 
11.94 
11.55 
11.37 
11.19 
10.32 
9.66 
3.11 
3.09 
11.04 
10.49 
10.81 
10.85 
10.60 
10.64 
10.11 
9.87 
10.01 
8.01 
10.02 
9.79 
6.25 
2.82 
10.15 
8.74 
9.72 
10.06 
9.77 
9.84 
9.64 
8.81 
2.74 
9.60 
9.77 
9.32 
9.94 
3.27 
7.87 
9.14 
2.74 
9.88 
9.62 
9.55 
9.48 
9.68 
9.25 
9.64 
9.39 
9.60 
7.70 
8.47 
6.19 
2.86 
10.26 
9.65 
8.75 
7.00 
9.98 
9.56 
7.50 
8.13 
3.04 
4.72 
10.63 
3.11 
11.66 
11.64 
10.71 
9.38 
3.25 
11.45 
11.23 
9.24 
12.12 
7.92 
12.31 
3.48 
3.52 
11.95 
12.91 
11.81 
11.91 
5.70 
3.74 
3.78 
13.76 
12.97 
11.01 
12.14 
11.31 
12.10 
9.61 
10.29 
12.17 
12.27 
7.04 
13.93 
4.34 
4.39 
4.44 
4.48 
4.53 
4.58 
16.50 
13.54 
13.00 
8.67 
10.06 
10.53 
17.65 
17.77 
16.56 
5.06 
18.29 
16.23 
15.38 
13.55 
19.20 
19.89 
18.75 
15.06 
9.62 
16.83 
12.05 
20.93 
19.90 
17.39 
18.08 
17.01 
16.82 
15.88 
14.92 
6.03 
19.00 
20.01 
17.69 
20.22 
15.74 
22.87 
21.29 
23.24 
21.33 
22.05 
21.52 
9.40 
13.07 
6.66 
18.41 
21.19 
21.91 
17.69 
8.80 
6.92 
18.54 
17.32 
21.75 
21.18 
23.36 
21.64 
24.00 
24.89 
7.26 
17.48 
26.42 
24.51 
24.08 
23.98 
17.24 
23.27 
25.15 
26.71 
19.76 
18.64 
25.87 
19.57 
18.10 
7.74 
28.09 
25.95 
18.59 
27.38 
27.59 
26.12 
26.32 
7.94 
25.55 
26.60 
28.67 
26.33 
8.05 
20.62 
27.60 
28.99 
30.03 
27.51 
29.06 
22.62 
17.20 
9.72 
25.57 
27.46 
25.77 
21.01 
18.47 
21.89 
27.69 
15.60 
19.02 
21.76 
21.59 
28.42 
25.69 
12.57 
8.31 
22.64 
20.08 
14.46 
21.10 
11.73 
26.38 
29.27 
8.32 
19.55 
28.58 
27.55 
26.86 
28.21 
13.73 
8.28 
12.35 
12.51 
13.86 
8.24 
13.16 
8.22 
18.57 
24.15 
27.52 
26.48 
22.05 
27.96 
25.40 
10.31 
23.99 
23.96 
26.47 
25.26 
8.01 
9.68 
11.51 
7.95 
13.14 
24.71 
24.67 
22.96 
24.26 
7.81 
25.17 
25.96 
25.08 
22.03 
8.84 
14.96 
17.90 
27.48 
25.76 
25.87 
20.69 
25.91 
26.34 
16.42 
25.55 
24.33 
22.47 
9.21 
9.33 
24.54 
24.95 
23.42 
11.26 
13.30 
11.96 
23.27 
25.26 
25.97 
17.62 
14.54 
10.53 
6.70 
8.86 
6.62 
23.41 
24.09 
23.99 
16.32 
9.94 
22.29 
23.10 
22.24 
13.65 
10.55 
21.61 
6.08 
21.39 
13.86 
10.67 
21.64 
19.91 
12.80 
18.96 
5.71 
5.66 
11.33 
16.52 
10.19 
18.29 
8.92 
8.44 
19.89 
9.41 
8.65 
16.09 
5.13 
13.44 
18.71 
16.72 
13.29 
13.32 
8.51 
11.04 
7.33 
17.55 
16.66 
16.03 
17.04 
15.66 
14.42 
4.42 
4.37 
14.34 
7.43 
4.24 
4.19 
4.15 
14.49 
15.08 
13.68 
12.30 
3.94 
5.15 
7.93 
13.94 
14.05 
13.17 
12.62 
13.29 
12.54 
10.71 
12.34 
10.86 
5.81 
12.49 
12.29 
12.10 
10.05 
3.31 
11.84 
11.45 
6.74 
3.19 
5.85 
11.05 
3.11 
11.20 
9.38 
8.46 
3.02 
9.51 
2.97 
3.90 
10.77 
10.16 
9.36 
10.25 
10.21 
9.70 
2.83 
5.86 
5.38 
2.80 
9.72 
9.97 
9.95 
8.29 
2.75 
10.16 
9.52 
8.61 
8.51 
9.59 
9.67 
9.67 
8.32 
9.68 
9.78 
8.44 
2.75 
7.37 
9.48 
9.68 
9.97 
