20050101
9.20 
7.19 
9.97 
9.38 
2.71 
9.81 
9.67 
10.17 
9.31 
9.36 
10.23 
9.91 
9.69 
7.80 
10.93 
10.24 
10.78 
10.28 
10.73 
11.00 
9.72 
5.90 
4.08 
11.12 
5.25 
7.69 
8.15 
5.08 
11.85 
10.51 
12.56 
12.35 
12.03 
3.47 
12.44 
3.55 
3.59 
8.19 
3.67 
13.63 
13.74 
12.85 
12.96 
12.50 
11.80 
3.96 
14.09 
4.05 
15.15 
15.28 
15.40 
12.28 
15.65 
10.90 
16.03 
16.77 
15.29 
16.66 
13.14 
12.99 
16.41 
7.80 
13.82 
18.35 
17.96 
17.83 
18.36 
16.09 
11.37 
18.75 
17.66 
20.25 
16.26 
19.00 
16.76 
8.06 
20.64 
19.78 
19.62 
10.32 
21.15 
17.53 
22.13 
21.97 
21.80 
20.75 
22.78 
22.61 
21.99 
6.10 
11.85 
20.67 
22.75 
22.25 
21.44 
20.63 
13.04 
6.47 
21.85 
20.86 
20.95 
20.10 
21.91 
24.99 
25.09 
24.55 
23.22 
19.48 
19.24 
18.99 
26.28 
26.53 
12.27 
25.57 
25.33 
22.16 
26.29 
24.74 
21.54 
26.19 
27.89 
27.14 
26.39 
18.38 
24.37 
26.25 
25.15 
28.35 
29.24 
19.32 
23.53 
27.24 
24.29 
23.66 
23.87 
10.03 
20.61 
28.52 
28.06 
26.08 
12.34 
29.68 
30.39 
29.92 
26.25 
27.96 
17.20 
27.68 
11.84 
25.87 
24.04 
15.61 
31.68 
30.86 
24.96 
8.23 
28.38 
27.71 
16.89 
18.60 
30.46 
31.15 
26.75 
26.76 
27.78 
30.67 
23.90 
30.17 
30.34 
24.75 
31.36 
31.02 
26.44 
24.07 
9.51 
21.86 
8.32 
13.73 
11.69 
28.94 
31.64 
30.95 
13.69 
28.72 
29.72 
31.23 
29.69 
25.28 
21.21 
25.08 
22.86 
28.74 
30.74 
20.95 
28.33 
26.28 
27.43 
27.91 
22.67 
18.11 
24.62 
17.72 
12.67 
12.81 
21.98 
28.79 
15.07 
20.87 
27.99 
26.44 
24.90 
22.70 
30.44 
16.81 
14.29 
21.19 
27.40 
27.18 
26.30 
19.18 
15.36 
25.62 
23.27 
7.39 
15.82 
20.32 
12.80 
7.25 
24.49 
27.96 
27.87 
23.46 
17.46 
23.62 
20.19 
15.83 
14.18 
22.65 
24.30 
24.52 
19.89 
23.39 
15.36 
25.53 
25.11 
25.47 
24.29 
19.74 
21.93 
14.24 
23.39 
21.77 
17.46 
8.54 
6.10 
12.58 
21.37 
5.96 
17.19 
22.92 
19.75 
12.12 
5.72 
19.41 
20.29 
11.95 
19.90 
20.76 
15.75 
17.86 
16.37 
5.28 
18.47 
8.17 
16.87 
17.69 
19.03 
16.38 
6.38 
18.64 
18.63 
18.50 
17.85 
12.35 
6.16 
15.56 
16.95 
17.07 
17.06 
16.68 
15.82 
13.64 
6.43 
16.29 
14.97 
15.79 
15.31 
14.61 
13.22 
12.08 
11.87 
14.14 
14.59 
13.80 
14.24 
13.36 
10.52 
13.36 
11.53 
13.04 
8.59 
13.35 
13.67 
12.52 
12.42 
11.92 
12.54 
12.74 
11.65 
11.16 
11.57 
9.72 
10.23 
11.23 
11.25 
10.98 
10.81 
10.46 
10.77 
10.51 
4.67 
10.48 
10.05 
9.26 
9.85 
5.34 
7.13 
7.72 
6.88 
9.98 
9.85 
9.19 
6.68 
9.66 
9.63 
9.26 
9.41 
9.39 
9.37 
9.18 
9.60 
9.33 
9.15 
9.06 
7.49 
9.05 
9.75 
9.24 
9.51 
9.52 
8.13 
7.27 
8.78 
3.70 
4.86 
9.20 
4.62 
2.68 
2.70 
9.41 
10.08 
10.12 
10.17 
8.76 
9.54 
8.85 
2.83 
9.60 
8.73 
10.46 
7.99 
6.25 
6.39 
2.99 
3.02 
8.37 
10.86 
9.37 
9.54 
10.70 
10.98 
9.56 
6.30 
10.94 
7.23 
9.46 
12.56 
13.08 
13.18 
11.27 
10.72 
3.59 
13.62 
14.06 
13.63 
13.18 
14.30 
14.19 
9.55 
12.83 
13.29 
15.14 
15.03 
15.27 
15.87 
11.94 
7.00 
16.74 
16.51 
10.51 
16.03 
13.55 
4.52 
12.13 
17.68 
17.95 
16.54 
17.57 
18.35 
17.83 
16.65 
16.90 
16.76 
5.06 
14.84 
20.11 
11.91 
19.42 
17.20 
19.54 
15.89 
21.48 
18.79 
19.48 
18.60 
21.44 
19.98 
21.41 
21.09 
13.46 
12.66 
20.57 
20.09 
22.73 
19.86 
19.51 
22.63 
22.14 
20.73 
17.32 
15.72 
22.88 
18.51 
22.16 
21.94 
6.60 
22.29 
23.01 
21.53 
23.67 
18.22 
7.82 
11.20 
25.78 
25.23 
17.30 
23.80 
19.36 
20.88 
9.45 
19.72 
20.60 
20.82 
18.44 
26.84 
26.09 
24.52 
22.11 
16.56 
23.05 
16.66 
15.54 
7.63 
14.80 
28.80 
13.54 
11.08 
23.45 
27.84 
28.89 
21.91 
26.97 
25.17 
23.53 
7.95 
22.25 
29.68 
29.05 
11.07 
8.06 
8.08 
20.07 
30.21 
24.67 
21.82 
26.23 
23.72 
12.25 
26.13 
23.44 
18.72 
11.96 
22.81 
27.56 
12.67 
27.58 
19.29 
21.50 
22.87 
29.14 
30.16 
31.18 
30.00 
26.78 
8.32 
19.33 
28.14 
21.36 
23.39 
18.99 
19.66 
30.15 
24.39 
8.31 
23.53 
25.55 
25.71 
23.33 
16.89 
30.06 
28.69 
29.18 
29.16 
13.45 
20.52 
20.34 
29.25 
24.84 
26.67 
12.34 
25.11 
20.54 
17.16 
16.12 
23.31 
24.12 
29.62 
22.88 
20.51 
13.96 
14.43 
19.24 
22.53 
25.99 
21.62 
26.90 
7.76 
18.01 
21.78 
23.22 
16.56 
21.30 
23.39 
24.65 
7.52 
15.03 
13.51 
7.42 
7.39 
7.36 
16.90 
27.39 
25.69 
18.35 
12.65 
7.62 
15.44 
27.70 
25.69 
24.49 
24.72 
6.90 
11.75 
23.35 
14.94 
18.48 
6.69 
23.92 
11.10 
23.72 
6.52 
21.06 
18.36 
23.76 
18.95 
17.49 
13.18 
22.42 
23.50 
22.79 
21.34 
15.17 
19.35 
19.53 
21.46 
20.18 
14.29 
14.63 
19.41 
20.43 
20.02 
7.50 
19.78 
20.91 
18.56 
20.51 
19.69 
7.69 
18.88 
17.00 
17.96 
18.90 
16.25 
15.34 
14.05 
14.60 
17.72 
17.34 
18.10 
15.05 
16.57 
16.20 
11.72 
13.23 
14.60 
14.48 
11.70 
13.41 
4.22 
7.38 
15.56 
4.08 
15.31 
14.61 
3.95 
14.94 
13.46 
13.13 
14.02 
14.57 
12.92 
10.96 
10.87 
10.99 
11.33 
13.04 
12.30 
12.31 
12.31 
12.11 
12.53 
9.28 
11.33 
12.15 
9.97 
3.95 
11.39 
10.14 
11.03 
10.77 
9.54 
2.99 
4.48 
2.94 
9.76 
2.89 
10.48 
9.50 
9.45 
9.40 
10.17 
9.57 
9.35 
8.32 
2.72 
7.53 
4.21 
9.70 
9.66 
8.58 
2.65 
9.32 
9.04 
8.67 
9.44 
9.43 
8.55 
6.62 
8.62 
8.62 
8.79 
8.62 
7.84 
6.72 
8.73 
9.62 
9.72 
7.02 
2.64 
2.65 
8.40 
8.69 
7.57 
2.70 
4.23 
8.38 
9.49 
8.45 
8.76 
8.63 
10.04 
10.01 
9.42 
6.22 
6.07 
10.15 
10.31 
10.28 
6.24 
9.07 
11.07 
6.29 
9.47 
9.24 
5.64 
10.29 
7.55 
10.45 
9.31 
9.28 
10.80 
12.04 
11.61 
12.55 
11.06 
12.33 
11.89 
3.63 
6.51 
13.63 
13.41 
13.52 
11.72 
13.75 
14.66 
14.09 
11.89 
14.91 
15.15 
11.37 
15.52 
15.41 
15.53 
13.83 
15.41 
16.16 
8.70 
7.90 
4.56 
4.61 
9.39 
4.71 
7.22 
18.48 
16.92 
17.83 
17.56 
11.82 
19.43 
17.40 
17.25 
18.47 
17.08 
18.31 
16.62 
18.69 
5.46 
11.73 
18.20 
20.88 
17.85 
7.58 
20.97 
21.53 
20.63 
18.98 
20.57 
18.31 
6.05 
14.92 
20.26 
21.58 
23.65 
19.82 
11.37 
21.54 
19.80 
24.22 
22.62 
21.63 
16.58 
20.57 
23.48 
23.89 
7.73 
20.60 
24.33 
19.01 
13.49 
23.47 
23.07 
15.27 
10.01 
25.57 
25.33 
26.70 
25.64 
18.54 
23.34 
12.27 
26.75 
15.97 
28.86 
15.08 
28.66 
24.43 
23.99 
16.41 
27.91 
21.82 
20.70 
29.40 
28.46 
28.84 
16.35 
19.90 
30.32 
28.69 
26.88 
14.83 
25.95 
8.00 
15.59 
21.00 
30.29 
26.95 
28.16 
30.21 
29.90 
8.15 
20.32 
28.62 
25.77 
16.83 
31.05 
31.24 
19.24 
26.87 
29.42 
24.02 
24.53 
24.37 
10.84 
8.30 
11.36 
23.39 
25.93 
19.84 
8.32 
8.32 
8.33 
16.46 
8.33 
9.85 
23.73 
23.72 
29.30 
14.58 
19.65 
14.56 
8.30 
28.75 
29.41 
15.04 
24.32 
24.98 
14.16 
26.46 
27.80 
22.21 
29.78 
28.24 
27.03 
11.52 
18.74 
18.21 
25.25 
22.03 
14.11 
28.85 
19.26 
26.10 
10.33 
7.96 
9.11 
29.12 
26.91 
25.70 
12.17 
13.97 
7.79 
17.89 
25.30 
25.42 
17.93 
23.17 
17.35 
21.25 
12.98 
26.89 
23.55 
27.42 
26.04 
26.63 
25.75 
26.65 
25.93 
22.46 
22.87 
22.48 
19.67 
20.25 
18.90 
14.84 
21.79 
25.20 
17.83 
6.86 
24.77 
8.97 
17.22 
20.27 
23.14 
12.65 
10.27 
21.62 
24.13 
22.80 
22.70 
21.38 
22.33 
20.72 
21.52 
20.06 
17.57 
7.99 
13.10 
16.70 
21.73 
11.11 
7.12 
22.52 
22.11 
21.69 
21.57 
21.01 
20.46 
18.65 
5.43 
13.84 
15.40 
14.88 
11.78 
10.20 
15.25 
10.85 
10.50 
4.98 
8.62 
15.23 
17.33 
13.32 
10.65 
14.52 
17.59 
8.50 
17.70 
16.69 
16.69 
15.33 
16.67 
16.67 
15.81 
15.69 
15.92 
14.02 
13.44 
13.91 
13.22 
3.95 
15.17 
14.25 
10.77 
14.47 
14.46 
11.71 
13.90 
12.06 
8.20 
5.99 
9.54 
11.88 
12.83 
12.31 
12.01 
5.16 
3.29 
3.26 
7.84 
10.66 
12.17 
8.05 
10.14 
11.33 
10.96 
10.69 
11.19 
9.98 
10.48 
10.61 
10.36 
9.18 
10.98 
10.73 
9.58 
10.62 
10.57 
10.34 
8.95 
10.43 
9.85 
9.28 
7.74 
2.67 
9.99 
9.08 
10.02 
7.63 
9.55 
8.39 
8.99 
9.59 
7.93 
9.49 
8.79 
8.88 
8.53 
2.61 
4.88 
2.62 
2.62 
7.10 
6.23 
9.94 
9.61 
9.90 
9.14 
9.52 
8.93 
7.72 
9.18 
8.86 
8.90 
9.58 
2.79 
9.13 
9.55 
8.95 
2.87 
9.71 
10.34 
2.94 
8.67 
2.99 
3.02 
3.05 
10.76 
11.53 
11.31 
3.16 
10.58 
5.14 
10.45 
11.75 
12.26 
12.25 
11.41 
10.46 
11.81 
8.82 
12.86 
13.08 
12.53 
13.08 
12.08 
12.85 
13.85 
14.19 
14.43 
13.75 
14.78 
15.14 
13.86 
12.21 
12.43 
13.37 
13.96 
16.26 
14.56 
4.37 
15.17 
16.78 
17.04 
15.66 
16.03 
4.66 
15.13 
18.09 
18.61 
18.36 
18.89 
17.43 
5.01 
18.09 
16.05 
18.61 
6.58 
19.83 
16.92 
19.68 
17.01 
18.67 
15.40 
18.91 
5.61 
16.13 
8.30 
20.25 
21.39 
17.12 
22.22 
21.45 
6.00 
17.37 
20.16 
11.55 
17.81 
21.99 
23.01 
23.58 
9.14 
22.26 
21.90 
6.52 
18.52 
6.60 
13.53 
13.60 
24.05 
21.62 
20.28 
15.75 
22.35 
22.59 
6.99 
7.03 
7.07 
16.62 
18.30 
19.49 
23.13 
23.53 
23.11 
24.15 
26.19 
26.25 
17.29 
24.41 
7.50 
27.51 
28.06 
22.17 
7.63 
19.28 
10.35 
21.70 
15.41 
16.95 
23.16 
26.05 
23.41 
26.30 
14.44 
24.53 
19.53 
16.37 
24.30 
25.34 
25.54 
29.45 
28.80 
22.43 
27.68 
28.55 
27.90 
28.43 
14.26 
17.66 
19.70 
8.22 
20.75 
16.87 
24.50 
30.60 
30.79 
23.86 
23.53 
21.17 
17.62 
10.00 
15.26 
8.32 
8.32 
8.32 
21.87 
19.33 
11.21 
27.80 
18.48 
29.65 
27.96 
14.07 
22.19 
15.75 
12.87 
13.71 
26.04 
22.99 
26.36 
30.91 
20.42 
10.95 
29.33 
27.96 
21.37 
23.54 
22.34 
13.39 
30.38 
23.45 
8.12 
20.04 
26.90 
15.29 
19.12 
19.09 
24.59 
22.38 
25.69 
27.16 
25.45 
24.24 
23.20 
23.99 
13.31 
22.74 
14.23 
9.56 
22.44 
25.20 
25.98 
24.44 
22.24 
16.43 
14.25 
14.05 
7.46 
7.42 
18.48 
13.38 
8.78 
9.55 
26.18 
19.32 
7.17 
10.83 
24.26 
16.98 
14.36 
22.90 
20.91 
16.56 
19.65 
20.68 
22.32 
24.11 
6.69 
6.65 
24.75 
22.95 
21.93 
8.16 
17.75 
20.71 
17.88 
13.71 
16.19 
7.10 
22.60 
22.79 
19.26 
18.12 
14.79 
21.29 
16.22 
19.60 
17.32 
16.21 
17.97 
5.62 
5.57 
5.52 
5.48 
17.28 
18.69 
8.64 
18.04 
17.10 
17.12 
18.08 
17.96 
17.83 
4.98 
9.55 
16.41 
15.64 
18.37 
9.11 
18.10 
17.08 
16.45 
15.44 
14.83 
15.58 
14.60 
11.55 
15.94 
15.33 
8.16 
8.92 
4.13 
13.09 
14.49 
14.03 
14.15 
14.03 
8.49 
12.12 
13.13 
13.47 
12.37 
12.70 
12.82 
12.28 
12.40 
12.40 
11.67 
3.43 
11.48 
10.98 
3.32 
3.29 
11.63 
9.74 
10.86 
6.62 
8.83 
9.06 
10.36 
10.77 
10.98 
10.62 
2.97 
8.03 
10.23 
7.09 
10.39 
7.74 
10.00 
9.67 
8.25 
9.30 
4.29 
7.96 
8.10 
6.82 
4.92 
3.84 
4.44 
4.52 
8.29 
6.07 
9.04 
8.06 
8.39 
6.29 
8.72 
8.63 
6.10 
5.31 
8.79 
8.88 
8.98 
8.55 
9.43 
8.57 
7.36 
2.64 
9.41 
9.70 
9.20 
9.64 
7.45 
7.75 
9.73 
9.50 
9.81 
8.41 
9.99 
10.03 
9.54 
9.50 
10.47 
10.06 
10.21 
10.18 
8.93 
3.32 
10.57 
6.91 
10.71 
9.62 
9.89 
10.94 
10.92 
11.40 
11.58 
10.26 
11.15 
10.73 
10.31 
9.67 
9.02 
10.25 
10.12 
6.17 
12.01 
10.92 
11.01 
9.36 
12.96 
12.74 
11.39 
3.83 
12.72 
14.32 
15.01 
14.21 
8.37 
4.09 
12.31 
15.64 
12.52 
14.68 
8.47 
14.43 
16.65 
13.17 
17.04 
17.30 
16.16 
4.66 
6.00 
11.36 
15.75 
18.62 
13.74 
18.76 
17.02 
16.88 
10.24 
15.08 
19.56 
18.87 
10.01 
19.12 
19.95 
15.86 
20.63 
17.49 
5.61 
20.01 
16.52 
21.70 
21.82 
20.78 
20.75 
22.78 
14.75 
16.92 
17.91 
23.72 
19.92 
11.08 
23.31 
23.27 
23.84 
23.49 
22.83 
22.31 
6.56 
21.26 
18.54 
22.70 
19.80 
24.78 
25.19 
24.01 
11.36 
17.64 
9.07 
26.12 
19.45 
7.11 
12.32 
26.30 
22.32 
27.43 
24.90 
15.33 
22.42 
16.25 
23.37 
25.57 
21.34 
26.18 
26.25 
26.47 
18.57 
21.93 
22.31 
20.86 
29.07 
23.29 
7.80 
20.03 
18.39 
27.64 
25.67 
20.51 
25.91 
7.97 
30.02 
28.20 
20.83 
24.73 
26.28 
22.09 
9.63 
27.20 
28.91 
28.94 
26.09 
26.28 
30.69 
16.84 
27.68 
23.47 
23.31 
23.33 
17.75 
28.43 
31.32 
29.80 
29.47 
21.69 
29.14 
11.70 
19.67 
11.03 
21.87 
30.00 
23.91 
28.48 
26.95 
27.62 
23.89 
19.49 
23.54 
31.49 
29.62 
30.28 
29.93 
30.43 
27.71 
10.29 
8.26 
30.53 
26.97 
8.22 
30.47 
21.85 
20.65 
25.35 
8.15 
29.51 
26.96 
8.10 
8.09 
24.69 
18.11 
27.47 
30.45 
21.88 
22.51 
17.80 
28.29 
24.07 
9.03 
24.99 
20.29 
9.95 
21.04 
8.73 
29.06 
26.03 
14.91 
25.10 
23.23 
23.83 
22.46 
7.49 
27.58 
27.68 
28.10 
26.56 
22.91 
22.69 
7.25 
22.39 
11.85 
15.82 
24.26 
12.66 
25.21 
26.08 
6.94 
6.90 
23.13 
18.63 
21.69 
22.55 
18.24 
23.76 
18.86 
9.34 
10.21 
6.47 
8.42 
6.38 
6.94 
15.22 
16.19 
19.86 
22.46 
23.53 
18.22 
23.00 
21.70 
21.00 
19.28 
17.28 
8.08 
19.95 
21.69 
20.57 
15.35 
19.34 
15.85 
18.95 
19.39 
19.54 
18.04 
8.91 
18.48 
19.03 
16.62 
18.77 
18.24 
18.90 
6.59 
15.51 
14.36 
10.27 
4.69 
9.21 
17.20 
16.95 
13.46 
11.00 
16.19 
6.31 
13.52 
15.09 
14.02 
14.85 
14.61 
15.78 
9.50 
15.07 
13.57 
14.94 
13.69 
3.82 
11.80 
3.74 
13.25 
13.25 
12.71 
12.71 
12.61 
12.82 
8.83 
3.43 
8.16 
4.29 
3.32 
6.64 
10.73 
12.15 
9.67 
11.57 
10.01 
9.94 
10.84 
9.90 
10.88 
10.33 
9.32 
8.32 
5.92 
10.64 
4.91 
4.79 
9.26 
3.91 
6.62 
7.03 
5.47 
10.03 
9.54 
2.71 
9.28 
8.01 
4.00 
6.28 
3.89 
5.63 
4.39 
9.55 
8.31 
9.87 
9.33 
8.71 
8.80 
8.79 
8.62 
6.97 
2.61 
9.25 
7.07 
8.31 
8.67 
4.39 
9.32 
8.64 
2.66 
8.16 
2.68 
9.47 
8.43 
5.24 
3.73 
2.76 
9.76 
2.79 
9.04 
7.80 
9.88 
9.75 
9.81 
8.65 
9.84 
8.10 
5.09 
8.40 
9.14 
10.86 
10.06 
10.92 
11.60 
10.98 
10.77 
11.05 
10.53 
12.15 
11.73 
11.10 
11.71 
12.44 
10.74 
12.22 
7.79 
8.84 
10.67 
3.71 
8.08 
3.79 
13.63 
11.48 
7.23 
14.55 
14.32 
14.09 
10.09 
15.04 
10.75 
14.44 
12.75 
13.83 
13.94 
15.54 
11.31 
7.65 
4.56 
12.48 
16.29 
15.77 
5.28 
13.80 
15.61 
4.91 
6.15 
18.09 
17.82 
7.95 
15.08 
16.28 
5.26 
19.13 
17.32 
19.81 
6.86 
8.19 
10.25 
9.32 
16.56 
16.67 
15.47 
19.78 
20.63 
16.93 
21.31 
9.41 
6.05 
8.49 
19.81 
21.88 
20.32 
20.58 
21.59 
23.23 
19.34 
13.41 
16.89 
22.41 
14.71 
20.41 
24.74 
19.33 
13.41 
18.85 
17.98 
15.18 
20.04 
13.23 
7.03 
11.73 
25.65 
25.25 
10.10 
8.84 
14.58 
22.45 
24.97 
25.53 
26.75 
25.67 
15.53 
21.84 
10.67 
25.09 
24.48 
13.43 
19.61 
26.64 
24.53 
25.91 
22.12 
7.80 
20.53 
7.85 
18.60 
17.12 
25.20 
27.09 
17.55 
21.78 
22.48 
29.75 
26.25 
8.08 
8.10 
18.91 
27.71 
13.04 
21.34 
25.41 
24.25 
29.17 
26.99 
25.65 
26.68 
22.64 
14.36 
8.27 
17.25 
23.19 
27.94 
20.83 
28.29 
21.01 
16.62 
17.80 
15.27 
25.09 
30.51 
15.44 
28.65 
24.92 
26.44 
26.77 
25.41 
18.81 
18.12 
19.98 
8.30 
14.04 
27.89 
21.80 
19.92 
28.52 
26.14 
8.24 
28.98 
8.21 
12.24 
25.88 
25.01 
14.89 
22.10 
8.12 
24.07 
21.69 
28.55 
9.05 
27.31 
25.93 
26.57 
26.03 
25.49 
27.79 
22.41 
13.37 
24.16 
20.79 
12.94 
7.76 
7.74 
9.53 
7.68 
9.79 
26.42 
25.70 
7.56 
14.09 
26.67 
21.86 
8.57 
21.74 
14.84 
25.35 
24.47 
22.46 
15.93 
7.17 
14.53 
20.09 
7.06 
23.94 
22.10 
23.77 
17.51 
22.97 
20.83 
23.42 
22.86 
17.93 
12.25 
12.50 
22.02 
7.90 
19.68 
22.04 
19.49 
6.34 
6.29 
10.77 
18.21 
22.01 
21.89 
22.08 
21.52 
7.87 
5.91 
5.87 
5.82 
5.77 
5.72 
7.67 
22.14 
18.04 
16.94 
15.57 
19.79 
19.67 
19.82 
19.00 
17.24 
5.18 
5.13 
15.81 
18.77 
18.11 
18.11 
18.51 
9.26 
11.77 
4.74 
8.14 
14.03 
13.42 
16.57 
16.69 
16.19 
15.45 
4.36 
12.18 
11.36 
6.61 
4.17 
4.13 
7.36 
14.61 
11.61 
4.98 
11.30 
13.24 
11.45 
13.02 
10.81 
12.81 
12.16 
12.06 
11.85 
11.12 
5.52 
12.20 
7.71 
11.80 
3.36 
8.64 
11.83 
8.91 
11.04 
11.56 
10.78 
5.59 
6.72 
9.77 
10.77 
10.31 
5.28 
10.55 
9.45 
6.11 
10.17 
7.05 
9.31 
9.45 
9.21 
9.07 
9.30 
9.08 
4.27 
9.18 
7.35 
8.66 
5.26 
8.07 
7.61 
8.11 
3.87 
8.95 
8.84 
8.48 
8.91 
8.72 
8.45 
8.36 
7.75 
7.84 
9.06 
9.59 
7.85 
8.99 
8.39 
8.58 
2.64 
7.65 
8.38 
9.90 
2.67 
4.82 
6.08 
9.06 
10.44 
7.60 
8.27 
10.13 
8.99 
10.23 
9.27 
7.84 
9.47 
9.71 
10.43 
10.69 
10.76 
10.16 
10.13 
10.88 
9.30 
10.74 
7.86 
11.30 
11.48 
4.63 
10.55 
11.85 
11.74 
12.15 
11.93 
10.77 
12.13 
12.12 
9.44 
12.54 
9.06 
13.51 
9.88 
3.75 
13.63 
7.77 
12.95 
14.43 
13.75 
4.01 
14.79 
12.68 
14.21 
13.61 
4.23 
4.28 
12.00 
14.43 
13.19 
4.47 
4.52 
14.02 
15.91 
14.88 
17.44 
16.15 
16.14 
13.77 
17.96 
17.56 
18.49 
19.03 
16.19 
15.08 
12.32 
5.26 
16.37 
19.68 
17.99 
17.69 
9.75 
7.12 
19.88 
19.43 
16.09 
21.12 
18.91 
21.36 
22.07 
22.19 
21.72 
20.94 
17.32 
6.14 
22.33 
21.53 
22.25 
18.08 
15.57 
22.26 
19.59 
15.65 
24.12 
24.22 
23.07 
18.46 
21.53 
25.09 
24.08 
18.45 
25.37 
24.03 
18.51 
21.79 
11.09 
19.36 
22.98 
10.42 
19.40 
22.06 
18.87 
12.56 
15.38 
23.96 
26.98 
17.67 
11.29 
23.05 
28.23 
25.97 
7.63 
10.15 
26.80 
13.04 
23.57 
28.96 
22.16 
22.70 
28.77 
12.57 
10.42 
20.84 
12.48 
28.47 
25.48 
29.21 
22.68 
20.02 
23.41 
27.99 
22.28 
9.31 
29.42 
8.16 
26.59 
23.07 
27.65 
25.97 
16.86 
15.35 
19.59 
25.70 
29.26 
17.42 
14.55 
29.97 
28.45 
21.86 
16.10 
22.54 
24.58 
27.29 
27.97 
25.94 
18.66 
8.33 
25.43 
8.32 
27.45 
29.81 
17.45 
29.80 
18.79 
24.36 
8.29 
11.83 
27.20 
24.65 
16.03 
14.16 
21.91 
24.25 
26.43 
18.99 
17.28 
26.19 
26.00 
21.94 
19.22 
18.52 
15.31 
8.07 
12.24 
21.61 
19.23 
23.39 
23.69 
11.28 
15.93 
23.57 
27.03 
21.49 
7.82 
22.91 
28.01 
25.64 
25.75 
19.42 
24.32 
22.13 
20.43 
23.67 
25.58 
24.54 
25.13 
26.21 
23.37 
18.75 
7.32 
9.23 
21.81 
7.21 
26.99 
24.01 
25.06 
22.90 
24.90 
22.58 
6.94 
12.13 
6.86 
16.90 
16.98 
20.82 
18.24 
9.60 
22.74 
19.86 
12.37 
23.82 
22.95 
19.19 
11.35 
10.23 
18.46 
6.20 
17.22 
12.66 
17.92 
20.19 
15.96 
5.91 
22.19 
16.70 
21.22 
21.10 
21.12 
21.00 
19.46 
19.19 
16.97 
14.49 
14.53 
6.43 
19.55 
19.56 
19.43 
18.89 
18.09 
8.50 
18.77 
18.37 
16.54 
11.73 
16.82 
11.17 
12.23 
8.58 
8.88 
12.56 
4.50 
15.45 
16.31 
15.82 
13.64 
10.28 
12.46 
6.07 
5.78 
15.20 
13.33 
3.99 
14.49 
11.87 
13.01 
10.33 
5.90 
3.74 
3.70 
3.66 
3.62 
3.58 
3.86 
7.32 
7.57 
12.41 
11.90 
6.24 
11.51 
11.72 
11.33 
11.14 
9.97 
3.16 
7.95 
11.11 
10.26 
9.41 
9.35 
11.10 
4.48 
9.16 
5.35 
9.89 
9.92 
2.85 
9.72 
8.30 
3.34 
9.12 
8.17 
2.74 
2.72 
9.23 
9.91 
9.61 
8.69 
9.99 
8.82 
8.44 
9.39 
7.44 
9.53 
8.73 
8.55 
8.02 
8.10 
9.32 
9.23 
8.45 
8.80 
9.86 
8.21 
5.77 
7.88 
7.37 
2.64 
7.94 
8.93 
9.05 
8.99 
9.82 
8.79 
9.00 
5.17 
8.36 
8.85 
9.72 
10.69 
10.10 
9.32 
9.56 
7.10 
7.90 
8.80 
10.19 
3.95 
3.02 
10.69 
11.35 
10.94 
11.22 
9.12 
11.08 
11.37 
8.62 
11.75 
11.54 
9.98 
12.35 
12.24 
11.18 
10.21 
12.43 
12.54 
12.86 
13.29 
9.00 
14.07 
14.30 
3.83 
11.82 
14.09 
10.75 
12.47 
14.56 
15.39 
14.92 
13.97 
14.44 
10.69 
15.05 
9.28 
13.93 
15.79 
15.41 
13.14 
12.35 
4.66 
4.71 
4.76 
4.81 
4.86 
18.23 
18.49 
16.62 
16.61 
19.43 
19.29 
19.02 
19.14 
19.55 
10.22 
18.97 
10.80 
19.64 
18.91 
19.46 
6.95 
5.71 
19.96 
21.82 
20.63 
16.78 
22.49 
17.86 
20.94 
17.61 
22.67 
17.50 
13.81 
22.10 
23.88 
23.84 
24.57 
22.67 
23.55 
16.66 
6.60 
18.38 
23.95 
23.10 
24.30 
22.02 
24.65 
24.10 
13.17 
23.15 
16.82 
22.83 
25.17 
19.10 
7.18 
24.43 
19.13 
25.39 
20.23 
22.42 
7.40 
21.56 
26.72 
23.65 
25.36 
27.40 
22.83 
17.41 
24.26 
11.18 
19.03 
7.75 
26.96 
25.67 
26.21 
19.23 
23.45 
28.02 
21.01 
21.04 
23.43 
8.00 
19.79 
24.87 
27.93 
20.72 
28.33 
29.20 
26.19 
11.19 
30.46 
12.91 
26.95 
29.17 
17.86 
24.64 
22.45 
8.42 
22.48 
26.89 
18.27 
28.95 
29.12 
22.02 
20.50 
12.38 
17.63 
29.32 
25.77 
24.24 
15.61 
10.87 
16.96 
20.52 
24.91 
14.75 
24.74 
8.31 
9.49 
8.30 
17.94 
30.27 
28.57 
30.41 
28.37 
23.96 
22.43 
24.27 
10.42 
17.15 
12.92 
19.81 
24.17 
17.24 
20.08 
9.47 
29.11 
29.25 
28.21 
24.99 
21.61 
19.57 
7.98 
29.04 
21.81 
25.11 
7.89 
18.87 
13.17 
17.13 
25.40 
7.76 
7.74 
11.35 
16.94 
19.54 
24.27 
21.58 
22.68 
9.00 
11.10 
27.09 
23.43 
7.39 
23.47 
20.64 
7.28 
23.91 
18.19 
7.17 
8.90 
24.42 
20.18 
20.27 
24.17 
22.98 
24.95 
21.86 
19.26 
6.78 
19.73 
24.02 
20.34 
6.60 
6.56 
7.13 
19.52 
20.05 
23.92 
18.34 
18.40 
21.32 
21.67 
6.15 
10.72 
11.99 
12.07 
16.99 
20.41 
18.55 
11.04 
20.21 
15.35 
14.40 
5.62 
18.18 
13.56 
5.48 
5.43 
10.37 
10.85 
19.96 
19.69 
19.29 
17.54 
16.75 
18.63 
4.98 
14.03 
17.98 
11.60 
13.19 
11.68 
12.86 
17.84 
16.95 
16.45 
10.84 
4.45 
12.38 
15.70 
13.88 
15.09 
15.21 
4.17 
10.73 
13.79 
15.19 
14.72 
3.95 
13.92 
12.67 
11.90 
12.69 
9.38 
13.14 
11.07 
3.62 
3.58 
10.69 
11.13 
3.47 
12.41 
9.93 
3.36 
9.26 
11.62 
11.94 
11.85 
9.77 
10.39 
10.90 
9.45 
10.74 
8.84 
10.12 
7.47 
10.74 
10.01 
7.51 
10.54 
10.02 
10.70 
9.91 
10.31 
2.79 
2.77 
9.62 
3.64 
10.25 
2.71 
4.74 
9.25 
10.02 
8.58 
9.70 
5.54 
2.64 
2.63 
4.20 
2.62 
9.59 
8.36 
8.53 
2.61 
9.14 
5.31 
9.15 
8.72 
7.77 
8.13 
9.02 
2.64 
8.53 
9.17 
4.43 
8.40 
9.05 
8.99 
8.49 
9.15 
8.55 
8.23 
8.81 
10.13 
9.45 
8.12 
10.01 
9.23 
4.73 
10.28 
10.81 
10.40 
10.28 
5.19 
3.02 
9.62 
7.45 
4.47 
11.02 
10.60 
11.58 
11.37 
11.26 
10.12 
9.59 
3.36 
12.14 
11.19 
3.47 
12.23 
10.83 
12.86 
12.53 
11.43 
10.87 
6.19 
7.81 
13.63 
13.63 
12.72 
14.09 
10.15 
4.05 
12.68 
15.04 
15.16 
14.20 
15.41 
15.53 
14.80 
4.42 
11.68 
15.41 
10.99 
16.54 
5.17 
15.64 
17.18 
14.19 
13.25 
14.27 
14.91 
16.89 
17.28 
14.57 
5.16 
19.15 
18.46 
17.06 
11.75 
19.11 
16.00 
8.33 
20.47 
20.46 
21.01 
16.38 
21.26 
21.39 
19.75 
22.22 
14.52 
12.23 
20.35 
9.24 
19.66 
23.08 
20.32 
6.29 
17.32 
23.54 
17.19 
14.65 
19.83 
12.62 
24.07 
18.07 
19.40 
15.55 
22.41 
23.92 
14.33 
23.78 
6.95 
22.19 
23.72 
7.07 
15.81 
24.28 
26.30 
19.72 
20.43 
19.03 
27.75 
27.49 
25.43 
25.67 
25.89 
22.33 
24.70 
23.60 
19.85 
11.77 
16.46 
27.97 
27.52 
20.41 
24.62 
28.17 
26.88 
12.71 
11.40 
25.84 
26.21 
25.75 
19.57 
21.44 
23.49 
8.04 
21.87 
20.04 
19.39 
16.55 
30.07 
29.76 
20.83 
18.48 
26.11 
28.49 
14.98 
8.23 
8.24 
9.10 
20.28 
16.23 
26.06 
30.30 
29.29 
24.73 
25.75 
13.39 
8.32 
19.16 
24.07 
23.57 
8.33 
15.95 
8.33 
17.81 
19.50 
23.05 
30.49 
26.59 
15.42 
22.01 
8.30 
8.29 
28.74 
24.33 
22.80 
29.88 
28.00 
24.44 
15.98 
8.21 
8.20 
13.41 
24.84 
25.66 
18.40 
8.79 
28.78 
21.86 
10.92 
22.47 
25.46 
23.08 
8.82 
25.86 
27.49 
22.94 
7.89 
7.87 
24.16 
12.47 
25.40 
21.70 
21.99 
14.00 
26.69 
20.20 
24.27 
22.57 
7.56 
23.77 
25.03 
23.66 
10.20 
24.51 
24.28 
23.73 
17.01 
9.84 
26.10 
26.34 
22.89 
7.10 
20.02 
7.02 
22.42 
21.87 
24.16 
25.18 
14.85 
9.60 
10.49 
22.77 
21.43 
18.86 
23.88 
16.22 
6.47 
14.08 
23.15 
22.59 
6.29 
16.50 
22.57 
21.26 
14.30 
18.67 
22.85 
17.73 
17.19 
10.38 
7.41 
15.45 
15.64 
17.69 
13.03 
11.52 
18.21 
20.06 
20.21 
19.39 
16.78 
18.45 
5.23 
17.12 
19.43 
18.63 
17.70 
14.00 
7.17 
10.52 
16.42 
17.98 
12.58 
17.21 
11.49 
4.59 
11.69 
17.44 
16.07 
8.33 
11.80 
13.40 
14.73 
14.02 
6.07 
13.79 
9.70 
13.57 
13.11 
11.63 
7.77 
14.03 
12.68 
5.90 
3.74 
10.17 
12.92 
12.60 
10.03 
12.72 
12.72 
6.10 
4.37 
12.00 
12.42 
12.12 
7.05 
11.53 
11.35 
11.16 
11.47 
11.29 
10.53 
10.65 
10.96 
9.35 
9.19 
3.91 
10.30 
8.45 
9.14 
9.74 
10.24 
9.91 
10.04 
8.25 
9.57 
6.01 
10.21 
9.71 
9.32 
3.77 
9.78 
9.04 
9.55 
9.52 
9.76 
9.48 
8.23 
7.34 
9.60 
9.33 
9.76 
9.67 
8.36 
8.88 
8.97 
8.02 
8.11 
9.69 
6.12 
9.55 
9.57 
9.24 
9.26 
9.55 
8.34 
9.97 
9.38 
9.77 
9.00 
8.95 
7.73 
10.03 
9.90 
10.23 
10.47 
10.25 
10.21 
8.87 
10.43 
10.78 
9.05 
9.30 
11.00 
10.78 
10.66 
9.08 
3.13 
10.31 
11.38 
10.67 
11.86 
10.22 
12.05 
10.91 
11.20 
10.77 
12.87 
11.69 
12.01 
4.34 
3.63 
12.86 
13.85 
13.52 
13.85 
13.63 
4.33 
13.86 
13.40 
12.59 
5.68 
4.09 
15.28 
15.16 
13.00 
11.05 
4.33 
11.49 
7.88 
4.47 
16.41 
4.56 
16.41 
17.44 
12.04 
17.44 
17.18 
18.62 
16.25 
17.70 
18.76 
17.28 
6.73 
17.25 
16.83 
19.69 
19.69 
18.15 
18.69 
13.89 
9.61 
21.04 
20.74 
20.87 
20.27 
17.78 
15.85 
21.07 
13.40 
18.94 
18.16 
19.90 
8.49 
19.21 
18.86 
23.35 
22.55 
23.12 
23.08 
21.95 
19.28 
23.70 
6.56 
15.96 
14.78 
23.95 
22.95 
12.94 
8.88 
12.58 
15.02 
16.37 
18.51 
17.30 
23.96 
21.62 
23.63 
7.18 
25.24 
26.45 
25.55 
26.60 
26.51 
11.66 
19.92 
23.26 
24.64 
23.38 
16.00 
27.63 
22.22 
14.63 
7.69 
7.72 
28.74 
18.78 
22.83 
24.88 
26.42 
14.58 
23.16 
26.71 
26.92 
27.46 
27.50 
16.60 
16.29 
24.56 
28.47 
29.17 
28.52 
27.54 
25.37 
11.71 
9.36 
17.49 
27.14 
9.57 
24.98 
8.24 
31.10 
26.88 
17.58 
20.64 
26.58 
27.60 
25.58 
25.24 
19.83 
20.51 
23.06 
26.28 
10.87 
26.62 
21.37 
13.24 
30.51 
24.24 
13.06 
28.80 
29.13 
30.64 
14.90 
15.57 
14.89 
18.76 
16.89 
29.05 
21.94 
25.97 
10.26 
12.44 
8.21 
17.81 
22.17 
24.00 
23.81 
15.54 
19.05 
20.88 
24.21 
25.36 
26.33 
21.77 
15.38 
7.98 
7.96 
28.33 
27.62 
26.24 
27.70 
26.49 
7.82 
28.39 
24.03 
25.30 
14.33 
11.65 
10.29 
20.48 
27.51 
28.60 
24.76 
18.31 
27.42 
23.43 
17.66 
12.89 
19.02 
22.04 
23.59 
20.45 
26.02 
25.94 
18.32 
20.02 
7.02 
18.44 
23.14 
26.70 
26.13 
23.51 
13.21 
19.89 
8.25 
20.81 
6.60 
13.21 
24.70 
25.21 
23.41 
14.62 
13.48 
24.15 
18.15 
20.16 
6.15 
6.10 
17.63 
8.67 
22.29 
6.94 
17.67 
21.20 
18.48 
19.81 
19.69 
5.62 
5.57 
16.66 
18.23 
13.38 
19.80 
7.12 
18.18 
10.69 
5.18 
13.63 
12.59 
16.23 
14.39 
17.58 
17.59 
12.12 
12.29 
11.55 
4.69 
4.64 
17.20 
17.45 
16.20 
16.32 
16.81 
15.33 
9.16 
14.49 
10.79 
12.48 
14.38 
14.26 
14.26 
14.95 
13.57 
6.18 
6.46 
3.82 
3.78 
5.40 
14.34 
13.25 
12.82 
13.79 
12.82 
3.50 
7.78 
12.10 
7.34 
8.20 
12.33 
12.03 
11.43 
7.03 
6.68 
11.77 
11.29 
10.14 
9.29 
11.06 
10.98 
5.95 
9.51 
10.67 
5.82 
2.89 
10.11 
2.85 
8.80 
10.22 
9.89 
10.03 
9.80 
9.76 
5.32 
8.96 
9.37 
2.69 
7.63 
9.37 
9.70 
9.58 
8.16 
6.48 
4.98 
9.60 
5.93 
8.54 
7.49 
5.92 
9.32 
8.88 
9.41 
9.33 
5.94 
8.83 
9.20 
9.39 
7.04 
9.70 
