20050101
9.77 
8.62 
9.83 
8.95 
2.78 
6.82 
9.98 
9.75 
9.98 
9.56 
9.33 
10.03 
9.15 
9.10 
10.11 
9.69 
9.75 
9.91 
10.27 
11.12 
10.21 
9.98 
3.67 
11.33 
6.87 
8.65 
9.54 
3.33 
12.38 
10.49 
11.84 
12.78 
12.99 
3.97 
10.92 
4.38 
9.24 
5.02 
4.40 
13.62 
13.28 
12.82 
13.50 
12.69 
12.33 
4.38 
13.60 
4.12 
14.77 
15.49 
15.37 
14.28 
15.37 
12.91 
11.15 
16.12 
16.24 
15.73 
14.07 
14.69 
15.06 
12.84 
16.47 
18.04 
18.57 
18.43 
18.56 
18.43 
16.11 
19.23 
19.36 
19.76 
15.73 
19.75 
16.08 
14.78 
20.55 
18.25 
19.37 
10.27 
21.35 
15.80 
21.89 
21.72 
22.58 
20.77 
23.12 
22.79 
22.76 
12.47 
16.18 
15.96 
23.07 
23.48 
23.13 
23.24 
16.69 
6.51 
21.37 
19.27 
20.30 
21.64 
24.26 
25.31 
25.09 
25.02 
24.47 
19.91 
17.90 
20.54 
25.62 
26.84 
18.00 
26.36 
25.13 
21.45 
26.10 
20.27 
22.46 
21.87 
27.70 
27.43 
26.34 
25.74 
21.99 
28.35 
26.08 
27.97 
28.69 
15.55 
27.80 
26.84 
21.53 
23.25 
24.13 
7.86 
15.46 
26.94 
27.65 
19.59 
15.74 
30.46 
30.66 
29.68 
22.95 
28.39 
18.43 
29.12 
9.83 
26.12 
25.63 
19.89 
31.44 
31.46 
25.88 
8.23 
26.76 
27.62 
8.26 
21.53 
30.04 
30.73 
25.12 
29.04 
30.58 
30.58 
26.00 
27.87 
29.23 
24.81 
29.91 
31.61 
28.89 
20.90 
14.27 
17.15 
8.31 
15.96 
14.42 
29.70 
31.05 
31.03 
13.71 
30.84 
29.47 
31.15 
31.13 
25.18 
17.03 
29.89 
26.14 
29.84 
30.16 
24.55 
27.40 
20.28 
27.52 
28.16 
24.59 
28.61 
21.84 
18.61 
9.00 
7.97 
24.90 
29.56 
26.84 
17.25 
27.92 
28.55 
23.32 
24.28 
27.90 
22.02 
15.50 
21.43 
28.01 
27.29 
23.60 
19.09 
16.24 
24.09 
25.83 
10.36 
19.81 
22.37 
17.90 
7.27 
23.80 
27.94 
27.85 
25.84 
23.66 
24.39 
22.86 
16.71 
18.72 
22.94 
25.39 
24.35 
25.05 
22.44 
20.00 
24.44 
22.94 
25.33 
24.45 
23.73 
22.70 
7.60 
23.71 
23.45 
21.98 
18.70 
6.15 
9.99 
17.97 
6.01 
15.11 
22.96 
20.06 
6.55 
5.77 
19.43 
20.47 
12.34 
20.94 
20.67 
20.40 
14.95 
18.20 
5.33 
14.93 
17.85 
18.41 
19.10 
19.37 
18.84 
4.99 
19.24 
18.84 
18.45 
17.80 
14.96 
4.70 
14.22 
17.54 
17.28 
17.53 
17.27 
16.77 
14.92 
4.33 
12.76 
15.54 
15.78 
15.77 
15.29 
13.18 
11.10 
14.01 
13.10 
14.36 
14.02 
13.90 
13.46 
12.58 
13.58 
10.20 
12.60 
12.51 
12.94 
12.84 
12.64 
12.33 
12.13 
10.90 
12.36 
12.07 
11.57 
11.69 
7.11 
10.33 
11.35 
11.27 
11.10 
11.03 
11.15 
10.60 
10.73 
9.05 
10.98 
10.55 
10.02 
9.60 
9.92 
6.55 
9.83 
9.88 
9.66 
9.34 
9.13 
9.10 
9.34 
9.31 
9.65 
9.44 
9.51 
9.50 
9.30 
9.65 
9.55 
9.45 
8.38 
9.00 
8.02 
9.18 
9.18 
9.55 
9.20 
9.12 
8.07 
7.73 
8.01 
7.31 
9.50 
3.83 
2.76 
2.77 
9.44 
9.94 
9.61 
9.19 
9.88 
9.47 
8.49 
5.81 
6.88 
8.72 
10.20 
6.72 
8.50 
9.91 
5.21 
3.09 
3.12 
7.01 
10.15 
8.22 
9.70 
10.79 
10.46 
10.33 
7.51 
8.83 
6.80 
12.04 
12.88 
13.09 
13.19 
11.99 
3.66 
12.08 
13.62 
13.62 
13.73 
13.84 
13.96 
8.43 
11.87 
9.98 
15.36 
15.48 
15.85 
16.09 
15.62 
7.34 
16.60 
16.36 
13.76 
15.99 
13.97 
5.34 
13.69 
16.23 
18.03 
17.52 
17.91 
18.44 
18.17 
18.30 
14.14 
18.16 
11.50 
17.45 
19.36 
13.14 
19.48 
18.91 
19.31 
10.54 
19.84 
18.54 
20.38 
19.49 
21.20 
20.16 
21.30 
20.84 
17.85 
11.43 
22.52 
14.72 
22.31 
22.27 
13.00 
22.35 
22.91 
18.89 
19.90 
12.90 
23.66 
22.21 
22.30 
23.03 
13.71 
22.43 
23.31 
20.24 
24.93 
19.60 
15.04 
14.79 
25.93 
26.02 
24.01 
25.06 
25.14 
19.53 
13.40 
24.23 
17.59 
25.68 
17.54 
26.15 
24.56 
26.11 
24.52 
18.12 
25.47 
18.72 
18.26 
7.64 
16.35 
28.92 
13.75 
10.77 
19.68 
29.12 
29.33 
25.18 
25.72 
25.93 
26.30 
12.17 
15.07 
29.78 
29.82 
20.89 
8.06 
8.08 
14.36 
30.99 
25.25 
23.75 
19.36 
26.67 
8.19 
26.71 
26.39 
24.53 
19.28 
24.56 
27.29 
18.98 
30.55 
20.53 
17.13 
15.95 
28.37 
30.58 
30.25 
29.91 
26.34 
10.36 
11.55 
28.55 
27.53 
27.19 
21.07 
20.21 
28.70 
28.53 
9.33 
22.23 
29.01 
28.15 
21.18 
22.19 
25.74 
30.98 
31.13 
22.47 
15.34 
20.06 
15.81 
29.16 
27.62 
25.90 
16.25 
22.14 
20.60 
23.78 
9.76 
26.58 
28.74 
28.71 
25.64 
27.12 
22.21 
12.62 
21.47 
24.79 
27.09 
25.04 
27.33 
10.77 
20.90 
20.86 
21.15 
24.92 
22.88 
23.49 
25.25 
13.31 
16.24 
10.27 
12.53 
10.20 
7.38 
10.61 
28.50 
23.54 
14.70 
20.97 
18.15 
15.03 
26.72 
21.50 
24.63 
25.50 
7.73 
9.27 
23.65 
11.87 
23.16 
6.72 
24.07 
12.89 
21.07 
6.55 
18.57 
22.03 
24.70 
21.83 
20.66 
17.53 
23.79 
23.68 
23.41 
19.86 
14.10 
19.20 
21.31 
21.79 
21.82 
17.03 
19.25 
20.87 
21.33 
20.78 
7.28 
12.60 
21.25 
19.86 
20.43 
20.02 
7.77 
19.49 
18.13 
18.01 
19.10 
17.10 
15.38 
11.70 
12.79 
17.40 
15.85 
17.54 
17.28 
16.01 
16.27 
16.53 
11.77 
13.67 
15.41 
12.96 
15.42 
8.16 
6.16 
15.54 
4.50 
13.53 
14.70 
4.02 
11.93 
14.59 
10.72 
14.58 
14.47 
13.35 
12.03 
7.75 
10.20 
13.47 
13.37 
13.48 
12.73 
11.06 
12.96 
12.55 
9.87 
12.26 
12.48 
10.46 
7.97 
10.71 
11.73 
11.45 
11.86 
10.52 
8.89 
9.22 
4.26 
5.76 
5.82 
10.80 
10.74 
10.49 
10.62 
10.48 
10.52 
10.11 
10.15 
5.63 
8.80 
5.04 
10.18 
10.06 
9.94 
3.00 
9.71 
9.69 
9.76 
9.39 
9.65 
9.55 
9.54 
9.71 
9.17 
9.62 
9.09 
9.63 
9.01 
5.55 
9.84 
9.68 
9.07 
2.72 
3.45 
5.53 
7.27 
6.02 
7.86 
5.79 
8.38 
9.24 
10.02 
10.25 
10.02 
10.54 
10.22 
10.37 
10.43 
8.49 
10.94 
11.10 
10.88 
10.66 
8.97 
11.39 
5.53 
11.55 
8.32 
5.86 
11.50 
10.36 
12.19 
11.03 
11.64 
12.57 
12.46 
12.88 
13.84 
12.98 
11.88 
12.64 
3.70 
5.18 
13.85 
14.07 
13.39 
12.24 
12.69 
15.11 
15.00 
14.65 
13.59 
14.89 
14.17 
15.74 
15.86 
16.11 
14.88 
16.36 
16.74 
15.49 
8.51 
4.63 
4.68 
13.12 
4.77 
4.82 
17.78 
18.17 
18.43 
18.16 
15.86 
19.37 
19.77 
18.40 
18.38 
18.37 
16.53 
14.40 
15.06 
5.51 
12.41 
20.66 
20.64 
18.74 
5.76 
21.30 
19.07 
22.43 
19.44 
22.82 
21.30 
9.25 
18.05 
19.36 
22.96 
23.98 
23.02 
7.60 
23.39 
22.42 
24.54 
23.40 
23.50 
18.89 
15.50 
25.21 
25.31 
11.10 
19.44 
25.11 
17.67 
20.15 
25.70 
23.36 
24.57 
7.13 
26.19 
27.58 
27.66 
27.41 
22.73 
24.60 
14.96 
28.36 
22.32 
28.82 
23.09 
29.12 
28.52 
27.08 
19.14 
28.86 
25.41 
20.94 
29.19 
29.74 
28.28 
15.06 
28.37 
29.59 
29.80 
30.01 
17.40 
28.74 
8.00 
22.55 
23.26 
30.05 
30.93 
29.77 
30.82 
30.00 
9.84 
20.04 
31.25 
30.59 
20.43 
29.27 
30.82 
22.85 
23.88 
29.67 
19.49 
23.58 
29.20 
20.53 
8.30 
21.57 
27.18 
23.45 
28.55 
8.32 
8.32 
8.32 
27.70 
10.53 
12.23 
28.37 
24.97 
26.66 
10.52 
26.48 
13.23 
8.30 
28.66 
30.68 
12.51 
24.04 
28.43 
17.40 
28.74 
24.82 
22.27 
30.88 
31.03 
29.31 
8.15 
14.22 
16.06 
28.19 
26.81 
11.44 
28.77 
18.98 
23.49 
16.90 
7.97 
10.97 
27.71 
24.83 
24.45 
14.71 
13.51 
7.80 
25.61 
27.90 
24.85 
21.31 
24.59 
24.20 
16.70 
18.48 
25.36 
25.96 
23.92 
26.98 
27.41 
28.81 
28.25 
25.73 
25.65 
23.96 
23.89 
24.62 
23.90 
23.66 
17.00 
23.51 
26.14 
18.08 
6.89 
24.76 
6.81 
21.26 
22.59 
25.01 
19.29 
10.64 
24.24 
24.60 
23.42 
24.24 
21.07 
24.32 
24.06 
24.40 
23.08 
19.96 
7.30 
13.95 
22.76 
22.64 
14.14 
5.87 
22.42 
22.30 
21.88 
21.62 
21.49 
21.22 
19.96 
5.48 
13.83 
13.88 
7.13 
12.59 
5.24 
15.27 
16.52 
10.88 
5.04 
5.92 
13.42 
17.92 
10.86 
14.68 
10.95 
17.41 
11.16 
17.66 
17.16 
17.28 
15.41 
14.92 
16.64 
16.51 
16.27 
15.90 
15.54 
12.33 
14.82 
13.65 
4.83 
14.36 
14.59 
12.88 
13.90 
14.24 
11.57 
13.91 
12.81 
12.38 
10.33 
12.07 
12.62 
12.84 
12.64 
12.64 
3.39 
4.39 
3.33 
3.91 
11.68 
11.69 
9.41 
10.14 
11.65 
11.47 
11.39 
11.13 
11.06 
8.87 
10.92 
10.76 
10.61 
10.64 
10.40 
6.24 
10.39 
10.34 
10.29 
10.06 
10.11 
9.89 
9.67 
9.19 
5.28 
9.58 
8.75 
9.89 
8.80 
9.85 
9.03 
9.38 
9.55 
9.18 
9.27 
9.09 
8.73 
8.73 
3.31 
5.45 
4.12 
4.13 
8.16 
6.29 
9.63 
9.92 
9.95 
9.61 
9.83 
9.41 
9.90 
9.57 
9.89 
9.93 
9.88 
3.70 
8.86 
9.85 
9.33 
7.02 
7.92 
10.55 
3.01 
6.81 
3.07 
4.07 
3.81 
5.72 
11.55 
11.13 
7.38 
11.29 
9.84 
8.89 
11.35 
11.75 
11.84 
11.40 
11.71 
12.55 
11.25 
12.32 
13.30 
12.19 
13.62 
13.62 
13.17 
13.96 
14.19 
14.30 
14.42 
13.95 
15.24 
14.06 
13.10 
14.29 
15.49 
15.13 
14.39 
15.13 
4.44 
8.11 
17.00 
17.13 
16.36 
16.75 
6.28 
11.67 
17.91 
18.30 
18.44 
18.70 
18.03 
7.23 
16.93 
18.68 
18.81 
5.82 
19.76 
18.07 
20.43 
18.31 
17.71 
14.40 
17.51 
6.38 
13.38 
12.01 
22.18 
21.57 
17.26 
23.00 
20.44 
6.05 
21.71 
21.97 
19.97 
19.46 
23.37 
24.10 
24.36 
15.06 
22.26 
21.43 
6.55 
20.68 
10.41 
6.68 
13.36 
22.77 
22.70 
21.67 
23.99 
24.24 
23.04 
7.02 
7.05 
11.63 
11.03 
23.27 
20.08 
22.10 
22.50 
26.17 
27.06 
25.98 
26.71 
21.66 
22.70 
7.52 
25.64 
28.52 
26.25 
7.64 
25.52 
11.38 
25.79 
19.14 
20.02 
27.44 
26.98 
20.47 
27.91 
15.49 
23.94 
24.65 
26.37 
28.43 
24.92 
24.78 
29.55 
30.42 
24.69 
25.73 
29.83 
31.04 
31.06 
23.45 
15.83 
29.26 
8.22 
26.06 
24.89 
28.13 
30.52 
31.04 
24.43 
28.01 
25.63 
14.25 
8.30 
8.31 
9.50 
15.12 
16.48 
28.89 
23.28 
21.41 
26.68 
22.09 
28.71 
29.56 
21.23 
23.60 
18.16 
22.06 
15.43 
25.77 
25.76 
30.33 
31.50 
20.29 
8.25 
31.62 
30.58 
22.27 
27.49 
27.30 
8.17 
31.15 
30.27 
8.12 
23.80 
30.02 
21.73 
21.02 
17.46 
26.52 
29.85 
28.80 
30.27 
29.56 
28.34 
27.30 
28.59 
22.03 
18.82 
15.94 
18.57 
24.35 
28.13 
29.40 
21.22 
26.47 
17.65 
23.38 
17.39 
18.17 
7.44 
18.72 
12.12 
7.34 
12.03 
17.36 
25.74 
11.09 
10.72 
25.35 
21.09 
10.58 
26.71 
22.47 
20.16 
19.92 
21.59 
21.03 
24.10 
13.95 
9.50 
25.38 
25.43 
24.24 
17.33 
20.49 
24.70 
17.39 
7.55 
14.79 
6.24 
23.83 
23.71 
23.45 
20.80 
22.02 
22.79 
19.14 
20.50 
20.97 
15.92 
20.59 
9.84 
8.34 
5.58 
5.53 
13.36 
19.02 
10.54 
20.44 
20.31 
20.04 
19.63 
19.50 
18.83 
5.04 
4.99 
15.80 
18.06 
19.10 
9.61 
18.32 
16.26 
17.92 
17.54 
17.41 
16.65 
16.40 
14.67 
15.42 
16.51 
13.00 
11.33 
4.19 
14.35 
15.18 
15.29 
15.05 
14.82 
11.49 
13.56 
14.24 
14.47 
14.13 
14.02 
13.91 
13.36 
13.58 
13.37 
12.41 
5.09 
10.32 
12.85 
4.64 
5.12 
11.85 
11.25 
12.38 
10.28 
11.61 
10.24 
11.25 
11.47 
11.20 
11.13 
3.52 
9.07 
10.92 
6.48 
10.80 
9.51 
10.49 
10.53 
9.83 
10.24 
4.30 
6.48 
9.75 
9.34 
7.13 
9.10 
8.80 
3.28 
9.74 
8.10 
9.60 
9.50 
9.66 
9.73 
9.55 
9.45 
9.36 
8.91 
9.09 
9.62 
9.18 
9.73 
9.65 
9.21 
7.44 
2.71 
9.72 
9.83 
9.77 
9.86 
7.63 
8.65 
8.68 
9.44 
9.94 
9.43 
6.70 
10.07 
10.12 
9.51 
10.60 
10.56 
10.05 
10.59 
7.01 
9.56 
10.98 
9.68 
10.92 
10.80 
10.68 
10.75 
11.23 
11.31 
11.40 
11.79 
11.57 
11.55 
11.85 
12.05 
10.87 
9.79 
11.59 
11.79 
11.56 
11.54 
13.62 
6.74 
13.62 
13.96 
14.07 
3.90 
12.58 
14.07 
14.89 
14.77 
10.98 
6.90 
13.45 
15.86 
13.67 
16.11 
10.31 
13.13 
16.62 
14.35 
16.87 
17.13 
17.64 
5.50 
8.93 
15.68 
17.38 
18.70 
17.50 
19.24 
19.10 
16.52 
5.17 
10.85 
18.80 
19.89 
12.35 
20.01 
18.02 
18.14 
19.82 
19.23 
5.66 
20.04 
21.18 
21.16 
20.69 
22.13 
17.36 
22.67 
10.08 
15.40 
21.07 
23.14 
21.44 
15.90 
23.18 
24.06 
24.47 
23.66 
24.38 
23.24 
6.60 
18.10 
22.27 
24.10 
22.14 
21.27 
25.02 
24.47 
15.27 
11.31 
14.59 
26.75 
25.06 
19.62 
10.58 
27.58 
24.72 
27.24 
24.04 
17.70 
23.18 
19.29 
24.79 
27.67 
23.92 
24.31 
26.86 
27.75 
26.30 
19.52 
17.72 
22.61 
29.86 
24.88 
7.81 
21.27 
16.94 
29.59 
29.63 
29.17 
29.21 
7.98 
30.63 
31.17 
29.51 
24.98 
30.76 
24.69 
8.12 
29.83 
31.38 
31.57 
27.69 
27.20 
31.29 
18.92 
30.31 
19.62 
28.47 
16.76 
22.89 
31.91 
30.56 
31.58 
30.57 
27.86 
27.86 
11.03 
29.40 
8.32 
22.09 
30.76 
23.79 
31.95 
32.12 
31.26 
24.29 
16.64 
25.81 
31.75 
31.40 
27.48 
30.70 
32.04 
31.18 
8.26 
15.38 
26.04 
28.74 
8.22 
28.02 
28.34 
22.90 
22.88 
15.25 
30.10 
24.00 
8.11 
8.09 
26.45 
26.92 
27.56 
27.70 
27.83 
25.27 
25.74 
30.90 
24.99 
7.88 
27.59 
19.86 
17.82 
17.28 
7.75 
22.02 
25.47 
11.81 
15.42 
25.47 
22.94 
26.18 
7.51 
25.40 
28.79 
28.72 
28.81 
25.96 
22.47 
7.27 
22.50 
20.32 
11.69 
23.09 
7.09 
24.39 
23.19 
6.97 
6.93 
22.46 
22.70 
21.51 
21.90 
23.54 
24.85 
22.26 
6.60 
11.98 
6.51 
6.47 
6.42 
6.38 
13.95 
21.63 
19.40 
23.98 
23.71 
20.31 
22.14 
22.91 
22.50 
21.94 
21.23 
8.59 
20.41 
22.32 
22.19 
18.92 
20.37 
19.40 
16.46 
20.84 
19.59 
18.77 
14.38 
17.85 
19.91 
18.69 
19.37 
19.38 
18.84 
6.66 
10.95 
17.67 
11.69 
4.75 
11.64 
17.16 
17.28 
16.40 
8.64 
16.90 
13.31 
15.66 
15.54 
15.06 
15.06 
15.66 
15.41 
13.06 
15.41 
15.28 
15.16 
14.82 
3.89 
13.68 
5.15 
14.02 
14.02 
13.36 
13.58 
13.36 
13.37 
10.59 
3.50 
3.46 
3.43 
4.75 
12.35 
11.75 
12.37 
10.86 
11.69 
11.41 
11.33 
11.15 
11.18 
11.00 
10.93 
10.38 
10.22 
8.63 
10.19 
2.94 
5.65 
8.90 
8.85 
9.92 
9.60 
4.49 
10.06 
10.11 
4.61 
9.22 
7.56 
7.53 
5.53 
8.84 
7.92 
8.17 
9.41 
9.57 
9.11 
9.10 
9.63 
9.53 
9.98 
8.91 
6.69 
2.69 
9.19 
7.60 
9.12 
9.05 
3.70 
7.11 
8.84 
2.74 
6.90 
2.76 
9.32 
9.53 
7.56 
7.68 
2.83 
6.83 
2.86 
8.58 
6.66 
9.99 
9.96 
9.82 
9.79 
10.04 
9.81 
8.52 
3.09 
11.10 
11.37 
11.35 
10.83 
11.11 
10.68 
10.56 
8.89 
11.97 
11.64 
11.84 
10.35 
11.71 
12.66 
12.00 
10.36 
9.57 
11.64 
12.18 
3.78 
8.44 
4.43 
13.73 
13.84 
7.70 
15.00 
14.07 
14.65 
12.27 
15.49 
15.01 
15.37 
15.50 
15.50 
14.38 
15.24 
13.09 
11.80 
4.63 
13.54 
16.87 
15.83 
4.82 
15.67 
13.93 
9.10 
5.02 
18.02 
18.96 
14.31 
17.30 
19.07 
5.31 
20.30 
18.47 
18.87 
8.78 
13.12 
12.35 
17.19 
12.80 
18.71 
12.97 
21.57 
21.84 
16.92 
22.37 
9.64 
7.45 
9.46 
23.14 
23.56 
22.00 
20.57 
22.83 
23.55 
19.47 
23.14 
16.69 
23.97 
19.98 
20.23 
24.58 
18.97 
18.09 
23.59 
19.52 
19.27 
15.49 
17.81 
7.05 
8.71 
26.60 
25.22 
11.28 
12.63 
18.24 
25.51 
27.55 
27.63 
27.70 
24.96 
16.75 
25.41 
12.03 
28.68 
25.75 
24.80 
26.02 
28.41 
28.80 
27.35 
28.40 
7.81 
24.63 
7.86 
22.86 
22.56 
28.49 
28.70 
17.09 
24.38 
25.93 
30.70 
28.70 
10.96 
8.10 
21.67 
26.10 
16.96 
21.90 
26.67 
22.79 
29.43 
28.42 
23.86 
26.08 
26.77 
18.63 
8.27 
22.05 
24.61 
27.84 
16.80 
29.90 
28.37 
18.18 
25.32 
18.86 
25.83 
30.76 
15.80 
23.79 
27.70 
25.66 
26.84 
25.31 
19.52 
22.57 
24.94 
10.67 
15.93 
31.19 
28.29 
18.95 
31.49 
31.47 
8.23 
29.91 
8.21 
25.63 
28.66 
25.08 
19.65 
21.32 
8.12 
28.02 
23.10 
29.48 
8.05 
28.07 
26.35 
25.81 
25.94 
27.42 
29.06 
27.00 
24.79 
23.74 
26.54 
20.65 
7.77 
7.75 
22.52 
10.68 
12.14 
27.02 
24.15 
16.16 
27.34 
27.44 
22.28 
7.44 
22.33 
10.48 
26.61 
24.26 
21.91 
15.84 
7.20 
11.20 
19.06 
7.09 
24.71 
25.27 
25.82 
26.05 
21.35 
23.17 
25.93 
23.47 
19.77 
13.26 
14.29 
22.79 
12.60 
20.89 
23.57 
21.16 
6.38 
6.79 
16.31 
21.07 
23.38 
23.11 
23.00 
22.14 
15.35 
5.96 
8.56 
6.45 
5.82 
5.77 
5.72 
21.33 
21.06 
16.53 
17.13 
20.82 
20.14 
20.01 
18.91 
18.65 
10.44 
5.19 
17.20 
19.10 
18.71 
18.58 
17.12 
15.03 
15.05 
4.80 
5.27 
16.39 
17.03 
17.03 
16.78 
16.78 
12.05 
6.27 
14.92 
16.03 
13.72 
7.60 
4.19 
4.15 
15.06 
13.89 
6.92 
14.24 
14.82 
14.58 
14.24 
13.68 
13.79 
13.68 
13.47 
13.47 
11.63 
5.40 
12.62 
11.04 
11.79 
7.20 
10.88 
12.45 
6.00 
12.27 
11.88 
11.59 
4.90 
7.15 
11.25 
11.27 
11.00 
9.57 
11.15 
10.41 
9.30 
10.86 
10.80 
10.36 
10.77 
9.78 
9.74 
10.06 
9.92 
6.76 
8.38 
7.07 
4.86 
6.47 
9.25 
9.76 
8.75 
8.82 
9.51 
9.50 
9.30 
9.38 
9.37 
9.27 
8.91 
9.17 
8.55 
9.36 
9.98 
7.59 
10.00 
5.91 
10.21 
2.71 
6.94 
10.10 
10.13 
2.75 
6.75 
5.32 
10.17 
10.12 
10.35 
10.21 
10.90 
9.65 
9.61 
9.38 
10.56 
9.77 
10.20 
10.46 
10.81 
10.78 
11.05 
11.12 
11.00 
5.53 
11.25 
10.03 
11.41 
11.29 
8.21 
10.85 
11.45 
11.64 
11.63 
11.93 
11.49 
12.02 
10.82 
10.25 
13.40 
3.70 
12.84 
7.13 
4.61 
14.30 
7.56 
11.65 
14.53 
14.18 
5.13 
15.36 
13.46 
15.85 
15.37 
8.32 
11.45 
14.88 
15.99 
9.49 
4.53 
4.58 
15.47 
17.52 
17.52 
17.78 
17.39 
16.06 
17.38 
18.43 
18.43 
18.83 
18.83 
16.36 
18.81 
16.45 
5.31 
18.21 
19.73 
20.85 
16.72 
12.26 
6.76 
20.21 
21.35 
15.07 
21.89 
21.86 
21.99 
22.85 
22.82 
23.24 
22.46 
17.60 
6.19 
14.60 
23.83 
23.79 
18.52 
15.68 
19.63 
21.12 
16.85 
23.34 
24.38 
24.32 
16.84 
25.31 
24.61 
24.70 
21.60 
25.04 
25.61 
21.35 
17.39 
17.29 
18.00 
25.87 
10.30 
25.21 
25.61 
18.96 
16.71 
18.91 
26.54 
28.10 
25.35 
17.46 
24.64 
29.02 
26.58 
10.64 
13.18 
26.24 
20.27 
26.84 
29.41 
27.78 
21.27 
30.72 
8.73 
12.79 
25.12 
12.51 
29.58 
29.95 
29.31 
26.47 
27.35 
25.17 
30.11 
28.44 
8.13 
29.68 
9.69 
31.08 
28.05 
28.41 
17.22 
19.27 
16.23 
23.03 
30.69 
25.95 
21.37 
23.59 
31.92 
30.23 
22.25 
18.17 
22.60 
23.28 
30.59 
28.89 
28.21 
24.30 
8.32 
23.79 
8.32 
27.69 
29.04 
27.85 
28.35 
27.49 
24.76 
11.17 
8.28 
30.16 
28.79 
16.22 
24.35 
26.54 
22.11 
29.89 
10.23 
28.66 
26.10 
28.10 
21.99 
20.96 
23.30 
8.59 
8.07 
8.05 
18.64 
24.16 
26.65 
26.95 
11.64 
14.63 
26.33 
28.80 
28.93 
7.83 
27.33 
29.62 
26.90 
25.68 
24.30 
27.08 
25.53 
23.98 
28.89 
26.84 
28.92 
24.75 
24.52 
23.97 
22.76 
7.34 
7.31 
23.21 
9.35 
22.10 
23.81 
26.48 
26.24 
27.44 
26.23 
6.97 
14.74 
6.89 
18.89 
23.40 
19.22 
23.69 
21.41 
12.73 
17.34 
12.91 
23.06 
24.34 
21.93 
15.71 
15.78 
20.72 
6.24 
17.95 
16.66 
21.35 
21.99 
18.61 
5.96 
21.35 
16.69 
21.99 
22.15 
21.16 
21.18 
20.20 
20.08 
19.11 
8.01 
18.88 
5.38 
19.47 
20.44 
19.90 
19.09 
18.69 
8.59 
16.83 
18.44 
18.05 
13.05 
17.01 
11.17 
14.05 
4.70 
14.61 
12.47 
4.94 
13.65 
17.02 
16.65 
15.54 
10.06 
13.60 
4.24 
4.19 
15.41 
13.29 
4.06 
14.47 
14.13 
13.90 
13.45 
9.84 
4.26 
3.77 
3.73 
3.69 
3.65 
4.80 
6.37 
3.54 
11.67 
11.16 
5.52 
12.13 
12.35 
11.44 
11.97 
10.36 
3.54 
5.50 
11.63 
11.45 
10.88 
6.80 
11.51 
4.97 
10.99 
4.71 
8.86 
9.47 
2.92 
11.24 
10.44 
2.86 
9.60 
9.46 
3.09 
2.80 
8.62 
7.68 
9.82 
9.52 
9.40 
8.66 
8.55 
9.60 
8.87 
9.30 
9.11 
8.83 
7.94 
6.87 
9.00 
9.35 
9.18 
8.29 
9.37 
9.02 
5.91 
8.07 
8.08 
3.62 
6.77 
8.77 
8.89 
9.46 
9.86 
9.71 
8.84 
7.87 
8.09 
8.31 
9.56 
9.79 
9.85 
9.62 
9.67 
8.30 
4.71 
7.83 
9.23 
6.86 
3.09 
10.70 
10.88 
10.35 
11.13 
11.11 
11.19 
11.38 
9.41 
10.62 
11.12 
6.48 
13.20 
12.88 
13.41 
13.08 
12.54 
12.31 
11.64 
13.62 
10.38 
14.07 
13.84 
4.24 
12.11 
14.07 
13.37 
14.30 
14.65 
15.25 
15.49 
15.49 
14.64 
4.84 
15.87 
5.56 
13.61 
16.12 
15.86 
13.56 
13.79 
4.72 
4.77 
4.82 
14.48 
4.92 
18.43 
18.56 
18.43 
15.43 
18.95 
19.63 
19.63 
19.48 
19.89 
11.45 
18.31 
13.88 
19.54 
19.09 
19.20 
10.05 
5.76 
16.77 
21.86 
22.13 
20.92 
22.82 
21.60 
19.16 
20.77 
23.75 
22.04 
12.08 
23.18 
24.52 
22.62 
24.89 
24.54 
24.64 
20.84 
6.64 
20.54 
22.84 
25.47 
25.56 
25.98 
26.71 
23.92 
14.85 
20.71 
20.78 
22.47 
25.95 
22.62 
7.21 
25.37 
24.30 
23.38 
23.61 
25.82 
22.59 
24.63 
27.50 
28.89 
27.13 
28.35 
25.58 
22.14 
27.69 
11.71 
27.13 
7.76 
25.72 
21.40 
27.65 
25.01 
28.75 
29.13 
23.94 
20.10 
21.99 
8.00 
24.92 
27.32 
29.38 
23.82 
30.45 
30.14 
30.16 
15.27 
31.40 
17.00 
27.37 
30.78 
17.90 
25.72 
24.72 
13.86 
21.52 
30.19 
23.24 
30.39 
30.56 
25.64 
15.96 
14.26 
17.84 
32.12 
28.89 
26.68 
19.54 
16.31 
22.77 
23.28 
25.32 
8.32 
28.19 
22.24 
20.71 
8.30 
17.63 
32.05 
28.82 
31.86 
31.67 
20.63 
28.08 
23.49 
15.00 
21.76 
18.35 
24.26 
29.48 
22.86 
19.12 
11.67 
29.20 
30.86 
29.82 
26.25 
14.43 
26.01 
7.99 
28.63 
25.57 
23.86 
7.90 
15.91 
22.24 
20.02 
29.33 
7.77 
7.75 
12.04 
24.97 
30.06 
26.69 
23.16 
26.24 
27.01 
12.29 
28.53 
26.33 
7.41 
25.37 
25.96 
8.61 
19.64 
25.42 
15.95 
14.60 
27.61 
21.25 
26.31 
27.19 
25.18 
25.73 
23.26 
23.01 
17.08 
23.94 
26.21 
23.44 
13.20 
6.60 
7.79 
24.76 
25.11 
24.70 
14.79 
18.83 
23.60 
22.89 
15.69 
11.40 
16.27 
16.48 
18.61 
21.91 
21.20 
21.38 
21.70 
21.14 
18.42 
5.67 
17.49 
19.80 
10.48 
5.48 
13.13 
13.60 
20.16 
20.31 
20.18 
20.04 
17.47 
19.24 
5.04 
14.18 
18.71 
11.34 
13.35 
13.64 
17.41 
17.67 
17.16 
17.54 
12.62 
4.51 
13.42 
16.77 
13.70 
16.27 
15.90 
4.24 
10.04 
15.06 
15.29 
15.06 
9.83 
13.55 
14.47 
7.87 
13.90 
12.67 
13.91 
12.69 
3.69 
3.65 
9.25 
10.78 
7.28 
10.08 
11.27 
3.43 
7.66 
11.32 
12.36 
12.07 
10.26 
11.69 
11.81 
10.33 
11.55 
10.88 
9.93 
3.06 
10.77 
11.08 
4.81 
10.86 
10.98 
10.64 
10.49 
10.53 
2.86 
2.85 
9.83 
2.81 
9.38 
3.15 
2.77 
9.91 
9.79 
9.85 
9.65 
8.73 
2.71 
2.70 
3.77 
2.69 
9.72 
8.65 
8.64 
2.68 
7.66 
4.82 
9.63 
9.64 
9.38 
10.02 
9.23 
2.71 
7.38 
9.74 
6.88 
9.68 
10.07 
9.65 
9.59 
9.53 
9.75 
9.43 
10.21 
10.07 
9.93 
8.49 
10.41 
9.81 
8.82 
10.39 
8.83 
10.81 
10.10 
9.00 
3.09 
10.01 
9.88 
9.66 
12.43 
11.41 
11.60 
11.89 
11.98 
11.97 
7.47 
9.42 
12.67 
12.77 
3.54 
12.98 
8.95 
13.51 
12.96 
13.18 
10.94 
5.51 
7.26 
13.84 
14.76 
5.03 
15.00 
10.89 
11.10 
13.34 
15.73 
16.10 
16.23 
16.60 
16.61 
14.87 
4.49 
14.98 
16.37 
12.15 
17.13 
6.79 
17.52 
18.04 
18.17 
15.26 
12.83 
17.89 
16.81 
19.37 
11.04 
8.51 
20.18 
19.76 
16.39 
13.98 
17.18 
13.60 
9.98 
21.52 
21.08 
22.07 
19.87 
22.18 
22.30 
21.69 
22.40 
19.25 
13.07 
21.56 
19.11 
22.99 
23.72 
23.22 
6.33 
15.91 
24.47 
17.62 
23.14 
19.81 
18.80 
25.32 
20.86 
20.15 
24.83 
22.07 
25.50 
19.04 
26.48 
6.98 
24.41 
21.59 
9.52 
18.49 
26.03 
27.74 
23.57 
25.28 
14.04 
28.21 
28.78 
26.87 
22.48 
27.67 
25.74 
22.65 
28.02 
22.75 
13.48 
17.02 
29.58 
28.63 
28.18 
23.71 
29.79 
29.00 
23.33 
22.19 
23.23 
28.16 
30.05 
22.16 
21.85 
27.79 
8.04 
27.35 
17.73 
23.34 
15.40 
31.52 
31.04 
30.72 
24.30 
26.35 
29.93 
24.18 
17.74 
14.53 
13.01 
22.71 
9.12 
30.72 
32.09 
29.54 
26.83 
27.86 
17.66 
8.31 
20.73 
25.83 
29.91 
8.32 
8.32 
8.32 
28.04 
25.32 
22.08 
31.08 
30.40 
23.42 
22.06 
13.90 
8.29 
30.51 
28.12 
24.89 
31.99 
29.60 
25.18 
12.29 
8.21 
8.20 
14.44 
26.77 
29.62 
22.16 
8.12 
30.22 
29.34 
12.96 
23.05 
28.74 
27.70 
9.17 
29.47 
30.94 
19.16 
7.90 
9.22 
27.76 
11.84 
29.50 
22.28 
18.24 
20.69 
28.46 
23.59 
28.68 
27.62 
7.57 
24.53 
27.44 
27.21 
16.47 
23.47 
27.34 
24.49 
24.10 
20.12 
27.69 
24.70 
27.21 
12.12 
17.23 
7.05 
22.86 
26.62 
26.37 
25.96 
19.05 
11.71 
15.91 
18.04 
25.79 
22.57 
25.43 
22.07 
9.29 
20.64 
24.54 
24.59 
7.86 
20.56 
20.01 
22.62 
18.76 
21.35 
23.33 
19.65 
16.00 
5.91 
13.04 
16.45 
17.22 
20.59 
10.27 
10.34 
16.10 
21.09 
21.11 
20.42 
18.76 
16.56 
9.97 
15.93 
19.91 
19.50 
19.37 
17.23 
15.25 
15.67 
16.48 
17.93 
15.85 
17.80 
12.41 
4.66 
9.55 
17.66 
17.53 
16.03 
12.57 
16.40 
15.78 
14.57 
6.88 
15.06 
12.57 
14.70 
14.70 
12.85 
9.63 
14.59 
13.67 
7.01 
3.81 
10.34 
13.46 
13.69 
7.25 
12.71 
13.26 
12.19 
6.05 
12.32 
12.33 
11.51 
7.39 
11.85 
11.05 
9.55 
11.49 
11.31 
11.33 
11.25 
11.08 
10.81 
10.15 
6.42 
11.18 
8.44 
9.15 
10.32 
10.36 
10.30 
10.16 
6.39 
9.78 
8.82 
9.60 
10.02 
9.80 
2.77 
10.09 
8.98 
8.14 
9.65 
9.53 
9.07 
7.44 
2.70 
7.60 
8.92 
9.00 
9.09 
8.64 
8.29 
8.47 
7.67 
5.63 
9.91 
7.96 
9.50 
9.25 
9.54 
9.56 
9.77 
8.26 
9.83 
9.77 
9.62 
8.01 
9.33 
8.55 
9.61 
9.28 
9.79 
10.41 
9.52 
10.24 
9.82 
9.69 
9.27 
9.62 
8.13 
7.99 
10.80 
10.08 
7.46 
3.21 
11.11 
10.68 
10.66 
11.77 
9.79 
12.58 
5.12 
11.93 
12.35 
13.62 
10.06 
11.01 
3.66 
3.70 
12.07 
14.07 
13.28 
12.94 
12.47 
6.59 
12.56 
13.83 
13.01 
4.12 
4.16 
15.37 
15.25 
13.67 
14.15 
8.34 
13.38 
11.36 
7.30 
17.13 
7.43 
17.00 
17.26 
12.19 
18.43 
18.30 
18.30 
16.43 
17.89 
18.70 
18.01 
14.72 
17.44 
17.83 
20.03 
19.47 
19.59 
17.32 
13.46 
8.27 
21.24 
21.51 
20.77 
19.58 
18.09 
18.93 
20.80 
19.44 
19.69 
22.04 
19.91 
7.50 
19.81 
14.90 
23.37 
23.94 
23.75 
22.31 
23.04 
21.27 
23.86 
6.60 
9.47 
21.33 
24.10 
21.98 
11.58 
8.77 
14.25 
19.75 
13.24 
23.77 
22.72 
24.25 
22.38 
24.57 
8.02 
23.08 
25.77 
25.35 
26.24 
26.31 
11.54 
21.49 
26.84 
24.25 
27.46 
15.56 
28.25 
20.81 
20.52 
7.70 
7.73 
29.35 
27.56 
22.07 
26.65 
28.03 
14.79 
22.73 
26.30 
28.36 
26.21 
28.77 
19.68 
18.19 
27.52 
28.90 
27.74 
29.46 
27.62 
25.27 
12.74 
10.04 
14.64 
27.90 
13.14 
24.36 
8.24 
31.02 
27.29 
27.82 
15.93 
30.73 
27.50 
28.36 
26.67 
17.83 
11.37 
18.01 
23.11 
8.32 
30.42 
20.39 
26.85 
27.36 
20.90 
10.19 
29.21 
29.04 
30.39 
21.55 
18.48 
13.89 
26.78 
18.28 
26.24 
24.36 
27.06 
10.95 
21.27 
8.89 
23.77 
22.23 
26.10 
25.74 
24.53 
25.01 
21.10 
19.39 
25.94 
27.26 
24.70 
13.56 
7.99 
7.97 
21.54 
29.22 
27.84 
28.97 
26.92 
13.67 
28.83 
28.78 
22.40 
16.54 
15.17 
7.66 
14.43 
27.29 
27.90 
23.87 
22.33 
25.40 
28.13 
17.57 
12.12 
23.51 
24.91 
24.35 
21.36 
25.51 
26.72 
23.42 
24.95 
7.05 
22.38 
23.74 
26.69 
26.28 
22.70 
14.55 
23.00 
9.71 
22.19 
10.54 
6.60 
22.22 
24.76 
24.81 
12.26 
16.02 
24.48 
19.35 
20.31 
6.19 
6.15 
16.57 
6.95 
22.76 
8.47 
15.17 
22.26 
19.80 
16.21 
19.86 
5.67 
5.63 
13.26 
19.68 
14.49 
20.00 
5.38 
16.70 
15.48 
5.24 
9.28 
14.35 
15.33 
17.23 
18.84 
16.73 
15.95 
16.36 
14.94 
4.75 
6.37 
17.29 
17.16 
16.78 
17.40 
16.28 
15.53 
6.95 
15.66 
12.63 
12.77 
14.82 
14.94 
14.59 
15.64 
14.01 
6.86 
4.73 
3.89 
3.85 
7.51 
14.24 
13.46 
13.69 
13.03 
13.15 
6.26 
12.30 
11.89 
8.10 
6.05 
12.55 
12.66 
12.57 
6.56 
6.30 
11.69 
11.31 
9.44 
10.66 
10.98 
10.12 
6.27 
9.80 
10.70 
6.33 
2.97 
10.23 
2.92 
8.06 
10.25 
10.01 
9.69 
10.47 
9.97 
8.01 
9.98 
9.67 
2.76 
9.88 
7.60 
9.11 
9.71 
7.63 
7.17 
4.66 
9.11 
7.05 
8.74 
9.36 
3.22 
9.53 
8.64 
9.54 
9.73 
8.31 
7.34 
9.50 
9.69 
5.86 
9.38 

