20050101
9.17 
9.29 
10.15 
9.17 
2.83 
9.52 
10.58 
10.35 
10.39 
10.07 
9.45 
10.93 
10.60 
10.76 
10.82 
9.82 
10.95 
11.12 
11.19 
11.36 
10.84 
3.19 
3.22 
11.87 
6.96 
6.91 
8.62 
5.88 
11.48 
11.56 
12.71 
12.49 
12.59 
3.59 
10.61 
3.66 
3.70 
3.74 
3.78 
13.53 
7.39 
13.18 
12.94 
11.19 
11.05 
4.07 
13.84 
4.16 
14.91 
15.75 
16.36 
10.72 
16.49 
13.76 
13.49 
17.38 
17.26 
15.22 
12.51 
16.75 
16.35 
16.73 
11.98 
18.44 
18.83 
18.16 
16.94 
17.19 
14.58 
19.63 
20.04 
20.17 
16.81 
20.01 
15.76 
17.14 
20.96 
19.51 
18.76 
11.34 
21.03 
17.93 
22.01 
22.87 
21.51 
19.69 
23.84 
22.91 
22.87 
10.26 
13.82 
20.62 
22.72 
23.75 
21.85 
22.26 
9.60 
6.53 
20.99 
16.52 
9.66 
20.94 
24.83 
24.93 
25.02 
25.11 
23.92 
21.43 
21.83 
21.42 
26.52 
24.49 
23.43 
27.75 
27.17 
25.94 
26.18 
19.18 
22.36 
24.74 
28.61 
26.69 
25.59 
23.49 
24.21 
28.93 
27.99 
29.05 
28.43 
13.91 
28.87 
26.24 
18.55 
24.65 
22.67 
8.54 
15.82 
26.66 
25.51 
15.57 
19.66 
29.85 
30.05 
29.91 
18.58 
28.79 
8.10 
27.31 
10.00 
24.64 
27.38 
28.42 
30.31 
30.50 
28.82 
8.23 
29.53 
23.75 
8.26 
14.57 
26.68 
30.61 
23.63 
27.90 
29.44 
30.98 
21.95 
24.68 
26.72 
21.95 
29.62 
31.16 
28.77 
20.08 
18.54 
21.26 
8.31 
14.78 
9.67 
30.60 
31.27 
30.41 
8.79 
28.34 
27.65 
30.69 
29.83 
25.73 
15.18 
27.39 
27.71 
29.22 
25.13 
18.15 
20.84 
18.28 
21.31 
22.13 
13.14 
19.88 
15.63 
18.64 
7.99 
7.97 
23.27 
26.09 
22.36 
18.79 
29.16 
27.27 
17.35 
23.16 
28.30 
18.57 
15.20 
22.65 
25.09 
25.37 
24.32 
15.66 
21.07 
22.83 
25.74 
10.88 
22.49 
20.30 
17.79 
7.29 
21.42 
26.40 
27.62 
25.76 
25.52 
21.89 
16.51 
16.29 
16.23 
21.75 
24.21 
17.94 
17.86 
22.68 
20.39 
23.91 
12.09 
24.19 
24.55 
20.73 
20.48 
6.40 
23.36 
22.64 
19.80 
18.49 
6.17 
6.13 
14.31 
6.04 
15.34 
22.49 
20.17 
5.85 
5.80 
19.10 
16.25 
10.11 
17.62 
19.37 
15.28 
14.48 
10.60 
5.37 
10.87 
16.44 
14.14 
18.00 
19.37 
18.16 
6.24 
19.64 
19.11 
18.19 
17.80 
13.77 
4.74 
12.92 
17.80 
17.42 
17.29 
16.78 
16.04 
13.94 
4.37 
4.32 
12.28 
15.67 
15.79 
14.84 
10.47 
14.25 
11.00 
13.34 
14.95 
14.27 
14.38 
13.82 
10.25 
14.38 
11.08 
13.72 
12.75 
13.40 
12.66 
12.99 
12.04 
7.22 
9.88 
12.30 
12.00 
11.61 
12.44 
8.11 
8.55 
10.99 
11.81 
11.63 
11.66 
10.90 
11.32 
11.06 
3.01 
11.13 
11.54 
10.82 
10.58 
9.77 
9.91 
10.52 
10.57 
10.53 
9.84 
9.44 
9.32 
9.65 
10.08 
9.78 
9.76 
10.46 
10.35 
9.98 
10.14 
9.59 
9.40 
9.04 
9.94 
10.21 
9.85 
9.86 
10.04 
9.51 
9.26 
6.01 
9.02 
5.95 
6.60 
9.36 
2.79 
2.81 
2.82 
8.19 
10.44 
10.39 
10.35 
10.30 
9.03 
8.60 
2.95 
9.55 
9.22 
10.82 
3.04 
3.06 
5.63 
3.11 
4.03 
9.54 
11.21 
9.17 
9.24 
10.53 
11.74 
10.38 
3.38 
7.18 
8.61 
7.94 
3.52 
13.34 
13.12 
12.24 
11.13 
5.91 
13.88 
14.21 
13.76 
14.44 
14.10 
14.09 
9.21 
13.97 
6.31 
15.26 
15.74 
15.99 
15.51 
15.39 
7.53 
16.12 
15.13 
12.24 
16.00 
12.06 
4.62 
14.95 
17.91 
17.78 
17.26 
18.57 
17.91 
16.83 
17.63 
15.86 
15.29 
5.15 
16.61 
20.18 
19.89 
18.62 
19.03 
20.56 
8.34 
20.96 
18.08 
19.77 
20.76 
21.90 
22.32 
21.86 
22.72 
18.25 
10.45 
23.24 
21.10 
21.06 
21.78 
14.28 
23.68 
22.87 
14.97 
19.22 
15.59 
24.23 
21.52 
21.93 
23.12 
13.44 
23.15 
23.72 
23.02 
25.50 
20.31 
21.52 
7.76 
26.03 
26.44 
18.42 
25.14 
25.06 
23.02 
10.33 
24.47 
17.48 
20.99 
24.01 
23.91 
20.00 
24.70 
22.93 
9.36 
18.88 
18.26 
21.98 
7.65 
11.36 
27.98 
16.13 
10.12 
26.45 
29.19 
28.73 
22.20 
26.62 
25.98 
25.35 
10.67 
13.40 
29.68 
29.54 
13.47 
8.06 
8.08 
17.61 
30.03 
26.83 
22.94 
18.54 
26.89 
9.89 
24.54 
22.86 
24.58 
13.86 
22.22 
28.70 
21.05 
28.04 
25.84 
19.03 
8.98 
30.29 
30.81 
30.13 
29.45 
24.85 
13.94 
8.32 
25.19 
23.83 
26.72 
19.39 
20.24 
30.79 
22.61 
8.30 
26.34 
25.99 
15.94 
8.62 
11.50 
26.80 
30.69 
27.96 
21.82 
12.13 
17.89 
17.70 
27.35 
22.92 
23.58 
9.16 
11.85 
9.63 
23.31 
13.31 
24.44 
27.79 
27.58 
22.49 
20.94 
21.25 
10.45 
20.17 
22.82 
23.62 
19.23 
24.55 
9.12 
15.94 
21.24 
20.70 
19.82 
20.27 
22.38 
22.17 
7.55 
7.52 
7.49 
10.58 
13.01 
7.39 
8.01 
24.99 
23.61 
9.53 
13.72 
13.67 
12.00 
25.84 
11.42 
19.73 
23.83 
6.95 
10.42 
23.26 
13.97 
16.91 
6.75 
19.45 
11.84 
13.81 
6.58 
18.03 
21.04 
25.11 
20.85 
20.76 
24.47 
23.75 
23.49 
21.26 
19.35 
8.48 
17.51 
20.24 
19.24 
20.31 
19.32 
17.90 
19.54 
20.29 
19.31 
5.61 
12.25 
21.09 
12.79 
20.41 
18.05 
14.19 
18.93 
17.29 
16.63 
18.96 
15.19 
15.49 
10.18 
12.35 
18.06 
14.26 
17.93 
14.31 
14.72 
15.89 
11.71 
10.48 
11.15 
14.42 
13.07 
4.37 
4.32 
10.58 
15.67 
4.19 
14.24 
12.36 
4.06 
14.49 
14.84 
10.25 
12.90 
14.16 
11.46 
12.26 
13.49 
11.52 
13.18 
13.94 
12.76 
12.23 
10.97 
12.79 
12.37 
7.90 
12.61 
12.31 
9.35 
8.17 
10.94 
11.06 
10.89 
11.71 
4.52 
3.11 
3.08 
3.06 
4.97 
3.01 
11.03 
10.59 
11.01 
10.67 
10.90 
10.66 
10.24 
9.46 
2.85 
5.23 
4.47 
10.33 
9.56 
9.53 
2.77 
10.03 
9.20 
9.09 
9.52 
8.97 
9.05 
8.77 
9.40 
9.04 
9.31 
9.13 
8.14 
6.98 
8.25 
9.89 
9.72 
8.11 
2.77 
2.77 
8.17 
8.65 
9.05 
7.70 
7.63 
10.44 
9.37 
9.41 
9.36 
5.26 
10.40 
6.65 
9.94 
9.80 
3.01 
10.98 
11.24 
10.43 
6.07 
8.09 
11.43 
3.19 
9.37 
9.14 
8.39 
11.02 
9.03 
12.12 
11.16 
12.62 
12.08 
12.60 
12.16 
12.90 
11.37 
11.24 
12.22 
3.74 
11.52 
14.21 
14.44 
13.18 
13.06 
12.70 
15.26 
13.49 
12.30 
12.88 
13.46 
11.63 
14.78 
15.63 
15.26 
13.51 
13.62 
16.37 
13.20 
4.62 
4.67 
6.01 
6.72 
5.07 
9.08 
18.30 
16.83 
18.70 
18.29 
15.16 
19.09 
20.18 
16.58 
18.09 
9.96 
12.70 
5.45 
12.74 
5.55 
7.89 
14.87 
19.46 
13.75 
5.79 
19.36 
19.77 
20.47 
19.54 
21.59 
20.35 
13.07 
17.84 
20.97 
23.22 
24.10 
22.05 
9.33 
21.95 
16.45 
23.55 
23.65 
23.91 
18.17 
19.36 
24.52 
22.07 
10.02 
18.07 
25.85 
20.95 
18.45 
25.30 
24.25 
21.89 
7.15 
24.81 
27.01 
27.09 
23.88 
19.67 
25.00 
13.51 
27.78 
21.38 
27.58 
24.15 
28.20 
26.10 
27.32 
21.69 
28.60 
23.80 
19.31 
29.26 
25.78 
28.68 
19.47 
24.39 
30.33 
29.36 
26.02 
17.77 
18.14 
8.01 
25.14 
21.27 
29.27 
29.30 
28.13 
30.37 
28.86 
13.59 
19.39 
28.93 
26.74 
13.82 
27.28 
27.98 
19.14 
24.94 
22.57 
20.54 
27.87 
23.45 
16.98 
8.30 
13.76 
25.86 
23.99 
24.00 
8.32 
8.32 
8.32 
16.50 
8.32 
8.32 
29.95 
23.48 
22.96 
8.31 
24.99 
13.58 
8.29 
29.22 
28.35 
18.82 
23.74 
26.61 
12.15 
23.52 
22.15 
25.87 
29.92 
29.22 
18.68 
8.15 
8.14 
16.42 
23.00 
16.88 
13.82 
26.13 
11.07 
21.85 
7.99 
7.97 
7.95 
24.58 
24.88 
21.82 
13.22 
8.17 
7.81 
21.49 
26.96 
19.24 
18.20 
12.83 
17.78 
15.91 
16.53 
23.44 
20.91 
20.52 
26.73 
26.66 
26.10 
21.28 
23.19 
21.16 
19.96 
17.29 
14.15 
20.58 
18.89 
13.35 
20.21 
23.02 
14.47 
6.91 
13.07 
8.57 
6.79 
10.85 
19.29 
9.80 
11.00 
17.17 
22.38 
21.97 
19.10 
21.01 
22.90 
20.35 
23.45 
19.25 
18.85 
6.13 
14.91 
16.62 
16.53 
5.94 
5.90 
22.10 
21.98 
19.54 
20.58 
19.46 
20.34 
17.23 
5.51 
7.01 
7.24 
7.46 
8.09 
5.27 
17.43 
11.99 
8.65 
5.08 
5.57 
12.18 
13.15 
4.89 
11.78 
11.69 
15.09 
10.48 
17.42 
15.89 
15.52 
15.16 
12.05 
16.78 
16.90 
14.94 
15.19 
14.71 
12.44 
14.12 
14.37 
4.06 
13.56 
13.57 
12.43 
13.01 
12.34 
12.36 
13.26 
10.72 
10.96 
11.32 
11.88 
9.73 
11.69 
11.82 
10.88 
3.44 
3.41 
3.37 
3.34 
11.71 
11.22 
7.60 
11.57 
9.19 
10.82 
11.14 
10.97 
8.95 
9.09 
10.39 
9.46 
8.35 
10.78 
10.35 
2.93 
10.53 
10.10 
6.89 
7.32 
9.70 
9.94 
8.52 
7.57 
2.79 
8.53 
6.42 
9.94 
8.38 
10.08 
7.27 
9.06 
8.06 
8.05 
8.95 
8.05 
5.07 
5.35 
2.73 
2.74 
2.74 
2.75 
7.55 
8.38 
9.67 
9.79 
8.53 
8.19 
9.78 
8.16 
8.83 
9.05 
9.37 
9.13 
6.83 
2.91 
6.05 
5.99 
2.97 
2.99 
3.01 
9.24 
3.55 
7.10 
3.11 
3.14 
3.17 
4.30 
10.88 
10.86 
3.28 
9.37 
6.14 
4.94 
10.53 
10.72 
10.91 
10.89 
10.87 
12.47 
5.92 
11.79 
11.66 
10.31 
13.09 
13.08 
11.82 
13.98 
14.09 
13.86 
13.74 
14.32 
13.48 
11.80 
4.21 
13.93 
14.05 
13.05 
14.64 
12.02 
4.48 
7.17 
16.75 
17.01 
15.59 
15.45 
4.76 
9.66 
15.27 
17.51 
17.10 
17.89 
15.86 
5.11 
11.99 
18.39 
18.10 
5.30 
20.02 
13.83 
19.71 
13.02 
17.11 
11.05 
16.17 
5.69 
7.20 
7.84 
19.51 
22.13 
18.39 
21.33 
18.30 
6.08 
16.54 
20.41 
18.54 
17.41 
13.67 
19.28 
19.84 
14.66 
19.09 
20.58 
6.58 
22.18 
6.66 
6.71 
13.41 
18.88 
21.83 
15.83 
17.50 
21.43 
14.57 
7.03 
7.07 
7.11 
16.76 
23.51 
20.63 
19.39 
21.91 
25.26 
25.66 
25.56 
25.46 
14.26 
16.96 
7.53 
27.54 
26.10 
20.31 
7.65 
25.42 
10.22 
23.84 
20.02 
17.21 
24.98 
25.70 
13.10 
16.67 
7.92 
12.84 
22.51 
25.58 
28.66 
20.39 
25.34 
22.99 
24.37 
23.04 
23.57 
27.67 
24.98 
27.04 
24.51 
16.36 
19.78 
8.22 
21.68 
11.99 
25.45 
30.24 
25.14 
24.98 
11.86 
10.85 
8.30 
8.30 
8.31 
8.31 
8.31 
8.32 
22.98 
17.18 
8.32 
27.58 
17.86 
24.16 
21.94 
14.10 
22.10 
21.41 
15.79 
8.29 
17.65 
20.36 
28.68 
27.82 
10.12 
8.24 
29.81 
28.60 
13.30 
22.11 
25.99 
8.17 
27.98 
16.44 
8.12 
21.31 
28.72 
9.42 
14.47 
16.98 
22.19 
25.69 
24.82 
23.60 
25.42 
26.56 
23.33 
24.30 
7.83 
18.19 
7.78 
11.76 
18.90 
23.03 
24.48 
21.27 
22.55 
7.58 
20.79 
7.52 
14.75 
7.45 
15.48 
13.46 
7.35 
10.26 
9.73 
14.58 
12.58 
11.07 
24.62 
7.10 
12.22 
26.32 
21.58 
18.79 
16.80 
18.64 
12.38 
18.97 
7.53 
6.70 
25.01 
24.29 
20.45 
15.54 
18.41 
22.80 
11.17 
6.51 
6.31 
6.27 
22.73 
23.68 
21.16 
21.50 
14.38 
20.68 
17.62 
14.43 
14.64 
11.49 
20.26 
5.71 
5.66 
5.61 
5.56 
7.92 
15.19 
5.42 
18.47 
16.14 
18.51 
17.84 
16.77 
14.48 
5.08 
5.03 
17.38 
9.17 
19.24 
7.98 
17.80 
15.60 
17.67 
13.33 
14.88 
15.27 
13.53 
13.17 
15.79 
16.28 
4.69 
4.28 
4.24 
14.83 
14.84 
14.60 
15.54 
14.49 
7.21 
10.94 
12.10 
13.93 
14.61 
14.38 
13.05 
13.50 
12.19 
13.73 
11.03 
3.55 
11.18 
12.79 
3.44 
7.27 
11.67 
11.07 
11.20 
10.10 
8.51 
5.53 
10.49 
11.02 
11.04 
9.60 
3.08 
8.02 
10.77 
3.01 
8.64 
9.92 
10.73 
7.65 
9.49 
10.29 
4.46 
7.13 
10.81 
9.47 
7.23 
7.39 
8.83 
6.16 
9.78 
7.94 
9.65 
9.90 
9.98 
8.70 
9.77 
9.04 
9.76 
8.41 
9.85 
9.67 
9.77 
8.06 
9.69 
7.09 
4.74 
3.67 
10.49 
9.42 
10.09 
10.00 
10.39 
2.81 
2.82 
4.77 
9.61 
8.35 
7.36 
10.30 
8.84 
10.02 
9.88 
9.75 
10.09 
10.34 
8.95 
9.00 
10.72 
6.07 
9.38 
10.93 
11.21 
10.78 
11.37 
12.26 
10.61 
11.00 
10.45 
10.32 
10.62 
9.95 
11.21 
3.55 
5.86 
9.08 
11.46 
5.58 
7.86 
3.78 
13.76 
13.19 
12.38 
3.94 
12.70 
12.45 
14.67 
12.06 
9.29 
4.21 
14.54 
15.75 
9.25 
14.64 
10.28 
12.49 
16.50 
8.89 
15.47 
16.11 
15.71 
4.76 
11.36 
13.56 
17.77 
18.30 
13.20 
18.69 
17.19 
14.44 
5.20 
8.29 
19.20 
20.58 
13.83 
16.61 
18.56 
19.39 
18.79 
14.58 
6.85 
18.70 
20.86 
21.42 
19.03 
18.10 
17.01 
22.04 
12.84 
16.99 
8.75 
22.50 
16.95 
16.74 
21.44 
22.77 
23.96 
22.51 
22.77 
21.30 
6.62 
19.59 
21.73 
23.41 
22.70 
24.86 
23.83 
22.16 
10.82 
6.99 
22.88 
25.87 
22.38 
7.15 
14.20 
25.05 
24.96 
26.18 
25.59 
12.64 
20.28 
19.34 
22.05 
26.58 
19.50 
26.21 
25.10 
24.82 
25.54 
13.54 
7.71 
16.80 
27.92 
20.74 
7.82 
7.84 
14.61 
25.95 
28.01 
26.87 
26.39 
7.98 
30.36 
30.05 
28.22 
25.03 
28.62 
21.17 
8.12 
28.18 
29.40 
29.59 
29.61 
23.68 
24.54 
19.45 
27.64 
18.63 
27.50 
12.69 
30.08 
30.43 
30.10 
30.11 
26.53 
23.47 
27.91 
8.31 
22.46 
8.32 
16.16 
30.48 
24.00 
30.30 
29.62 
29.10 
19.56 
17.34 
15.29 
29.76 
28.90 
30.42 
30.07 
30.91 
29.02 
8.26 
8.25 
14.53 
16.39 
8.22 
30.28 
22.79 
17.51 
21.23 
10.70 
27.96 
25.73 
8.11 
8.09 
25.99 
15.49 
24.92 
25.39 
20.47 
16.73 
16.87 
27.94 
25.55 
7.88 
21.44 
17.38 
10.99 
17.31 
7.75 
28.58 
20.36 
7.67 
15.62 
9.44 
16.03 
21.12 
7.52 
25.80 
27.55 
27.82 
26.43 
24.56 
24.66 
7.29 
10.83 
7.21 
9.29 
21.71 
7.10 
22.05 
18.92 
6.99 
6.95 
22.23 
21.83 
20.63 
11.22 
20.47 
22.59 
21.09 
10.21 
6.58 
6.53 
7.11 
6.45 
6.40 
11.10 
21.57 
21.17 
22.43 
22.62 
20.55 
21.80 
21.68 
22.46 
18.50 
17.66 
5.85 
20.23 
21.86 
21.45 
20.03 
18.20 
20.93 
15.14 
17.16 
19.29 
13.31 
15.03 
19.89 
20.17 
17.18 
19.77 
18.16 
18.97 
4.98 
14.61 
17.79 
4.84 
4.79 
13.02 
17.93 
18.06 
14.12 
12.75 
17.29 
10.19 
15.79 
15.55 
13.48 
15.31 
15.07 
13.40 
10.44 
11.42 
13.43 
13.44 
13.34 
3.93 
13.36 
10.87 
13.71 
13.93 
14.05 
13.50 
13.07 
12.86 
11.25 
3.55 
3.51 
3.47 
4.49 
12.18 
11.88 
11.80 
9.66 
11.42 
11.65 
10.86 
11.19 
10.52 
10.55 
10.19 
10.12 
10.25 
8.93 
3.01 
2.99 
9.35 
10.73 
9.82 
8.55 
9.91 
7.54 
9.92 
8.96 
5.51 
9.72 
7.94 
8.46 
4.61 
8.14 
9.58 
7.11 
9.09 
7.36 
9.33 
9.59 
9.58 
9.58 
7.69 
8.68 
3.99 
9.04 
10.68 
10.60 
9.71 
8.09 
7.20 
9.04 
8.15 
2.78 
5.27 
2.81 
10.37 
9.20 
2.85 
4.35 
2.88 
5.71 
2.91 
9.74 
10.26 
9.84 
8.07 
9.95 
9.72 
9.78 
8.77 
3.11 
3.14 
10.84 
11.81 
10.98 
9.85 
10.73 
11.22 
11.62 
7.23 
12.42 
11.88 
11.44 
10.14 
12.80 
11.17 
11.59 
3.66 
3.70 
5.63 
10.06 
3.82 
3.86 
3.90 
13.29 
13.97 
8.01 
13.85 
13.25 
15.15 
15.03 
14.78 
12.83 
14.89 
16.12 
16.25 
11.87 
13.73 
4.57 
4.62 
4.67 
10.93 
15.57 
14.51 
4.86 
14.99 
15.63 
5.01 
5.06 
18.82 
18.54 
15.92 
17.00 
18.64 
5.35 
18.75 
17.03 
15.44 
10.40 
17.36 
13.29 
19.31 
15.50 
18.96 
8.19 
21.54 
22.10 
21.48 
20.10 
6.08 
6.12 
6.17 
20.67 
23.83 
21.95 
19.90 
16.44 
24.12 
22.20 
22.93 
13.78 
18.88 
8.24 
18.57 
23.72 
20.00 
20.71 
22.87 
6.91 
17.41 
11.03 
7.03 
7.07 
17.83 
26.69 
24.81 
7.22 
8.57 
16.00 
25.43 
27.14 
25.56 
25.63 
24.03 
15.96 
21.99 
16.72 
27.60 
25.32 
18.18 
26.93 
28.49 
29.21 
26.91 
23.26 
7.82 
22.33 
7.87 
18.19 
24.46 
29.06 
26.06 
15.94 
24.26 
25.99 
30.59 
29.10 
11.48 
8.10 
25.44 
28.69 
21.75 
22.45 
26.89 
20.44 
28.80 
27.79 
23.55 
22.38 
24.43 
18.14 
8.27 
20.20 
25.84 
26.53 
21.42 
25.01 
26.20 
21.61 
22.63 
21.10 
26.39 
30.13 
19.74 
24.85 
21.10 
21.95 
26.03 
18.87 
16.65 
22.95 
17.66 
8.29 
12.20 
27.16 
23.41 
15.40 
28.82 
28.30 
8.23 
25.37 
8.21 
18.04 
22.60 
17.66 
8.15 
8.14 
8.12 
23.68 
17.05 
25.82 
8.05 
27.11 
21.85 
19.96 
21.28 
18.55 
26.09 
26.22 
11.91 
18.09 
23.42 
24.04 
11.12 
7.75 
18.57 
7.70 
7.67 
22.77 
14.42 
13.88 
25.43 
22.72 
17.88 
7.45 
22.72 
7.39 
24.73 
24.99 
25.24 
14.42 
7.21 
7.18 
16.37 
7.10 
23.66 
18.92 
21.90 
22.47 
20.79 
23.42 
17.94 
24.19 
15.74 
6.70 
13.72 
18.50 
12.03 
17.56 
19.49 
13.39 
6.40 
6.97 
16.23 
17.82 
23.34 
21.87 
19.35 
18.20 
6.04 
5.99 
5.94 
5.90 
5.85 
5.80 
5.75 
21.74 
20.17 
17.77 
13.39 
19.67 
20.54 
19.99 
18.75 
18.91 
11.20 
9.20 
19.91 
19.91 
19.24 
18.84 
17.64 
13.41 
13.45 
4.84 
18.71 
16.77 
17.55 
17.16 
17.04 
16.91 
4.51 
4.46 
14.18 
9.77 
10.18 
4.28 
6.40 
4.19 
14.96 
14.01 
11.79 
14.61 
14.61 
13.92 
14.72 
14.16 
14.27 
13.71 
13.05 
13.50 
11.75 
10.90 
12.97 
12.12 
12.35 
10.78 
12.06 
13.01 
4.93 
12.00 
12.12 
11.83 
6.18 
7.75 
10.79 
11.02 
10.84 
5.37 
10.90 
10.64 
8.35 
11.19 
10.36 
10.02 
10.54 
9.54 
9.96 
10.10 
8.94 
8.34 
8.03 
8.09 
7.14 
4.46 
3.25 
8.53 
7.60 
2.77 
6.57 
8.73 
9.80 
9.87 
9.23 
9.95 
7.69 
9.94 
7.96 
9.22 
7.87 
2.74 
10.24 
6.45 
9.63 
2.76 
10.04 
9.79 
9.45 
2.79 
8.59 
9.26 
9.94 
10.72 
9.93 
9.97 
10.77 
4.70 
10.30 
10.36 
10.79 
8.07 
10.63 
10.40 
10.56 
10.53 
10.99 
10.76 
11.23 
10.81 
11.69 
10.35 
11.86 
11.43 
3.35 
11.70 
12.84 
12.83 
12.29 
12.81 
13.13 
12.80 
13.01 
10.14 
13.88 
10.98 
12.42 
11.39 
3.86 
15.13 
7.17 
12.12 
15.26 
14.55 
5.78 
15.38 
12.86 
15.39 
13.80 
4.34 
4.39 
14.26 
16.25 
4.53 
8.00 
4.62 
15.46 
16.36 
15.96 
18.57 
16.20 
16.18 
18.30 
18.83 
19.10 
19.37 
19.91 
15.92 
18.79 
16.83 
5.35 
19.31 
21.13 
20.12 
17.68 
10.33 
5.64 
21.05 
21.17 
16.03 
22.59 
22.42 
22.10 
22.37 
23.09 
22.31 
21.97 
19.81 
6.22 
13.90 
23.64 
23.28 
21.38 
19.78 
21.11 
23.55 
21.62 
21.24 
24.95 
24.58 
17.85 
23.97 
24.70 
23.35 
24.08 
25.13 
24.09 
16.41 
18.74 
17.67 
24.57 
25.30 
18.83 
26.27 
22.57 
17.20 
14.95 
7.40 
24.80 
27.18 
23.60 
17.50 
24.54 
27.26 
26.49 
7.65 
12.20 
25.97 
25.85 
27.92 
27.96 
25.49 
20.98 
28.27 
11.61 
13.66 
21.12 
7.96 
27.44 
27.99 
28.02 
22.45 
22.65 
23.36 
23.21 
26.80 
8.13 
27.87 
21.09 
29.27 
28.27 
28.80 
22.18 
16.91 
18.63 
22.90 
28.36 
18.83 
18.84 
25.50 
28.57 
27.22 
23.30 
21.26 
12.40 
17.69 
26.04 
28.77 
19.40 
24.85 
8.32 
25.70 
8.32 
12.57 
28.75 
21.93 
24.99 
21.41 
20.55 
8.29 
8.28 
26.98 
21.02 
9.44 
21.50 
26.75 
29.11 
28.24 
16.85 
21.75 
23.09 
23.92 
20.00 
14.90 
8.11 
11.64 
8.07 
8.05 
8.03 
18.30 
7.99 
24.14 
10.64 
16.00 
24.71 
26.85 
26.64 
7.83 
28.40 
27.68 
25.79 
22.74 
24.53 
23.48 
18.94 
14.75 
23.49 
26.25 
25.86 
23.00 
20.63 
22.55 
23.31 
7.35 
13.86 
22.79 
7.25 
15.51 
20.32 
17.50 
24.87 
24.47 
20.69 
6.99 
14.95 
6.91 
9.89 
20.63 
19.60 
17.32 
15.20 
6.66 
18.19 
6.58 
23.62 
22.74 
20.79 
14.09 
11.26 
18.67 
6.27 
17.88 
17.64 
7.63 
16.41 
14.83 
5.99 
14.81 
6.93 
22.40 
21.40 
21.72 
21.16 
21.04 
19.91 
16.95 
11.89 
17.72 
5.42 
19.73 
19.88 
19.75 
18.80 
18.95 
10.14 
17.08 
18.84 
17.38 
13.15 
14.90 
4.84 
13.12 
4.74 
13.05 
12.57 
14.25 
16.53 
16.03 
15.41 
14.18 
7.20 
11.52 
4.28 
4.24 
15.07 
13.06 
4.10 
16.13 
13.79 
13.57 
8.30 
3.89 
3.85 
3.81 
4.22 
3.73 
3.69 
5.84 
3.62 
4.12 
12.66 
12.03 
7.28 
11.85 
11.76 
11.36 
11.59 
9.25 
4.30 
7.70 
11.77 
11.19 
9.92 
11.34 
10.77 
5.14 
9.96 
3.04 
9.07 
7.78 
2.97 
9.59 
9.07 
2.91 
9.73 
9.22 
2.86 
2.85 
9.29 
9.90 
9.41 
9.56 
9.81 
9.33 
8.22 
9.56 
9.18 
9.62 
8.88 
8.60 
7.78 
7.69 
9.58 
9.58 
9.49 
8.86 
9.05 
5.27 
4.92 
8.18 
2.76 
2.77 
7.60 
9.26 
9.29 
9.96 
8.99 
9.94 
8.03 
2.86 
8.38 
9.55 
10.16 
10.02 
9.98 
9.94 
10.18 
8.41 
4.01 
9.20 
9.74 
6.46 
3.14 
9.14 
11.11 
10.88 
11.67 
11.45 
11.53 
11.10 
7.02 
10.53 
10.62 
11.02 
12.39 
12.91 
12.47 
13.01 
11.90 
13.10 
13.54 
13.87 
8.90 
13.64 
14.21 
3.94 
12.81 
13.50 
11.84 
14.91 
14.31 
15.27 
15.99 
14.90 
13.91 
11.43 
15.88 
7.74 
10.32 
14.98 
15.09 
11.09 
13.51 
4.76 
4.81 
4.86 
8.62 
8.03 
18.16 
18.02 
15.84 
15.13 
19.22 
19.62 
18.92 
18.21 
19.73 
10.82 
19.70 
14.68 
17.22 
7.81 
15.69 
5.74 
5.79 
20.98 
21.98 
21.51 
20.58 
21.74 
13.29 
18.95 
21.63 
20.82 
21.08 
8.46 
22.05 
22.93 
22.10 
22.98 
22.61 
23.18 
20.29 
8.40 
21.57 
23.41 
23.50 
18.96 
23.99 
22.80 
23.69 
14.25 
23.20 
15.82 
22.54 
23.76 
22.04 
7.22 
24.30 
20.10 
23.29 
22.86 
24.90 
23.48 
22.54 
25.59 
24.32 
25.21 
26.76 
25.48 
21.36 
22.91 
11.06 
25.35 
7.77 
20.06 
19.09 
25.87 
26.24 
27.30 
28.52 
26.53 
18.11 
17.63 
8.01 
24.63 
25.85 
26.04 
23.36 
28.47 
26.46 
27.84 
19.37 
28.91 
16.68 
23.34 
25.05 
15.20 
28.49 
26.63 
17.96 
18.65 
29.23 
24.12 
27.03 
30.62 
26.36 
19.55 
25.01 
23.99 
29.96 
29.96 
22.47 
15.14 
8.32 
20.08 
21.27 
19.39 
8.32 
18.53 
8.31 
8.30 
8.30 
16.80 
29.90 
28.35 
29.19 
29.52 
20.83 
20.82 
21.14 
8.22 
15.51 
10.91 
24.30 
29.53 
21.54 
13.73 
8.12 
25.54 
29.06 
25.48 
15.49 
10.06 
8.01 
7.99 
28.52 
23.27 
23.40 
7.90 
7.88 
7.86 
19.06 
26.56 
7.78 
7.75 
13.07 
21.36 
25.65 
24.76 
22.88 
24.82 
13.51 
7.52 
26.30 
19.48 
7.42 
21.18 
16.04 
7.32 
20.18 
21.75 
7.21 
7.18 
24.14 
20.35 
24.79 
24.07 
20.14 
21.51 
19.03 
11.64 
6.83 
20.71 
23.94 
21.33 
6.66 
6.62 
12.03 
21.13 
23.36 
23.11 
6.40 
21.67 
20.96 
20.71 
11.37 
11.61 
14.24 
16.11 
22.43 
15.49 
17.62 
12.22 
19.03 
14.84 
16.20 
5.71 
17.16 
14.19 
6.98 
5.51 
13.78 
17.05 
19.87 
20.16 
20.03 
20.04 
16.90 
18.42 
5.08 
12.54 
17.91 
10.90 
12.92 
14.13 
16.63 
16.51 
16.00 
15.50 
14.37 
4.55 
14.78 
16.41 
10.97 
13.95 
12.87 
4.28 
15.67 
13.04 
15.19 
14.37 
4.06 
14.14 
13.22 
9.21 
14.61 
12.12 
14.04 
10.70 
3.73 
3.69 
11.86 
12.10 
10.06 
11.91 
5.43 
3.47 
12.06 
12.28 
11.67 
11.80 
9.56 
11.42 
11.65 
10.36 
11.69 
9.23 
9.95 
3.11 
10.90 
10.45 
3.04 
10.32 
11.22 
10.21 
9.49 
9.92 
2.91 
2.89 
7.54 
6.95 
9.97 
2.83 
7.23 
9.78 
9.93 
8.08 
8.87 
2.77 
2.76 
2.75 
6.36 
2.74 
9.32 
6.43 
7.96 
2.73 
8.14 
5.89 
9.41 
9.95 
9.24 
8.35 
8.46 
2.76 
9.04 
9.70 
8.35 
9.08 
9.29 
9.51 
9.08 
9.48 
9.42 
9.28 
9.79 
9.83 
9.59 
8.04 
9.60 
9.46 
8.94 
9.57 
10.01 
10.56 
9.55 
6.16 
3.14 
9.74 
9.91 
9.78 
10.96 
10.94 
11.43 
11.62 
11.18 
11.27 
9.88 
9.00 
12.92 
11.73 
3.59 
12.24 
10.80 
13.77 
11.87 
12.86 
12.29 
3.86 
3.90 
13.17 
13.97 
5.67 
13.96 
9.57 
7.74 
9.25 
14.66 
14.90 
15.38 
16.00 
15.50 
9.86 
4.53 
11.68 
15.09 
11.87 
16.23 
6.07 
17.65 
17.91 
17.24 
11.10 
14.81 
16.94 
16.38 
19.23 
10.84 
9.12 
19.48 
14.99 
16.22 
13.78 
19.98 
15.25 
16.93 
20.35 
15.83 
20.88 
19.69 
20.83 
17.85 
19.28 
20.28 
17.25 
15.69 
20.16 
16.47 
21.74 
22.15 
20.88 
6.35 
11.96 
22.72 
20.96 
21.52 
18.48 
22.18 
22.27 
22.21 
22.30 
21.43 
22.31 
25.11 
20.39 
23.36 
6.99 
21.10 
18.74 
7.11 
20.83 
21.87 
24.39 
22.01 
23.72 
20.00 
25.83 
25.89 
23.97 
20.72 
24.09 
22.99 
23.71 
23.10 
20.31 
14.17 
20.57 
24.63 
26.69 
23.55 
23.93 
27.34 
25.53 
21.19 
17.17 
24.13 
28.22 
28.25 
19.32 
24.77 
17.68 
11.44 
25.20 
13.34 
18.63 
14.91 
30.22 
29.40 
26.70 
21.62 
26.91 
28.63 
19.45 
26.11 
16.07 
12.00 
15.93 
8.27 
27.87 
29.76 
29.25 
26.02 
25.86 
25.69 
11.55 
19.56 
20.42 
24.85 
8.32 
8.32 
8.32 
27.74 
25.35 
23.14 
29.77 
26.02 
24.31 
19.53 
12.89 
8.29 
29.20 
23.75 
22.72 
29.33 
24.39 
24.71 
8.22 
8.21 
8.20 
13.78 
20.72 
25.78 
12.88 
8.12 
29.43 
26.19 
8.07 
23.26 
25.93 
22.02 
7.99 
25.66 
27.81 
11.63 
7.90 
10.23 
23.46 
7.83 
27.39 
22.83 
18.28 
22.74 
27.03 
24.98 
25.59 
24.71 
7.58 
26.75 
25.20 
24.65 
7.45 
24.53 
16.25 
16.53 
16.15 
20.84 
21.91 
23.47 
23.89 
13.29 
11.63 
7.06 
20.69 
18.37 
24.06 
22.86 
17.21 
6.83 
9.79 
15.27 
22.91 
23.91 
23.35 
17.48 
11.19 
23.05 
22.64 
18.55 
6.36 
19.28 
22.54 
21.82 
17.49 
21.16 
21.35 
20.64 
14.00 
5.94 
11.34 
16.25 
16.01 
15.19 
5.71 
8.10 
18.77 
20.36 
20.10 
19.98 
18.03 
15.68 
5.32 
13.68 
18.94 
18.54 
18.42 
15.87 
13.61 
13.65 
15.00 
11.87 
17.27 
16.76 
11.98 
4.70 
8.73 
16.15 
16.03 
14.91 
11.06 
15.42 
14.32 
13.23 
9.01 
14.35 
14.12 
14.01 
13.19 
11.09 
10.42 
13.68 
12.66 
3.89 
3.85 
10.22 
13.26 
12.83 
8.54 
12.08 
13.07 
11.03 
3.55 
11.50 
11.52 
11.22 
3.41 
11.05 
10.66 
12.02 
11.73 
11.75 
10.56 
10.19 
10.32 
10.55 
7.92 
3.08 
10.25 
7.29 
10.23 
10.65 
11.16 
10.54 
10.11 
7.52 
9.82 
8.19 
10.11 
9.70 
9.84 
3.74 
9.96 
8.92 
9.53 
10.15 
10.03 
10.01 
9.36 
7.45 
7.44 
9.32 
9.40 
8.77 
6.33 
9.04 
9.85 
7.51 
5.17 
9.06 
8.98 
9.18 
9.56 
9.22 
9.33 
10.27 
8.19 
9.51 
9.81 
10.03 
4.14 
5.46 
9.41 
9.92 
9.12 
9.64 
10.26 
10.99 
10.09 
9.95 
10.01 
9.59 
10.43 
7.94 
10.76 
10.64 
10.61 
7.96 
3.25 
9.00 
8.86 
10.07 
11.49 
8.02 
11.67 
3.48 
9.82 
11.84 
12.47 
4.50 
9.16 
3.70 
3.74 
12.86 
13.19 
12.96 
12.38 
10.29 
3.99 
10.34 
9.14 
7.67 
4.16 
4.21 
15.02 
13.31 
10.97 
7.48 
4.43 
4.48 
9.69 
4.57 
17.13 
4.67 
17.13 
17.00 
10.84 
17.65 
17.64 
18.30 
12.79 
16.26 
17.74 
14.99 
14.82 
11.06 
18.50 
19.74 
18.18 
18.30 
19.41 
11.26 
5.60 
21.50 
20.33 
20.74 
19.25 
18.92 
17.70 
21.21 
15.22 
20.39 
21.40 
19.86 
6.17 
17.32 
17.57 
22.41 
22.67 
23.24 
21.48 
22.36 
23.08 
21.93 
6.62 
6.66 
15.88 
22.30 
23.34 
6.83 
6.87 
14.46 
13.87 
12.48 
24.33 
16.47 
23.84 
18.87 
24.32 
7.22 
24.63 
25.19 
24.77 
24.84 
23.91 
16.20 
22.87 
25.09 
26.64 
26.70 
20.43 
27.15 
22.70 
15.72 
7.71 
7.74 
28.25 
27.63 
21.11 
25.02 
27.42 
22.07 
25.98 
24.84 
25.21 
19.83 
26.63 
11.08 
17.03 
28.25 
28.62 
28.64 
27.99 
27.67 
23.45 
11.91 
11.75 
8.19 
27.10 
8.22 
26.11 
10.45 
28.86 
21.72 
29.40 
22.76 
29.08 
27.04 
21.93 
25.35 
14.95 
14.62 
16.33 
18.37 
8.32 
24.34 
16.84 
23.15 
28.77 
17.18 
10.53 
25.86 
28.74 
28.74 
12.21 
14.08 
8.29 
23.59 
17.80 
25.27 
14.37 
20.48 
8.23 
19.09 
8.21 
25.68 
24.64 
23.43 
27.31 
20.00 
20.82 
22.49 
17.05 
21.26 
24.95 
22.05 
11.56 
7.99 
7.97 
20.74 
28.28 
27.57 
26.18 
25.80 
7.83 
28.23 
21.33 
19.78 
21.57 
15.36 
7.67 
17.45 
18.23 
22.83 
16.16 
21.57 
25.64 
25.58 
18.93 
7.39 
24.40 
25.31 
21.16 
22.24 
24.12 
21.78 
19.44 
17.93 
7.06 
22.46 
23.02 
23.90 
23.18 
16.89 
13.97 
16.28 
6.75 
19.60 
6.66 
6.62 
23.10 
22.69 
22.90 
6.45 
11.78 
21.98 
17.15 
6.27 
6.22 
6.17 
17.70 
6.08 
19.45 
5.99 
11.71 
20.75 
17.13 
16.01 
17.65 
5.71 
5.66 
17.77 
5.56 
9.76 
17.44 
5.42 
16.52 
5.32 
5.27 
17.98 
9.95 
15.57 
15.73 
16.43 
14.05 
5.60 
4.89 
8.63 
4.79 
4.74 
17.03 
16.14 
15.51 
16.03 
15.28 
15.17 
6.39 
9.41 
11.16 
10.34 
14.83 
12.80 
14.60 
11.30 
13.20 
4.02 
3.98 
3.93 
3.89 
5.10 
12.25 
11.81 
12.16 
12.07 
11.97 
3.62 
8.98 
11.69 
6.39 
9.93 
11.43 
12.39 
10.84 
6.43 
10.79 
11.02 
10.53 
11.87 
11.39 
10.92 
11.44 
8.42 
9.34 
9.57 
7.48 
3.01 
9.69 
2.97 
8.64 
10.01 
10.15 
10.01 
9.78 
9.92 
6.92 
9.11 
9.44 
2.81 
8.83 
9.26 
9.51 
10.03 
8.74 
7.82 
8.26 
9.96 
6.71 
8.95 
9.94 
9.49 
10.12 
10.12 
9.68 
9.32 
7.53 
9.26 
9.63 
9.83 
8.76 
10.06 
