20050101
8.99 
7.40 
10.04 
9.71 
3.22 
9.97 
10.01 
9.60 
9.27 
8.95 
10.11 
10.35 
10.22 
9.80 
9.86 
9.64 
9.89 
10.82 
10.60 
11.06 
10.06 
9.34 
7.72 
9.97 
3.22 
5.17 
10.81 
8.44 
11.08 
12.21 
12.93 
12.93 
11.44 
7.47 
9.47 
5.44 
3.64 
6.42 
5.71 
13.90 
12.77 
13.78 
14.01 
11.38 
12.16 
4.01 
13.54 
4.10 
15.66 
15.55 
13.99 
14.95 
16.17 
15.44 
13.70 
17.06 
16.56 
16.94 
14.91 
17.33 
14.88 
14.87 
16.29 
18.64 
18.77 
18.78 
17.84 
17.70 
14.84 
19.85 
19.85 
20.26 
11.67 
20.11 
18.98 
18.40 
19.93 
21.05 
18.46 
11.97 
21.87 
21.13 
22.71 
23.13 
22.08 
19.84 
23.07 
23.34 
23.16 
7.48 
14.79 
20.18 
22.26 
23.59 
19.71 
22.58 
12.33 
6.50 
23.04 
14.24 
16.82 
17.21 
24.22 
23.21 
24.73 
23.23 
23.00 
19.08 
19.64 
24.53 
25.42 
24.21 
19.92 
26.64 
25.42 
19.63 
24.59 
17.13 
22.93 
24.63 
27.66 
25.75 
26.31 
16.45 
25.11 
28.15 
27.71 
27.61 
28.16 
22.21 
28.10 
25.31 
20.50 
26.41 
17.90 
10.55 
18.64 
24.89 
23.92 
18.74 
23.32 
29.42 
29.45 
27.97 
27.15 
25.66 
19.60 
18.10 
17.10 
23.22 
24.26 
27.33 
30.57 
30.42 
24.33 
13.15 
29.62 
23.02 
16.58 
28.98 
29.33 
31.04 
20.69 
30.89 
30.39 
30.90 
26.15 
30.57 
31.42 
27.01 
30.74 
30.74 
27.68 
25.30 
8.32 
17.15 
8.32 
20.19 
10.17 
30.36 
30.34 
28.98 
11.67 
25.56 
25.72 
30.78 
26.87 
20.25 
24.81 
26.99 
28.66 
24.58 
30.64 
22.51 
20.63 
22.46 
25.30 
28.31 
23.90 
16.13 
8.03 
11.87 
11.52 
18.87 
21.53 
28.53 
7.90 
23.09 
28.73 
29.35 
20.63 
24.26 
29.70 
15.03 
13.16 
24.39 
27.65 
20.32 
20.44 
10.34 
22.31 
26.36 
19.90 
9.70 
14.40 
20.06 
7.30 
7.26 
23.60 
27.41 
26.85 
21.45 
17.84 
21.47 
7.00 
14.62 
22.03 
24.33 
25.67 
16.11 
24.22 
20.67 
19.65 
24.09 
25.39 
24.66 
22.40 
17.38 
13.92 
20.11 
23.67 
23.56 
17.40 
9.34 
7.93 
10.12 
13.62 
5.99 
16.70 
22.77 
18.12 
5.80 
5.76 
15.07 
16.12 
12.31 
18.90 
18.36 
12.77 
14.50 
14.82 
6.70 
17.91 
10.69 
17.40 
19.45 
17.97 
16.91 
8.16 
18.79 
18.65 
18.52 
17.74 
7.44 
7.89 
13.79 
17.60 
16.97 
16.84 
16.84 
15.97 
9.98 
7.10 
15.60 
15.12 
15.95 
15.12 
14.29 
12.32 
10.25 
13.26 
13.27 
14.64 
13.17 
14.07 
13.40 
11.75 
13.73 
11.24 
12.98 
12.88 
12.99 
12.36 
13.31 
12.27 
10.00 
12.08 
12.20 
10.58 
10.20 
11.53 
8.86 
10.48 
11.29 
11.60 
11.62 
11.36 
10.90 
10.83 
10.67 
7.58 
10.92 
10.86 
10.15 
10.38 
9.31 
8.53 
10.32 
10.09 
9.69 
8.65 
10.07 
6.79 
9.46 
9.43 
8.96 
9.56 
9.72 
8.90 
8.62 
8.43 
8.78 
8.33 
7.09 
7.08 
9.29 
8.85 
9.92 
9.04 
8.97 
9.25 
6.95 
9.01 
6.18 
7.53 
9.53 
2.73 
2.74 
2.75 
9.93 
10.33 
10.10 
9.96 
9.55 
7.56 
8.62 
2.88 
9.75 
5.19 
9.20 
7.07 
7.59 
8.12 
3.04 
3.07 
8.78 
10.42 
8.71 
8.68 
10.25 
10.73 
6.13 
6.59 
3.35 
3.38 
7.18 
7.87 
13.03 
11.85 
11.52 
10.31 
9.09 
13.12 
13.12 
13.90 
13.34 
12.88 
13.56 
11.03 
14.47 
14.13 
14.95 
14.71 
14.95 
15.55 
14.11 
9.62 
15.93 
15.07 
14.20 
15.31 
4.52 
4.56 
14.78 
17.84 
17.59 
15.52 
17.46 
17.98 
17.06 
16.78 
18.51 
14.87 
5.10 
12.23 
18.62 
17.50 
16.79 
17.46 
17.72 
17.84 
19.08 
5.55 
19.32 
8.66 
19.70 
15.32 
20.81 
17.27 
17.67 
10.67 
20.10 
20.95 
20.91 
17.56 
15.09 
22.91 
21.04 
20.38 
13.42 
21.81 
22.99 
18.29 
23.04 
21.89 
6.63 
22.86 
22.96 
23.21 
25.36 
17.03 
15.82 
19.08 
25.89 
25.66 
22.52 
25.67 
25.43 
25.02 
18.43 
21.58 
22.79 
24.99 
26.37 
26.28 
26.67 
25.09 
22.51 
11.98 
22.62 
18.36 
13.26 
7.64 
13.00 
27.38 
8.23 
14.78 
22.51 
28.75 
28.30 
21.12 
26.70 
21.36 
22.57 
7.96 
23.48 
29.42 
28.95 
8.04 
24.62 
10.28 
29.24 
26.05 
21.00 
24.74 
21.38 
19.02 
11.24 
27.88 
21.96 
23.33 
8.24 
26.75 
27.61 
22.02 
29.33 
23.91 
17.97 
26.64 
31.40 
30.05 
31.24 
29.55 
23.95 
8.32 
18.85 
26.83 
15.97 
21.40 
27.34 
29.54 
29.87 
22.23 
8.31 
27.47 
30.68 
29.65 
22.52 
22.17 
30.46 
30.78 
30.94 
28.72 
10.59 
21.57 
22.74 
27.96 
26.08 
11.87 
8.14 
16.56 
16.87 
10.45 
17.50 
16.63 
28.72 
28.51 
25.29 
25.59 
23.37 
16.13 
19.28 
13.22 
27.06 
15.17 
22.47 
9.77 
17.72 
24.16 
17.31 
19.92 
23.02 
24.62 
16.97 
7.54 
11.29 
13.06 
7.93 
7.40 
7.37 
17.77 
21.79 
26.27 
17.12 
13.99 
7.15 
13.40 
26.84 
21.47 
24.59 
19.24 
6.92 
17.83 
21.24 
9.01 
19.97 
6.72 
19.96 
13.80 
19.17 
6.54 
20.24 
23.37 
24.19 
19.65 
19.71 
22.65 
24.05 
23.33 
16.32 
18.32 
6.04 
21.38 
21.56 
21.89 
15.78 
16.56 
18.34 
14.92 
18.27 
19.16 
5.56 
18.92 
19.93 
14.36 
19.96 
12.50 
5.27 
18.20 
14.96 
18.23 
15.69 
12.91 
16.93 
8.23 
16.03 
18.65 
16.96 
18.00 
15.18 
17.35 
16.72 
13.20 
14.97 
16.10 
15.97 
11.81 
15.12 
4.26 
13.20 
14.76 
4.13 
14.41 
10.92 
5.62 
14.64 
14.07 
11.46 
14.52 
13.84 
12.40 
12.96 
12.64 
12.54 
13.19 
13.41 
12.24 
12.78 
11.74 
12.27 
12.28 
10.75 
12.30 
11.90 
9.90 
4.82 
11.45 
6.42 
11.29 
11.21 
9.10 
5.65 
3.02 
2.99 
4.30 
2.95 
9.98 
10.21 
9.97 
8.89 
9.86 
9.72 
8.67 
8.54 
2.78 
4.21 
6.36 
9.31 
9.10 
9.25 
2.71 
9.56 
9.72 
7.93 
9.78 
9.05 
8.25 
7.36 
9.30 
9.21 
8.85 
4.70 
6.56 
7.72 
5.86 
9.16 
8.55 
5.18 
7.07 
7.71 
7.82 
7.94 
7.96 
3.38 
6.39 
9.88 
9.00 
9.04 
8.44 
7.75 
9.64 
9.70 
9.28 
8.39 
4.18 
10.30 
10.75 
10.14 
10.40 
9.79 
9.76 
3.13 
7.92 
9.97 
5.93 
6.89 
10.71 
11.61 
11.91 
11.69 
8.64 
10.40 
11.54 
11.32 
11.41 
12.80 
11.16 
3.68 
13.12 
10.89 
13.00 
12.65 
9.35 
13.67 
13.78 
13.43 
12.84 
13.77 
13.88 
11.96 
14.11 
14.95 
14.46 
10.03 
16.43 
15.56 
15.43 
15.30 
4.61 
4.66 
4.71 
4.76 
8.98 
16.14 
16.92 
15.45 
15.70 
5.05 
17.69 
16.86 
15.19 
17.92 
7.65 
15.93 
15.90 
16.99 
10.17 
11.95 
17.32 
19.59 
18.69 
7.05 
20.96 
16.54 
21.64 
17.92 
20.24 
21.40 
6.08 
6.13 
14.33 
16.84 
21.80 
17.32 
10.04 
19.50 
21.14 
23.87 
21.80 
23.30 
17.60 
16.89 
24.85 
20.84 
6.80 
19.41 
24.75 
22.76 
21.08 
25.50 
23.81 
23.89 
10.69 
25.02 
26.23 
25.01 
19.69 
20.90 
25.55 
8.37 
26.67 
14.37 
25.98 
18.10 
24.61 
19.52 
25.22 
16.62 
28.83 
17.37 
20.42 
28.99 
28.54 
25.57 
15.38 
25.32 
25.86 
28.76 
26.28 
16.55 
9.33 
8.00 
10.72 
23.41 
27.83 
28.53 
28.06 
30.45 
27.43 
8.15 
24.26 
30.38 
29.38 
18.04 
28.74 
27.23 
20.80 
10.46 
27.78 
22.53 
15.07 
18.48 
8.29 
8.30 
8.31 
23.43 
15.79 
12.90 
8.32 
8.32 
8.32 
11.04 
8.32 
8.32 
30.22 
26.99 
26.99 
15.27 
21.03 
25.27 
13.05 
30.33 
24.90 
22.17 
26.23 
18.08 
18.91 
27.36 
29.04 
19.37 
27.64 
28.80 
28.27 
8.15 
11.51 
19.09 
26.82 
16.68 
9.08 
25.55 
10.89 
17.25 
7.99 
7.97 
11.47 
23.33 
27.15 
19.91 
13.36 
10.99 
7.80 
26.42 
27.20 
27.65 
26.44 
20.09 
26.99 
14.37 
21.26 
25.99 
20.33 
27.51 
22.36 
25.90 
21.58 
25.93 
23.09 
24.32 
24.74 
22.40 
22.49 
14.53 
13.67 
14.25 
21.07 
20.84 
13.44 
6.88 
24.72 
6.80 
7.86 
17.07 
19.49 
18.79 
11.87 
20.79 
21.16 
23.84 
23.73 
19.04 
22.75 
21.58 
21.03 
14.91 
15.42 
10.71 
9.16 
21.23 
14.49 
5.90 
16.36 
21.79 
21.96 
21.26 
21.28 
20.01 
20.60 
11.02 
5.46 
7.93 
11.20 
5.32 
5.27 
9.87 
13.87 
8.23 
5.07 
5.02 
6.04 
13.51 
17.21 
4.83 
9.97 
7.31 
12.36 
9.34 
17.60 
17.60 
17.22 
16.22 
16.71 
15.97 
15.85 
16.08 
15.24 
11.31 
12.40 
14.06 
12.20 
5.62 
14.99 
13.04 
10.67 
14.41 
13.73 
10.29 
14.29 
9.03 
10.37 
9.53 
9.66 
12.67 
12.89 
11.84 
11.12 
3.38 
3.34 
3.31 
9.47 
11.01 
11.83 
6.17 
11.37 
11.78 
11.51 
10.94 
10.78 
9.75 
10.45 
10.77 
10.89 
9.98 
9.64 
9.31 
2.86 
10.97 
10.09 
9.22 
2.79 
9.69 
9.29 
7.81 
8.50 
2.73 
8.54 
8.16 
9.30 
9.45 
9.44 
5.61 
9.59 
9.40 
9.39 
8.59 
8.14 
6.47 
7.53 
2.67 
2.67 
2.67 
2.68 
8.73 
8.92 
9.57 
8.96 
9.71 
9.20 
8.51 
9.35 
8.57 
7.78 
10.01 
9.32 
8.63 
4.88 
6.86 
9.32 
2.90 
2.92 
8.25 
8.30 
3.47 
8.60 
3.04 
3.07 
3.10 
10.52 
10.89 
9.28 
3.22 
10.73 
3.28 
3.31 
10.57 
11.79 
10.53 
11.56 
8.79 
11.32 
5.93 
12.91 
13.02 
9.39 
13.45 
12.56 
11.99 
13.67 
13.44 
14.01 
14.70 
13.20 
13.31 
11.41 
4.62 
8.73 
15.56 
13.86 
14.95 
11.50 
4.42 
15.31 
16.06 
17.07 
16.56 
15.03 
9.86 
14.61 
17.07 
17.59 
17.06 
17.71 
15.30 
5.05 
17.28 
17.81 
17.93 
9.79 
19.98 
12.03 
20.24 
17.27 
17.81 
16.50 
14.60 
5.65 
17.39 
9.37 
21.10 
21.08 
12.51 
18.80 
18.17 
6.03 
20.61 
20.87 
15.39 
18.36 
18.00 
22.67 
22.78 
11.03 
23.15 
22.32 
6.54 
18.61 
7.88 
13.12 
21.38 
18.31 
22.66 
15.59 
20.92 
22.60 
20.12 
7.01 
7.05 
8.54 
13.76 
22.10 
18.26 
24.52 
16.42 
24.01 
26.70 
25.45 
25.85 
15.86 
24.49 
8.67 
26.93 
25.83 
21.40 
8.80 
18.83 
12.54 
23.59 
14.61 
26.19 
19.54 
28.30 
13.06 
27.38 
16.99 
22.91 
20.42 
28.88 
27.40 
23.88 
26.11 
29.52 
26.17 
26.19 
28.08 
26.41 
27.79 
28.49 
26.48 
27.69 
19.06 
10.08 
21.97 
8.24 
26.41 
28.80 
29.49 
21.01 
18.65 
15.94 
8.30 
8.31 
8.31 
8.31 
8.32 
10.70 
25.99 
18.00 
10.19 
28.87 
15.62 
28.69 
28.18 
18.67 
27.66 
27.14 
18.14 
8.30 
25.42 
23.54 
30.31 
22.84 
8.26 
14.17 
30.41 
17.53 
25.97 
25.61 
24.24 
20.33 
30.11 
22.15 
8.12 
25.98 
29.32 
8.07 
18.15 
19.97 
24.65 
24.11 
22.73 
28.06 
28.02 
28.65 
26.94 
26.06 
7.82 
20.30 
7.77 
7.74 
18.85 
27.27 
27.38 
19.38 
26.44 
13.01 
8.03 
13.26 
7.47 
9.73 
13.46 
10.64 
7.34 
8.60 
19.61 
14.20 
7.19 
13.13 
20.81 
13.35 
18.26 
25.55 
16.85 
18.22 
22.11 
25.03 
23.52 
23.75 
6.72 
6.67 
24.87 
23.99 
18.78 
17.46 
10.61 
23.88 
11.71 
14.38 
14.31 
10.31 
23.03 
22.76 
22.35 
12.43 
18.13 
19.94 
13.82 
20.74 
11.47 
19.79 
18.66 
5.66 
7.04 
5.56 
5.51 
8.13 
13.38 
6.06 
15.68 
18.05 
18.34 
19.44 
18.91 
18.38 
5.02 
13.08 
9.42 
14.19 
18.39 
13.72 
18.13 
17.10 
17.48 
12.80 
14.59 
14.35 
15.23 
9.33 
16.46 
15.85 
5.47 
6.97 
4.17 
8.86 
15.47 
12.32 
14.53 
14.41 
3.91 
13.84 
13.73 
14.29 
12.85 
13.29 
13.41 
13.84 
12.87 
12.77 
11.82 
6.02 
11.32 
12.37 
3.38 
3.34 
11.58 
11.50 
11.01 
11.43 
10.35 
9.98 
10.99 
10.82 
10.07 
10.49 
3.31 
6.53 
8.48 
8.53 
10.83 
10.58 
10.62 
10.38 
9.49 
9.72 
6.66 
4.44 
9.60 
7.66 
4.29 
5.80 
5.24 
5.49 
9.59 
9.30 
8.92 
9.52 
8.53 
9.50 
8.78 
7.71 
7.53 
4.96 
9.21 
9.92 
8.86 
9.13 
9.14 
2.68 
6.15 
5.72 
9.30 
9.05 
9.08 
9.53 
7.40 
3.82 
9.89 
8.93 
9.06 
6.72 
6.75 
9.00 
10.52 
7.97 
9.79 
9.37 
10.09 
10.05 
8.97 
4.43 
9.95 
4.69 
10.47 
6.63 
11.01 
11.29 
10.97 
11.25 
11.44 
11.73 
11.51 
6.13 
11.27 
11.26 
12.08 
8.79 
9.72 
3.56 
6.31 
3.64 
11.80 
5.04 
12.67 
12.77 
13.33 
3.88 
12.06 
13.67 
12.73 
12.60 
4.10 
4.14 
8.61 
14.23 
11.19 
10.55 
6.34 
4.42 
12.57 
4.52 
15.17 
15.04 
14.00 
4.71 
4.76 
11.20 
17.59 
17.59 
8.67 
17.97 
11.24 
8.21 
5.15 
7.94 
17.50 
19.42 
14.54 
16.32 
19.24 
17.38 
20.20 
14.60 
7.51 
18.69 
20.55 
22.42 
18.44 
16.93 
14.81 
21.88 
18.12 
18.67 
20.12 
23.70 
20.03 
15.86 
23.90 
23.55 
24.12 
23.92 
22.79 
21.17 
6.59 
22.30 
19.09 
23.43 
23.05 
25.04 
24.98 
22.04 
8.37 
21.08 
16.33 
26.23 
8.70 
13.28 
19.50 
24.93 
25.50 
26.22 
25.97 
17.02 
16.58 
22.23 
24.43 
27.47 
16.94 
22.62 
26.49 
25.89 
16.13 
16.83 
19.04 
19.08 
29.32 
16.99 
7.81 
15.89 
18.44 
26.03 
28.59 
18.54 
21.60 
7.98 
29.76 
29.96 
25.43 
27.83 
27.69 
14.02 
8.12 
30.14 
29.99 
30.53 
24.96 
28.70 
24.99 
19.75 
29.95 
25.72 
20.81 
29.48 
24.40 
30.86 
27.65 
30.03 
29.87 
28.18 
29.20 
13.75 
20.21 
8.32 
21.74 
30.06 
25.99 
30.74 
30.06 
30.05 
21.56 
22.74 
27.32 
29.35 
30.02 
30.01 
30.33 
30.66 
28.95 
9.45 
8.26 
28.40 
22.12 
8.22 
30.37 
22.91 
25.09 
24.05 
8.15 
29.07 
21.95 
8.11 
8.09 
26.42 
18.99 
27.54 
28.51 
24.61 
28.77 
25.38 
29.03 
22.29 
18.74 
26.06 
18.34 
7.80 
19.43 
8.74 
19.84 
24.44 
13.13 
21.36 
24.62 
15.49 
21.71 
8.82 
27.67 
28.59 
28.52 
27.30 
21.52 
22.44 
7.26 
21.17 
7.19 
20.87 
20.32 
7.08 
24.67 
24.11 
6.96 
6.92 
24.65 
23.29 
12.79 
23.90 
24.28 
23.72 
20.97 
6.59 
10.88 
6.50 
6.45 
6.41 
6.36 
12.86 
13.25 
13.93 
21.07 
22.91 
14.29 
22.24 
21.23 
21.12 
20.27 
19.87 
7.26 
21.23 
21.40 
21.71 
18.16 
19.18 
13.98 
20.63 
20.36 
20.23 
18.17 
5.27 
17.66 
19.17 
16.07 
19.18 
18.12 
17.72 
4.93 
16.16 
17.74 
5.95 
4.73 
11.85 
17.35 
16.85 
11.82 
15.72 
15.85 
12.16 
12.79 
14.75 
14.03 
14.64 
14.76 
14.05 
11.95 
14.53 
14.18 
14.07 
14.18 
3.87 
11.82 
3.79 
14.51 
13.73 
12.97 
13.52 
13.52 
14.05 
9.26 
3.48 
3.44 
3.41 
3.38 
9.82 
10.36 
12.11 
11.11 
11.13 
11.65 
11.17 
11.39 
11.80 
11.14 
11.36 
10.99 
9.40 
10.58 
9.47 
2.92 
4.59 
9.50 
8.24 
7.74 
9.45 
8.67 
10.09 
9.96 
2.76 
9.71 
9.49 
7.13 
6.03 
5.12 
8.58 
8.03 
8.99 
8.27 
8.52 
8.87 
8.68 
9.56 
9.21 
8.76 
5.58 
2.67 
8.78 
7.10 
9.16 
8.55 
6.96 
9.57 
7.44 
7.47 
5.96 
2.74 
9.71 
9.11 
2.78 
4.35 
2.81 
5.59 
4.05 
9.37 
10.53 
10.12 
10.75 
9.10 
9.54 
9.98 
9.47 
8.95 
3.07 
9.17 
11.41 
11.69 
11.47 
12.16 
10.83 
11.42 
9.46 
12.22 
12.73 
11.15 
12.51 
12.39 
12.49 
11.30 
12.80 
8.76 
9.83 
11.68 
3.76 
3.80 
3.84 
12.19 
12.52 
10.78 
12.73 
14.71 
14.95 
15.19 
14.95 
15.19 
16.53 
15.93 
16.30 
14.82 
16.31 
13.42 
12.52 
4.61 
9.52 
16.69 
15.39 
4.80 
10.50 
15.87 
6.55 
13.03 
19.45 
19.58 
11.14 
16.15 
18.33 
6.27 
19.97 
17.02 
17.84 
13.85 
9.25 
19.47 
12.26 
13.78 
18.22 
19.79 
22.10 
21.79 
19.10 
23.22 
6.03 
14.92 
16.96 
23.85 
23.82 
20.89 
19.77 
24.47 
24.58 
22.37 
22.79 
18.99 
25.02 
21.36 
20.19 
23.90 
23.52 
19.81 
25.77 
19.81 
19.08 
18.67 
12.80 
7.05 
24.38 
27.05 
25.83 
7.20 
8.22 
18.22 
25.97 
27.35 
27.75 
27.17 
26.25 
14.42 
20.09 
18.15 
26.33 
26.22 
16.79 
28.16 
29.38 
28.94 
26.98 
24.69 
7.81 
21.76 
7.86 
11.08 
27.08 
29.64 
28.17 
20.11 
24.02 
26.08 
30.67 
25.80 
8.08 
9.79 
23.51 
27.60 
18.65 
30.02 
29.19 
30.57 
30.42 
30.78 
29.27 
27.59 
24.04 
10.64 
8.27 
25.26 
26.97 
27.99 
26.98 
31.57 
28.35 
19.86 
15.96 
22.42 
24.80 
31.42 
26.16 
31.59 
30.40 
28.69 
29.37 
25.80 
27.49 
27.99 
20.35 
8.30 
20.33 
30.66 
25.39 
23.01 
31.29 
30.26 
10.44 
28.19 
10.07 
27.64 
30.32 
31.48 
27.40 
20.29 
9.47 
20.24 
18.37 
29.29 
17.14 
28.38 
24.31 
17.73 
25.25 
25.38 
29.20 
28.48 
26.27 
27.73 
28.18 
23.30 
12.93 
7.74 
8.55 
7.69 
16.27 
28.48 
27.59 
7.57 
23.35 
28.07 
26.19 
10.06 
14.28 
15.38 
23.97 
27.97 
22.70 
17.60 
11.07 
20.07 
23.22 
7.08 
27.88 
25.39 
24.82 
25.06 
23.54 
21.87 
24.00 
22.02 
12.52 
6.67 
21.91 
6.59 
19.40 
21.32 
22.30 
21.28 
6.36 
6.32 
9.15 
18.46 
22.58 
17.97 
19.82 
21.20 
5.99 
5.95 
5.90 
5.85 
5.80 
5.76 
6.28 
21.85 
19.73 
14.22 
18.92 
21.33 
20.92 
20.09 
17.89 
16.13 
5.22 
8.84 
19.18 
19.32 
19.32 
19.05 
18.66 
14.98 
17.87 
4.78 
18.51 
14.28 
17.35 
17.73 
17.85 
17.59 
16.71 
7.60 
16.46 
16.21 
10.30 
4.94 
4.65 
6.37 
15.82 
11.85 
10.36 
13.72 
10.19 
13.28 
13.73 
10.83 
14.07 
14.29 
14.06 
13.95 
7.80 
10.41 
13.63 
12.57 
11.32 
6.64 
9.59 
11.47 
8.93 
12.01 
12.12 
12.23 
11.55 
7.90 
11.49 
11.41 
11.62 
9.62 
11.19 
10.54 
9.72 
9.85 
10.92 
10.77 
10.80 
10.19 
10.33 
10.46 
10.41 
9.82 
8.51 
9.56 
9.25 
9.58 
8.02 
9.61 
8.60 
4.39 
9.63 
8.99 
9.24 
9.41 
9.04 
9.04 
10.00 
9.82 
5.49 
9.74 
9.48 
5.41 
9.32 
8.54 
9.08 
7.05 
9.66 
9.77 
9.35 
2.73 
8.60 
7.99 
9.66 
9.88 
8.46 
9.69 
10.01 
8.76 
10.67 
10.81 
10.41 
10.37 
10.43 
9.92 
10.08 
10.05 
10.70 
9.50 
10.84 
10.32 
11.39 
7.98 
11.56 
11.24 
3.28 
10.48 
11.60 
11.90 
12.09 
11.77 
11.65 
10.78 
12.92 
12.70 
13.23 
11.69 
7.92 
3.76 
6.49 
13.78 
3.88 
13.55 
14.13 
13.89 
4.05 
14.60 
11.15 
13.88 
12.91 
5.74 
12.63 
14.21 
12.59 
7.83 
4.52 
4.56 
14.91 
16.82 
15.79 
17.72 
14.46 
18.25 
18.11 
18.78 
17.84 
18.77 
18.90 
18.63 
19.03 
10.76 
5.30 
17.74 
20.24 
19.67 
18.80 
5.55 
15.32 
20.59 
20.71 
11.11 
20.81 
22.25 
21.79 
21.61 
22.03 
22.89 
22.11 
18.92 
6.18 
19.72 
21.19 
23.74 
12.96 
8.72 
22.99 
22.01 
15.10 
24.23 
24.96 
24.75 
18.54 
25.11 
24.73 
24.82 
25.07 
26.44 
25.57 
21.48 
21.55 
17.43 
17.33 
28.10 
15.33 
26.64 
26.22 
23.68 
13.91 
7.38 
25.52 
27.23 
12.77 
12.64 
25.94 
28.98 
26.22 
7.64 
9.50 
25.38 
26.93 
28.65 
28.37 
24.40 
20.25 
26.83 
24.18 
16.49 
16.01 
11.83 
27.87 
28.24 
29.62 
17.33 
19.38 
29.21 
30.25 
26.73 
9.99 
30.33 
17.82 
31.06 
29.04 
29.74 
23.48 
17.22 
23.85 
20.98 
28.97 
20.49 
16.09 
30.87 
30.71 
24.26 
22.57 
13.92 
22.75 
27.51 
29.55 
29.89 
22.76 
11.72 
15.80 
31.08 
8.32 
28.69 
27.83 
14.25 
26.97 
16.11 
24.58 
8.29 
8.96 
29.12 
14.03 
19.94 
20.27 
30.07 
26.33 
27.66 
18.68 
18.66 
24.73 
25.88 
26.53 
19.93 
17.88 
17.35 
8.07 
17.14 
18.29 
20.28 
24.95 
26.26 
7.94 
27.35 
9.74 
27.44 
15.37 
7.82 
24.47 
26.25 
24.71 
25.32 
22.95 
20.42 
14.25 
17.84 
25.39 
24.01 
18.03 
25.54 
21.37 
14.61 
17.17 
7.34 
7.30 
20.42 
7.23 
24.02 
22.81 
24.99 
25.56 
24.99 
18.83 
6.96 
17.26 
6.88 
17.44 
22.26 
23.90 
21.62 
15.12 
21.28 
17.15 
15.83 
21.62 
22.30 
17.14 
9.42 
13.01 
9.91 
11.21 
19.12 
13.93 
19.96 
20.45 
15.32 
5.95 
21.01 
8.48 
18.88 
21.81 
21.54 
21.56 
17.16 
20.32 
13.14 
11.92 
10.86 
8.42 
18.45 
19.98 
18.75 
18.49 
15.80 
5.07 
16.51 
18.12 
17.07 
13.54 
16.57 
16.83 
11.56 
9.17 
10.61 
9.52 
5.30 
17.09 
16.84 
15.73 
11.08 
7.83 
10.30 
4.22 
4.17 
15.12 
11.71 
4.04 
14.53 
14.87 
14.75 
13.96 
5.52 
3.79 
3.75 
3.71 
3.67 
3.63 
3.59 
3.55 
9.16 
12.67 
12.68 
3.93 
12.59 
12.19 
11.38 
12.82 
9.50 
3.21 
4.78 
11.76 
11.68 
6.13 
10.07 
11.26 
5.52 
9.11 
2.97 
8.62 
9.04 
2.90 
9.87 
8.43 
2.84 
8.80 
3.63 
2.79 
2.78 
9.38 
9.71 
9.49 
8.38 
7.37 
8.96 
9.39 
9.45 
8.64 
9.69 
9.05 
8.69 
2.67 
8.24 
9.03 
9.21 
8.68 
8.77 
9.04 
4.36 
2.68 
6.95 
7.85 
4.21 
8.79 
6.21 
9.65 
8.96 
8.35 
7.30 
8.24 
2.79 
8.49 
8.54 
8.21 
7.79 
8.67 
8.90 
7.07 
8.91 
2.97 
9.51 
8.51 
3.04 
3.07 
9.66 
9.54 
10.00 
10.47 
10.45 
11.24 
11.52 
9.87 
11.39 
12.21 
12.30 
11.77 
11.86 
11.85 
12.06 
12.15 
12.69 
12.90 
13.01 
10.11 
12.55 
12.88 
3.88 
10.46 
14.01 
13.43 
13.31 
14.12 
15.55 
14.83 
14.71 
14.47 
13.73 
14.58 
8.13 
8.58 
16.06 
15.80 
13.89 
14.13 
6.12 
4.76 
4.80 
4.85 
7.15 
16.78 
17.84 
15.68 
15.66 
18.76 
19.03 
18.88 
18.59 
18.02 
8.34 
18.40 
14.41 
15.93 
12.60 
17.86 
5.69 
5.74 
21.25 
21.67 
21.05 
22.06 
22.62 
19.46 
20.46 
22.38 
22.04 
13.81 
15.41 
21.45 
23.85 
23.66 
23.61 
23.87 
23.66 
13.61 
15.88 
10.13 
22.48 
25.42 
23.77 
25.46 
26.19 
23.88 
10.82 
22.93 
21.72 
23.41 
26.56 
17.55 
12.89 
22.56 
24.26 
25.15 
22.60 
26.77 
11.69 
14.21 
25.98 
24.72 
27.10 
26.99 
26.22 
21.62 
25.16 
16.21 
24.26 
7.76 
27.53 
25.40 
27.46 
27.17 
27.88 
28.59 
21.90 
23.11 
21.63 
8.00 
23.04 
23.58 
28.17 
20.08 
29.92 
28.08 
26.08 
20.17 
30.70 
8.18 
25.31 
19.91 
19.75 
28.42 
26.23 
8.25 
16.41 
30.00 
22.20 
30.87 
30.54 
25.28 
30.89 
27.33 
26.15 
30.23 
29.89 
25.31 
18.68 
14.95 
21.57 
25.81 
25.13 
19.01 
21.55 
9.33 
8.31 
8.30 
20.85 
31.35 
29.13 
30.31 
28.09 
11.81 
30.09 
29.22 
8.22 
19.04 
15.64 
27.79 
30.47 
26.05 
25.02 
11.16 
26.99 
29.65 
27.77 
19.49 
14.59 
24.14 
7.99 
29.28 
26.05 
22.16 
15.93 
21.75 
18.37 
19.84 
28.30 
7.77 
7.74 
14.86 
19.97 
25.89 
26.00 
26.93 
16.15 
10.83 
15.24 
28.00 
25.80 
7.40 
22.24 
17.94 
8.60 
24.00 
21.66 
9.78 
10.71 
25.96 
21.70 
26.60 
26.83 
25.62 
24.42 
19.73 
18.07 
6.80 
21.86 
24.75 
18.40 
8.81 
6.59 
17.85 
19.77 
24.60 
24.04 
10.79 
18.19 
23.10 
20.27 
8.89 
15.42 
11.76 
15.11 
19.31 
19.65 
8.83 
11.84 
15.69 
19.79 
14.35 
5.66 
16.59 
15.63 
8.48 
6.45 
16.73 
15.37 
19.55 
19.84 
20.12 
19.17 
17.69 
17.30 
5.02 
11.48 
18.79 
10.13 
6.40 
17.35 
12.33 
17.74 
17.10 
16.59 
7.05 
4.50 
14.48 
17.08 
11.08 
15.85 
15.00 
4.22 
15.48 
15.24 
15.23 
14.76 
4.00 
9.70 
11.44 
13.62 
14.07 
12.84 
13.62 
13.29 
3.67 
3.63 
12.76 
12.45 
9.37 
12.36 
4.60 
6.75 
12.18 
11.47 
11.48 
11.40 
6.77 
11.93 
10.85 
10.08 
11.09 
10.04 
10.26 
8.17 
10.99 
10.64 
8.96 
11.08 
9.13 
10.96 
8.85 
10.10 
2.84 
2.83 
10.14 
4.07 
10.14 
2.76 
5.46 
10.39 
8.83 
8.72 
7.71 
8.05 
3.40 
2.68 
2.68 
2.67 
9.66 
9.12 
9.12 
2.66 
8.59 
5.23 
8.33 
8.51 
9.41 
7.47 
8.28 
2.69 
4.48 
9.59 
7.38 
9.44 
9.29 
9.14 
8.90 
9.66 
9.06 
9.10 
10.05 
10.01 
10.06 
10.29 
10.53 
10.03 
9.33 
10.53 
9.83 
10.65 
10.72 
4.40 
3.07 
10.64 
7.56 
4.54 
11.67 
11.35 
11.24 
11.52 
12.02 
12.11 
11.69 
11.89 
12.30 
12.71 
3.52 
13.24 
12.15 
13.67 
12.46 
11.24 
13.45 
6.49 
6.55 
13.67 
14.36 
13.78 
14.59 
12.37 
5.99 
13.17 
14.59 
15.31 
15.32 
15.44 
15.93 
15.69 
13.19 
15.56 
15.05 
12.24 
14.00 
10.12 
16.29 
17.20 
16.01 
15.21 
15.05 
16.50 
17.43 
18.63 
9.23 
10.13 
19.02 
14.72 
17.46 
12.26 
20.09 
15.40 
18.21 
20.04 
17.14 
20.71 
20.26 
21.10 
21.37 
21.64 
21.61 
22.18 
9.17 
20.46 
15.01 
23.25 
23.36 
22.26 
6.32 
20.02 
22.73 
16.19 
21.70 
21.02 
21.42 
24.34 
20.82 
20.44 
22.42 
21.71 
17.82 
21.72 
23.56 
6.97 
22.76 
23.65 
11.45 
19.11 
26.32 
25.91 
25.01 
24.43 
26.63 
28.01 
27.10 
22.06 
22.78 
25.48 
26.70 
24.45 
18.20 
7.61 
11.97 
12.33 
29.22 
29.27 
26.31 
22.85 
28.08 
25.44 
7.86 
22.84 
28.26 
28.30 
30.36 
26.52 
18.29 
26.25 
9.39 
24.96 
17.38 
15.54 
17.93 
30.65 
30.33 
30.53 
21.06 
29.55 
28.05 
25.69 
21.80 
9.94 
26.41 
21.50 
22.36 
29.33 
29.68 
29.35 
28.51 
21.04 
20.20 
8.31 
24.11 
28.87 
15.29 
8.32 
8.32 
12.57 
23.43 
24.62 
19.52 
27.83 
30.20 
16.28 
18.99 
12.37 
8.29 
26.76 
20.31 
28.43 
32.31 
29.07 
21.61 
18.04 
8.21 
8.20 
18.49 
24.89 
29.09 
18.77 
13.01 
30.36 
24.94 
11.10 
28.58 
28.55 
23.81 
19.07 
29.95 
25.21 
10.60 
9.07 
7.87 
26.22 
24.85 
26.30 
27.25 
22.21 
22.67 
25.61 
21.91 
24.67 
26.93 
7.57 
25.49 
26.75 
26.19 
9.41 
27.05 
27.30 
23.32 
24.55 
20.42 
26.20 
27.57 
26.20 
7.12 
17.52 
7.04 
25.87 
21.48 
26.17 
25.44 
6.84 
16.27 
16.83 
26.32 
26.06 
23.78 
25.39 
10.57 
6.50 
19.53 
24.50 
23.16 
6.32 
20.37 
20.27 
23.93 
19.47 
20.26 
23.57 
19.16 
17.14 
8.10 
5.85 
20.63 
14.15 
16.51 
8.95 
16.16 
19.61 
21.74 
21.33 
20.78 
19.82 
19.55 
6.37 
18.34 
19.85 
19.85 
18.91 
17.98 
5.77 
14.04 
18.39 
17.74 
18.39 
18.26 
13.52 
4.64 
9.27 
17.47 
16.72 
12.13 
15.48 
16.83 
16.21 
15.96 
14.76 
15.36 
15.12 
15.12 
14.65 
13.37 
13.72 
15.10 
13.73 
6.08 
3.79 
13.62 
14.17 
13.73 
10.80 
13.09 
13.30 
11.71 
10.46 
13.10 
13.10 
12.49 
10.23 
11.99 
12.01 
12.72 
12.13 
11.75 
11.76 
11.58 
10.63 
11.04 
5.36 
10.51 
11.60 
9.91 
11.46 
11.02 
10.21 
10.43 
10.19 
9.22 
10.28 
6.57 
9.91 
9.60 
9.29 
7.54 
10.03 
10.00 
9.97 
10.03 
10.19 
9.01 
8.73 
4.36 
9.94 
9.22 
9.21 
9.56 
8.85 
9.12 
9.21 
5.06 
6.12 
9.94 
8.00 
9.79 
9.72 
9.83 
9.77 
10.15 
8.12 
10.31 
9.17 
9.93 
7.97 
7.73 
9.50 
9.73 
9.41 
9.92 
10.07 
10.22 
9.90 
7.30 
10.21 
10.37 
9.86 
8.86 
10.86 
10.25 
10.23 
10.10 
4.08 
9.95 
11.34 
11.93 
12.33 
4.69 
12.31 
12.09 
12.51 
12.18 
13.03 
4.53 
10.10 
6.80 
3.68 
13.56 
13.56 
13.78 
13.67 
12.65 
3.92 
14.13 
14.13 
11.43 
7.40 
4.14 
14.59 
14.83 
14.95 
14.10 
5.60 
7.52 
9.45 
4.52 
16.44 
4.61 
16.56 
17.72 
15.00 
17.72 
16.28 
16.92 
9.60 
16.10 
18.24 
17.96 
9.78 
17.80 
19.02 
18.45 
19.27 
19.12 
20.23 
14.70 
9.81 
20.90 
20.02 
21.00 
20.69 
17.60 
21.37 
20.90 
11.85 
21.58 
22.00 
20.16 
12.45 
17.96 
21.09 
23.48 
23.13 
22.32 
22.58 
23.61 
22.47 
21.80 
6.59 
16.66 
21.76 
24.38 
23.84 
6.80 
7.48 
16.14 
8.85 
19.96 
21.80 
22.36 
24.70 
26.07 
22.75 
7.20 
25.99 
26.39 
25.15 
26.37 
27.43 
7.41 
28.39 
27.80 
24.88 
28.09 
17.53 
27.05 
17.46 
7.67 
7.70 
9.56 
27.82 
26.36 
26.07 
26.45 
27.00 
19.14 
24.39 
27.46 
28.84 
24.83 
27.90 
14.60 
13.28 
27.32 
30.22 
28.90 
28.59 
30.14 
25.25 
8.16 
16.14 
28.37 
27.03 
8.22 
24.01 
11.64 
30.99 
30.16 
30.17 
30.52 
30.19 
29.18 
24.09 
22.74 
13.92 
30.06 
23.43 
26.32 
8.32 
22.76 
30.57 
30.23 
27.68 
10.70 
19.01 
30.72 
29.02 
31.04 
8.30 
12.71 
18.80 
28.46 
25.56 
29.11 
19.10 
17.56 
11.45 
12.62 
8.21 
25.44 
17.82 
22.70 
19.64 
16.75 
24.65 
28.34 
22.58 
28.95 
27.23 
24.01 
8.01 
7.99 
7.97 
24.21 
27.35 
17.94 
26.94 
26.06 
19.51 
26.30 
26.75 
22.88 
7.72 
7.69 
7.66 
16.40 
25.78 
25.88 
17.75 
18.53 
24.06 
24.00 
20.01 
14.72 
24.13 
23.74 
20.26 
17.93 
20.78 
19.42 
17.91 
18.00 
9.28 
21.87 
26.42 
26.17 
26.08 
13.33 
24.78 
20.92 
13.93 
15.12 
6.63 
25.70 
26.06 
25.48 
24.45 
9.17 
20.42 
25.04 
17.79 
19.52 
6.18 
6.14 
9.82 
8.42 
22.42 
5.95 
17.05 
19.43 
18.88 
19.21 
18.95 
5.66 
5.61 
17.90 
19.06 
16.70 
19.38 
6.34 
17.62 
13.10 
5.22 
18.63 
12.15 
18.78 
17.98 
17.59 
16.02 
16.16 
15.65 
10.61 
4.73 
4.69 
17.35 
16.97 
16.47 
16.59 
16.34 
16.34 
11.57 
9.77 
15.36 
14.40 
15.12 
15.95 
15.35 
15.11 
13.83 
3.96 
6.08 
3.87 
3.83 
7.81 
14.07 
13.62 
13.52 
13.08 
11.90 
10.52 
8.94 
12.15 
3.44 
12.58 
12.38 
11.98 
10.26 
3.28 
10.91 
10.83 
10.95 
10.58 
10.11 
10.72 
9.68 
10.20 
9.17 
8.73 
9.05 
3.70 
10.08 
3.18 
9.13 
10.84 
9.96 
10.00 
10.50 
9.91 
6.87 
10.10 
9.16 
2.74 
9.91 
10.06 
10.57 
9.65 
7.50 
9.44 
7.29 
10.03 
7.80 
9.83 
9.12 
8.23 
9.21 
8.94 
9.13 
9.13 
5.95 
8.80 
9.08 
9.01 
9.21 
9.86 
