20050101
9.12 
8.08 
9.62 
8.77 
2.71 
9.28 
9.59 
9.91 
9.50 
9.37 
9.87 
9.74 
9.52 
7.06 
10.10 
9.41 
10.51 
9.63 
10.46 
11.01 
9.63 
8.24 
5.07 
10.44 
8.73 
8.40 
4.34 
7.92 
10.95 
10.11 
11.85 
11.42 
11.83 
3.48 
11.81 
8.70 
4.67 
9.28 
4.76 
12.98 
12.97 
13.64 
11.95 
11.37 
8.61 
3.96 
14.22 
4.05 
15.63 
14.46 
15.77 
13.37 
15.91 
14.69 
15.92 
16.91 
16.42 
16.42 
14.15 
14.27 
16.42 
12.82 
17.58 
17.97 
17.98 
18.24 
18.37 
16.50 
14.33 
18.63 
19.17 
20.26 
18.60 
19.42 
9.53 
10.73 
20.93 
17.67 
19.91 
14.61 
21.02 
19.27 
22.00 
22.27 
21.96 
19.29 
22.79 
22.77 
22.89 
14.48 
10.35 
20.38 
21.69 
22.11 
22.98 
16.96 
17.19 
6.47 
21.08 
22.88 
18.77 
24.33 
23.33 
25.63 
25.10 
23.61 
22.43 
21.56 
18.77 
21.24 
26.93 
27.18 
18.72 
26.39 
26.31 
25.41 
26.14 
24.74 
21.55 
24.06 
28.39 
26.66 
26.56 
22.01 
16.95 
23.61 
25.65 
29.19 
28.91 
14.01 
28.03 
26.75 
24.96 
22.67 
23.54 
9.70 
13.07 
28.86 
29.24 
24.57 
11.50 
29.86 
30.23 
28.58 
24.90 
29.99 
16.87 
27.52 
8.13 
26.39 
28.60 
25.25 
31.35 
31.54 
28.18 
8.23 
30.92 
23.49 
10.46 
15.21 
25.89 
30.47 
23.37 
26.43 
30.50 
31.01 
27.12 
25.77 
28.65 
20.52 
30.01 
30.52 
27.63 
24.58 
14.25 
8.32 
8.32 
13.90 
22.86 
28.95 
31.30 
31.46 
16.57 
31.26 
31.59 
31.40 
29.53 
23.94 
20.37 
27.95 
28.94 
26.72 
29.23 
22.80 
26.31 
25.28 
23.23 
24.38 
26.03 
24.16 
19.93 
22.92 
7.99 
7.96 
19.64 
25.12 
22.41 
21.20 
29.66 
26.95 
20.09 
25.19 
28.13 
19.96 
12.81 
27.63 
19.16 
25.70 
25.15 
16.39 
7.49 
20.72 
19.35 
8.53 
15.17 
17.72 
13.77 
7.25 
20.78 
26.51 
27.24 
24.43 
23.87 
23.47 
24.82 
11.71 
21.48 
19.34 
23.36 
20.29 
17.39 
22.62 
14.59 
25.07 
24.50 
24.55 
24.76 
22.96 
23.32 
9.38 
21.74 
22.08 
15.82 
17.53 
6.11 
10.66 
22.71 
5.96 
17.64 
22.93 
18.45 
7.07 
5.72 
21.13 
21.72 
6.71 
18.50 
19.37 
16.03 
16.48 
14.58 
5.28 
17.52 
14.14 
16.74 
18.37 
18.65 
16.79 
6.12 
18.65 
18.38 
17.99 
15.42 
13.64 
4.64 
13.05 
17.08 
16.46 
16.82 
16.08 
15.59 
12.92 
4.27 
14.62 
14.86 
15.33 
14.16 
12.88 
10.69 
14.04 
13.36 
14.38 
13.59 
12.25 
13.04 
12.49 
11.19 
12.07 
9.17 
12.73 
12.09 
12.42 
11.90 
12.01 
12.13 
11.32 
11.33 
11.34 
11.26 
10.97 
11.09 
6.38 
9.66 
11.24 
11.16 
10.32 
10.92 
10.28 
10.12 
9.96 
7.01 
10.40 
9.97 
8.63 
10.05 
7.63 
8.86 
9.63 
9.95 
10.00 
9.87 
9.12 
8.37 
9.50 
9.74 
9.71 
9.68 
9.58 
9.91 
8.75 
9.53 
8.91 
8.64 
8.89 
8.46 
8.54 
9.07 
8.20 
9.52 
9.01 
7.79 
6.67 
7.21 
3.88 
4.33 
9.12 
6.67 
2.69 
2.70 
9.51 
9.37 
9.32 
9.19 
8.68 
9.09 
5.20 
2.83 
9.61 
8.27 
10.10 
2.92 
3.89 
4.49 
3.00 
3.02 
8.67 
11.26 
9.97 
3.14 
10.62 
10.50 
9.97 
4.99 
10.23 
7.03 
9.99 
11.73 
11.93 
12.77 
10.75 
9.23 
3.59 
13.09 
13.31 
13.20 
11.20 
13.19 
12.52 
8.08 
13.76 
6.84 
14.80 
15.27 
14.22 
14.46 
13.86 
4.96 
15.42 
14.08 
12.97 
14.68 
12.56 
4.52 
10.88 
15.54 
17.06 
16.68 
18.36 
17.32 
16.80 
17.58 
15.85 
16.50 
15.68 
17.41 
18.49 
13.42 
19.29 
17.49 
19.55 
17.16 
20.93 
20.07 
15.79 
19.04 
21.31 
21.15 
19.53 
21.40 
14.49 
10.46 
21.61 
19.95 
20.36 
19.87 
18.92 
22.79 
22.30 
20.59 
20.38 
6.69 
23.81 
16.51 
21.85 
21.80 
13.78 
22.30 
23.02 
17.76 
23.99 
18.07 
11.47 
9.14 
24.67 
25.08 
21.48 
22.36 
23.24 
25.74 
10.10 
21.03 
21.42 
25.89 
18.93 
24.72 
24.62 
27.15 
25.24 
14.43 
25.20 
17.82 
15.71 
7.63 
18.78 
28.47 
19.20 
8.58 
28.46 
27.51 
28.56 
24.76 
26.97 
26.18 
23.53 
9.29 
11.67 
29.02 
29.05 
18.14 
8.06 
8.08 
8.10 
30.05 
28.22 
22.67 
19.48 
26.09 
8.19 
23.26 
24.12 
23.80 
15.35 
29.92 
27.56 
20.46 
26.91 
20.48 
11.68 
14.91 
28.80 
29.32 
28.98 
31.36 
29.16 
8.32 
17.30 
30.01 
21.20 
23.74 
23.06 
23.05 
24.74 
29.30 
15.59 
23.02 
28.77 
19.96 
25.02 
10.13 
28.88 
28.36 
28.68 
27.99 
14.64 
14.45 
15.79 
28.92 
26.36 
29.03 
14.37 
27.13 
11.13 
10.27 
8.07 
23.15 
26.14 
29.29 
27.24 
18.17 
12.96 
7.92 
14.73 
22.70 
23.83 
21.13 
27.23 
7.76 
21.17 
16.32 
23.56 
20.70 
22.13 
22.25 
21.54 
16.88 
15.85 
7.46 
13.63 
7.39 
7.36 
10.57 
27.88 
22.95 
20.29 
20.55 
19.36 
15.12 
26.75 
25.86 
25.77 
24.26 
7.69 
9.70 
23.68 
16.52 
18.95 
6.69 
25.49 
18.55 
19.40 
6.52 
21.99 
21.58 
24.54 
19.10 
22.19 
14.24 
23.78 
23.66 
22.35 
21.20 
12.81 
14.79 
19.39 
22.20 
21.64 
20.51 
17.37 
20.42 
21.01 
20.32 
13.71 
16.14 
20.64 
20.09 
20.79 
19.56 
12.06 
19.03 
17.96 
17.97 
19.18 
17.85 
16.67 
13.80 
10.18 
14.89 
17.60 
17.99 
15.82 
13.68 
12.82 
9.48 
13.61 
13.50 
15.10 
14.50 
14.14 
6.49 
15.46 
14.63 
4.09 
14.97 
12.89 
6.71 
14.04 
14.15 
13.03 
13.03 
13.15 
12.49 
11.30 
11.09 
11.43 
12.73 
12.31 
12.52 
12.53 
11.91 
12.33 
11.52 
8.48 
12.05 
11.96 
10.28 
10.40 
11.01 
10.25 
10.27 
10.97 
9.36 
6.15 
9.42 
2.94 
9.59 
6.91 
10.31 
9.97 
10.19 
10.14 
10.09 
8.95 
7.82 
8.96 
4.97 
8.53 
4.93 
9.71 
9.50 
8.94 
4.16 
8.72 
8.52 
9.38 
9.37 
9.44 
5.76 
6.89 
8.98 
8.19 
8.54 
6.10 
7.77 
6.20 
7.69 
9.54 
9.38 
8.35 
2.65 
2.66 
8.68 
8.26 
8.20 
5.82 
6.29 
8.48 
9.41 
9.82 
8.96 
9.00 
9.97 
10.11 
9.70 
6.41 
7.29 
10.54 
10.70 
10.39 
4.34 
9.66 
10.99 
6.29 
10.75 
7.38 
7.24 
10.40 
11.58 
10.96 
11.66 
10.83 
12.26 
11.73 
12.14 
12.67 
11.81 
11.48 
12.12 
3.63 
6.41 
13.20 
13.31 
13.87 
10.82 
13.30 
14.44 
13.07 
12.36 
14.10 
13.04 
12.44 
14.93 
14.82 
15.91 
15.30 
13.09 
15.55 
7.83 
5.65 
11.88 
7.79 
14.38 
4.71 
6.96 
18.50 
18.11 
18.50 
17.44 
15.97 
19.17 
19.44 
17.94 
18.62 
18.33 
15.96 
14.68 
19.12 
5.46 
6.92 
13.24 
16.04 
12.98 
5.71 
20.84 
18.48 
21.23 
17.38 
21.76 
20.25 
6.05 
18.07 
21.63 
22.94 
23.21 
21.95 
14.43 
23.85 
23.04 
24.53 
24.49 
21.48 
18.15 
13.07 
23.96 
25.63 
20.99 
18.38 
25.61 
22.83 
19.88 
21.08 
22.76 
23.16 
10.01 
25.90 
26.47 
26.38 
26.14 
22.13 
23.83 
7.37 
28.23 
21.56 
28.53 
23.49 
28.17 
26.25 
24.16 
20.73 
26.92 
24.31 
17.21 
27.91 
28.13 
28.68 
18.36 
25.26 
23.79 
29.53 
29.40 
16.85 
26.96 
8.00 
19.29 
21.17 
29.12 
28.14 
27.49 
29.20 
29.40 
14.73 
12.22 
27.44 
25.94 
17.51 
29.70 
30.23 
27.20 
27.21 
26.88 
22.49 
27.25 
24.89 
8.30 
8.30 
20.00 
28.81 
21.87 
15.60 
8.32 
8.32 
8.33 
26.28 
16.63 
9.34 
23.06 
24.24 
29.31 
9.67 
24.56 
16.93 
8.30 
29.43 
27.56 
13.85 
26.35 
28.36 
17.03 
24.78 
25.44 
25.76 
29.11 
29.42 
26.70 
9.33 
16.05 
20.06 
24.92 
21.02 
16.97 
29.36 
21.11 
27.28 
8.99 
7.96 
16.13 
28.79 
21.91 
23.04 
11.17 
19.80 
7.79 
18.88 
24.98 
22.78 
21.57 
13.92 
16.20 
14.01 
12.82 
23.12 
26.67 
24.81 
27.19 
25.82 
25.26 
26.17 
26.26 
21.65 
23.52 
22.97 
21.29 
22.18 
25.15 
23.15 
24.98 
25.37 
22.90 
6.86 
22.73 
12.43 
23.49 
20.90 
21.91 
21.04 
9.97 
22.55 
23.68 
23.73 
21.94 
21.99 
21.89 
21.63 
21.52 
19.02 
17.88 
6.06 
6.01 
19.35 
16.90 
10.10 
11.19 
21.96 
21.69 
21.42 
21.15 
20.17 
19.20 
16.70 
5.43 
16.07 
14.99 
14.89 
14.24 
8.58 
15.80 
13.94 
11.57 
6.84 
11.66 
16.81 
17.60 
12.69 
12.20 
13.26 
17.09 
11.41 
16.96 
16.71 
16.33 
14.97 
14.73 
15.95 
15.83 
14.74 
15.81 
12.27 
12.17 
13.58 
12.43 
7.16 
14.72 
12.80 
8.99 
13.26 
13.04 
13.37 
12.93 
12.61 
9.71 
3.54 
7.96 
11.68 
12.42 
11.91 
11.30 
3.33 
3.70 
3.26 
7.94 
11.47 
11.68 
9.63 
10.64 
9.98 
10.78 
8.30 
10.82 
9.52 
9.17 
10.53 
10.37 
6.59 
10.25 
9.73 
6.29 
10.00 
10.04 
9.99 
8.51 
9.91 
9.87 
7.87 
7.93 
2.68 
8.85 
8.47 
9.60 
8.70 
9.47 
8.49 
8.30 
8.38 
8.64 
8.89 
7.58 
5.49 
8.81 
2.62 
5.24 
2.62 
2.63 
7.63 
6.15 
9.51 
9.89 
9.92 
9.59 
9.80 
9.75 
9.25 
8.75 
9.95 
10.00 
10.32 
2.80 
9.23 
10.20 
7.58 
2.88 
10.57 
10.73 
2.95 
7.44 
3.00 
7.16 
3.05 
10.58 
11.54 
11.52 
5.05 
11.90 
8.97 
6.71 
12.27 
12.47 
12.78 
12.46 
12.35 
13.30 
8.41 
11.91 
13.63 
13.63 
13.85 
12.20 
12.97 
14.09 
14.77 
14.89 
14.90 
13.30 
15.38 
14.81 
13.52 
13.98 
14.93 
15.66 
16.03 
15.55 
4.38 
14.44 
16.05 
16.80 
17.06 
16.93 
7.48 
14.23 
18.23 
18.89 
17.58 
19.30 
15.45 
9.42 
16.62 
18.09 
17.26 
5.21 
20.26 
16.93 
20.52 
17.58 
15.45 
12.72 
20.06 
10.04 
5.66 
10.76 
18.66 
21.10 
20.79 
20.32 
21.32 
6.00 
11.42 
22.86 
16.22 
12.98 
22.91 
23.63 
22.82 
11.90 
19.96 
20.67 
6.52 
21.48 
6.61 
18.23 
6.69 
24.53 
24.63 
21.55 
19.41 
23.47 
24.52 
6.99 
7.03 
14.15 
22.43 
24.93 
23.39 
22.16 
23.53 
26.05 
21.55 
23.57 
25.77 
19.59 
20.63 
7.50 
27.35 
26.42 
24.49 
14.10 
26.42 
7.69 
27.36 
19.08 
11.28 
26.51 
24.88 
26.60 
26.81 
16.45 
27.22 
23.74 
18.06 
26.66 
26.86 
25.38 
30.13 
29.48 
23.61 
27.69 
28.89 
29.26 
29.28 
24.06 
18.17 
28.67 
8.22 
24.30 
27.70 
26.87 
29.76 
29.78 
24.37 
24.72 
25.57 
16.26 
14.24 
8.31 
14.75 
20.01 
12.05 
27.13 
23.23 
16.29 
29.33 
23.57 
25.93 
28.13 
18.14 
22.36 
21.85 
19.98 
8.30 
25.03 
20.46 
25.69 
27.53 
22.79 
8.25 
29.68 
27.63 
20.36 
26.75 
26.22 
10.02 
32.07 
29.18 
8.12 
22.90 
27.07 
23.18 
22.14 
27.14 
23.93 
27.07 
29.38 
28.67 
26.79 
24.08 
18.87 
23.00 
19.30 
23.58 
20.05 
12.05 
20.95 
28.35 
29.45 
22.63 
20.76 
18.41 
20.99 
10.61 
21.53 
7.43 
22.56 
18.75 
14.80 
9.07 
26.99 
23.69 
17.81 
23.38 
23.30 
19.86 
12.93 
26.09 
26.00 
21.79 
20.29 
18.95 
20.13 
24.59 
19.03 
9.14 
26.47 
26.05 
24.55 
15.84 
21.13 
23.93 
21.84 
12.05 
15.15 
6.20 
23.36 
24.14 
23.28 
16.36 
18.47 
22.18 
17.83 
21.21 
21.96 
15.79 
20.13 
7.76 
14.79 
7.36 
5.48 
16.59 
20.65 
13.34 
20.25 
19.16 
19.30 
17.69 
16.49 
17.18 
4.99 
4.94 
18.78 
18.38 
18.90 
7.06 
18.24 
17.09 
16.84 
17.46 
17.58 
17.20 
16.69 
15.71 
14.74 
16.43 
10.80 
4.18 
4.13 
14.27 
15.67 
15.31 
14.85 
14.84 
14.04 
8.31 
12.14 
14.03 
14.03 
13.91 
14.13 
13.37 
12.51 
13.47 
13.47 
3.43 
12.95 
12.33 
3.33 
3.29 
12.45 
12.06 
12.27 
10.59 
12.09 
10.54 
11.73 
11.65 
11.57 
10.82 
2.97 
9.36 
10.99 
10.84 
10.77 
10.16 
10.93 
10.51 
10.54 
10.31 
5.29 
8.87 
9.73 
9.33 
8.67 
6.51 
6.49 
2.67 
10.50 
5.29 
9.75 
9.73 
10.15 
9.88 
9.78 
9.25 
9.59 
7.32 
9.59 
9.68 
9.07 
9.34 
10.05 
9.54 
5.18 
2.64 
9.95 
9.98 
10.18 
9.92 
5.60 
8.82 
10.28 
10.23 
10.27 
10.23 
8.46 
9.96 
10.28 
10.42 
10.85 
10.72 
10.78 
10.66 
6.21 
2.95 
9.91 
10.07 
11.20 
8.08 
9.99 
10.66 
11.03 
12.01 
12.10 
11.58 
11.06 
11.56 
10.83 
10.40 
9.55 
11.20 
10.34 
7.56 
11.80 
11.58 
12.11 
11.88 
13.64 
13.08 
13.31 
3.84 
11.83 
13.07 
14.33 
13.29 
9.08 
4.10 
10.55 
14.82 
13.37 
15.66 
9.08 
14.93 
16.29 
14.05 
16.55 
15.79 
17.31 
8.88 
11.02 
11.89 
17.19 
18.11 
14.81 
17.31 
15.30 
17.43 
11.06 
14.54 
19.16 
19.84 
12.92 
17.19 
19.40 
16.99 
19.93 
17.78 
11.04 
19.73 
19.13 
20.55 
21.69 
21.81 
19.87 
22.05 
7.04 
19.31 
20.17 
22.53 
22.19 
16.69 
22.87 
24.05 
23.39 
23.81 
22.68 
21.39 
9.67 
13.78 
20.11 
23.49 
20.12 
24.94 
23.14 
22.43 
18.06 
6.95 
9.87 
27.09 
23.32 
11.62 
17.98 
26.31 
24.76 
27.44 
27.03 
13.87 
24.06 
18.06 
27.48 
27.55 
24.15 
24.38 
25.76 
24.65 
24.05 
24.26 
19.16 
22.20 
28.41 
28.30 
7.80 
14.01 
20.41 
26.47 
28.52 
26.72 
28.60 
7.97 
29.69 
29.72 
17.47 
23.56 
26.45 
22.94 
8.11 
28.22 
29.93 
29.62 
24.74 
30.34 
30.36 
20.74 
27.01 
15.35 
25.18 
10.29 
24.36 
30.97 
30.31 
30.65 
27.61 
25.59 
27.29 
8.32 
16.79 
9.34 
17.30 
30.35 
28.82 
30.00 
29.16 
30.84 
26.95 
21.86 
20.16 
29.97 
30.98 
20.48 
27.06 
31.62 
30.25 
16.72 
8.26 
26.65 
26.30 
8.22 
31.32 
23.37 
12.40 
25.52 
14.89 
27.32 
27.30 
16.85 
8.09 
26.87 
19.63 
26.64 
29.45 
21.38 
22.85 
15.46 
28.96 
24.91 
7.87 
25.66 
21.46 
20.25 
22.54 
7.74 
23.94 
19.59 
19.04 
24.11 
22.90 
18.57 
19.51 
7.49 
26.44 
28.67 
28.43 
28.52 
26.49 
22.69 
7.90 
17.23 
14.11 
16.62 
26.67 
13.30 
24.42 
26.57 
6.94 
7.69 
23.13 
20.68 
23.59 
22.87 
20.12 
23.93 
19.80 
8.88 
12.22 
6.47 
6.43 
6.38 
6.79 
13.86 
21.48 
18.07 
20.67 
24.14 
19.71 
22.12 
22.74 
20.13 
19.58 
16.56 
10.97 
20.25 
21.13 
21.58 
19.61 
19.77 
15.16 
17.43 
16.90 
20.52 
16.95 
9.87 
19.85 
20.12 
18.77 
19.05 
19.31 
18.91 
6.33 
15.26 
16.05 
14.00 
4.69 
12.90 
17.85 
17.46 
15.71 
9.28 
16.82 
9.12 
15.83 
15.10 
14.62 
15.81 
14.63 
13.80 
9.16 
15.08 
13.70 
12.79 
14.49 
3.83 
13.70 
3.74 
14.03 
13.70 
13.15 
13.15 
12.94 
12.09 
5.36 
3.43 
6.93 
8.93 
3.33 
11.94 
11.04 
11.96 
10.77 
11.19 
11.11 
10.44 
11.24 
10.97 
10.70 
10.92 
10.94 
10.69 
8.74 
10.28 
8.64 
9.14 
9.92 
7.85 
10.09 
9.59 
6.65 
10.40 
10.18 
3.97 
9.74 
9.35 
3.83 
6.82 
7.59 
4.06 
9.14 
9.82 
9.72 
9.79 
9.78 
8.99 
9.42 
9.50 
9.42 
7.15 
2.62 
9.26 
7.26 
9.37 
8.60 
7.91 
8.90 
9.27 
7.71 
9.33 
2.69 
9.84 
9.51 
9.46 
9.50 
2.76 
9.87 
5.72 
10.52 
9.74 
10.72 
9.67 
10.85 
9.88 
9.56 
9.15 
3.00 
8.70 
11.38 
11.07 
11.44 
9.25 
11.61 
11.50 
11.28 
11.57 
11.87 
12.16 
12.16 
9.13 
11.20 
12.77 
12.88 
12.12 
6.50 
9.17 
10.90 
6.36 
6.31 
3.79 
14.09 
14.21 
9.30 
14.68 
13.41 
13.75 
15.05 
15.29 
13.02 
15.54 
15.66 
14.08 
11.62 
15.30 
8.33 
11.04 
4.57 
13.25 
16.81 
16.55 
4.76 
18.10 
16.93 
8.21 
4.96 
19.17 
19.31 
10.92 
17.54 
18.75 
5.26 
18.87 
16.77 
19.54 
16.01 
11.02 
13.66 
16.90 
16.57 
18.98 
19.97 
20.08 
20.93 
20.90 
21.76 
13.57 
6.05 
15.38 
20.87 
22.79 
22.45 
22.56 
21.60 
24.01 
21.65 
18.05 
18.14 
24.75 
12.69 
20.26 
25.37 
22.64 
21.63 
22.34 
16.08 
16.46 
21.00 
13.23 
7.03 
10.61 
26.79 
25.90 
9.94 
19.73 
20.28 
26.37 
27.76 
27.83 
27.08 
25.51 
17.84 
24.98 
17.94 
28.40 
26.48 
19.24 
22.11 
27.64 
27.69 
27.58 
27.80 
7.80 
22.04 
7.85 
22.79 
19.14 
29.24 
29.44 
19.23 
28.68 
26.36 
29.93 
29.79 
13.98 
8.10 
17.73 
29.57 
24.19 
21.34 
24.06 
23.41 
28.84 
28.01 
28.03 
26.86 
26.53 
23.67 
21.14 
18.95 
23.02 
23.37 
24.22 
27.96 
26.10 
19.16 
21.70 
20.52 
26.96 
31.19 
20.69 
29.50 
28.82 
27.29 
25.08 
25.08 
19.82 
25.40 
24.21 
13.54 
15.39 
29.08 
27.55 
23.98 
31.57 
30.88 
8.24 
31.17 
8.21 
17.13 
24.87 
20.97 
19.77 
19.92 
8.12 
21.55 
26.23 
29.90 
8.05 
27.65 
27.61 
25.73 
22.02 
25.99 
24.62 
20.24 
16.70 
23.50 
20.13 
7.79 
10.09 
21.00 
7.71 
10.66 
10.46 
27.74 
27.85 
11.67 
24.60 
27.98 
26.94 
9.06 
22.72 
12.73 
27.47 
27.88 
26.51 
19.97 
7.18 
12.77 
22.82 
7.06 
26.34 
25.14 
25.37 
25.59 
23.45 
25.09 
24.53 
24.90 
24.65 
8.83 
10.80 
22.18 
14.38 
23.22 
23.12 
20.87 
6.34 
11.59 
14.84 
24.23 
24.11 
23.54 
22.39 
21.23 
17.15 
5.92 
5.87 
11.05 
13.86 
5.72 
11.54 
21.01 
20.60 
19.35 
15.72 
20.36 
20.37 
19.96 
19.84 
19.71 
10.21 
5.94 
15.28 
19.18 
18.12 
18.25 
17.21 
9.79 
10.23 
4.74 
18.11 
17.60 
16.33 
16.96 
17.33 
16.82 
8.46 
4.36 
12.19 
4.27 
4.22 
5.36 
4.13 
6.90 
15.67 
13.12 
13.35 
14.27 
14.49 
14.37 
13.70 
13.48 
13.59 
12.93 
13.37 
12.40 
11.45 
10.82 
12.84 
9.18 
12.12 
7.69 
4.97 
12.35 
9.52 
12.06 
11.57 
11.19 
3.82 
4.87 
11.44 
10.00 
11.57 
7.77 
10.56 
11.06 
5.74 
10.84 
9.29 
8.59 
10.19 
9.22 
10.09 
9.95 
9.27 
8.51 
9.37 
9.87 
8.76 
7.84 
8.61 
8.14 
8.30 
8.89 
7.73 
9.12 
9.10 
9.27 
9.26 
9.68 
8.98 
8.72 
9.33 
9.51 
9.69 
9.34 
9.35 
8.84 
9.82 
5.01 
8.81 
9.80 
10.00 
8.53 
9.09 
9.21 
9.96 
10.18 
8.51 
10.54 
10.41 
10.46 
10.33 
10.76 
10.63 
10.88 
11.22 
11.29 
11.08 
11.24 
11.32 
11.39 
11.57 
11.07 
11.64 
12.51 
12.50 
12.10 
6.25 
10.66 
13.09 
12.47 
12.47 
12.67 
12.14 
12.88 
11.28 
6.66 
13.74 
5.80 
13.20 
11.54 
3.75 
14.20 
5.64 
8.53 
14.67 
14.56 
4.01 
14.34 
14.81 
15.17 
11.95 
4.24 
4.28 
4.33 
15.43 
12.95 
7.71 
4.52 
16.05 
16.30 
17.32 
17.32 
17.32 
14.46 
18.11 
18.50 
17.97 
18.90 
18.77 
17.14 
17.81 
11.09 
6.22 
16.93 
19.27 
19.96 
15.31 
13.85 
11.53 
20.04 
19.73 
17.11 
21.71 
21.98 
20.64 
22.37 
22.35 
22.47 
21.70 
16.28 
6.15 
19.62 
23.51 
23.17 
20.23 
17.26 
21.04 
22.84 
19.38 
23.97 
24.54 
24.02 
18.62 
24.84 
25.57 
24.09 
20.37 
26.18 
23.88 
22.20 
9.60 
18.49 
12.59 
26.39 
11.56 
12.74 
24.83 
16.10 
13.87 
21.28 
24.95 
27.48 
21.95 
9.48 
23.55 
28.90 
27.63 
13.93 
14.97 
28.47 
24.20 
26.08 
28.63 
27.34 
27.22 
25.26 
23.29 
16.96 
24.04 
17.52 
28.98 
30.19 
27.70 
27.74 
25.41 
20.72 
28.33 
24.82 
9.31 
27.57 
14.41 
28.96 
22.22 
25.79 
23.44 
26.33 
14.67 
24.67 
29.93 
27.07 
19.12 
27.60 
30.48 
30.32 
22.20 
15.77 
14.25 
30.00 
30.35 
26.28 
22.55 
22.72 
8.33 
22.89 
15.44 
29.82 
30.66 
28.29 
29.29 
18.79 
25.55 
8.97 
12.51 
30.08 
29.22 
10.12 
24.12 
26.47 
25.94 
30.48 
18.65 
26.72 
24.17 
29.54 
25.81 
21.07 
20.38 
13.29 
13.10 
16.27 
22.62 
23.42 
22.89 
22.69 
14.79 
13.76 
27.58 
27.37 
23.00 
7.82 
28.56 
29.51 
26.14 
12.68 
22.40 
25.32 
22.13 
8.41 
21.70 
23.94 
25.53 
26.61 
27.03 
22.89 
20.05 
7.32 
7.29 
20.84 
7.21 
28.29 
26.75 
25.23 
25.31 
24.58 
25.46 
17.43 
14.03 
7.81 
14.70 
21.07 
21.77 
21.68 
6.65 
24.30 
23.27 
21.93 
19.38 
23.42 
23.32 
20.32 
6.29 
19.97 
6.20 
24.26 
12.37 
14.96 
19.31 
16.41 
5.92 
22.49 
19.90 
22.82 
21.83 
21.70 
21.43 
21.31 
20.61 
18.94 
8.08 
15.51 
5.33 
20.25 
20.11 
19.85 
19.71 
19.58 
15.58 
18.65 
18.12 
17.08 
16.56 
15.92 
4.74 
14.02 
4.64 
11.28 
14.58 
8.98 
15.22 
16.94 
16.20 
14.25 
4.27 
8.76 
4.18 
4.13 
15.56 
15.09 
4.00 
14.27 
14.72 
13.48 
8.76 
9.02 
3.74 
3.70 
3.66 
3.62 
5.20 
6.85 
11.25 
5.26 
13.37 
13.05 
7.18 
12.24 
12.45 
11.54 
11.56 
10.28 
3.16 
10.42 
12.01 
11.05 
10.87 
8.88 
10.92 
3.44 
10.97 
6.21 
9.34 
9.94 
2.85 
10.38 
10.23 
5.35 
10.49 
9.90 
2.74 
2.73 
9.69 
10.10 
10.06 
9.76 
10.27 
9.53 
7.49 
9.31 
7.37 
9.63 
8.57 
9.26 
8.46 
8.98 
9.50 
8.72 
8.63 
8.73 
8.73 
7.61 
6.39 
9.21 
2.64 
3.35 
10.42 
9.83 
9.33 
9.00 
10.10 
9.87 
9.01 
4.73 
9.00 
10.05 
10.19 
10.33 
10.30 
10.45 
10.41 
8.04 
8.56 
7.20 
9.34 
9.02 
3.02 
10.99 
11.07 
11.15 
11.62 
11.11 
11.30 
11.38 
9.95 
11.76 
11.75 
10.09 
12.57 
12.46 
12.46 
12.13 
12.66 
13.41 
13.85 
13.96 
13.31 
13.97 
14.31 
6.65 
10.80 
13.53 
13.99 
14.57 
14.92 
15.16 
14.69 
14.82 
12.65 
9.97 
15.30 
11.62 
16.29 
15.67 
16.17 
13.02 
12.49 
4.67 
4.71 
4.76 
12.76 
4.86 
18.77 
18.77 
16.63 
17.56 
19.98 
19.98 
19.85 
20.26 
20.39 
14.54 
18.56 
11.09 
20.21 
20.06 
20.04 
13.27 
8.88 
19.24 
22.56 
22.54 
21.93 
22.94 
21.28 
21.40 
19.87 
22.98 
19.32 
13.06 
24.08 
24.35 
24.31 
24.42 
23.14 
24.95 
19.93 
10.19 
23.24 
25.06 
23.74 
24.15 
24.72 
25.77 
26.02 
20.68 
22.20 
20.83 
15.92 
21.95 
20.08 
7.18 
26.06 
23.37 
24.91 
21.38 
24.23 
20.19 
22.71 
27.05 
27.94 
27.68 
28.40 
24.99 
23.55 
26.09 
18.99 
24.86 
7.75 
23.29 
27.18 
29.23 
25.59 
29.15 
29.19 
24.54 
24.57 
21.75 
17.24 
24.34 
25.38 
27.77 
23.25 
30.02 
25.49 
26.70 
13.21 
30.29 
17.47 
25.10 
31.20 
13.46 
28.36 
29.90 
18.07 
28.92 
27.24 
23.86 
30.31 
29.81 
22.02 
11.70 
16.95 
15.77 
30.17 
26.11 
21.54 
21.71 
20.86 
21.71 
21.53 
21.70 
8.32 
24.40 
17.79 
24.05 
8.30 
17.94 
29.77 
31.11 
30.08 
30.40 
26.33 
17.70 
21.74 
15.82 
16.48 
23.04 
25.71 
27.04 
27.18 
14.53 
26.79 
29.29 
29.59 
25.53 
8.05 
22.28 
21.08 
7.99 
29.04 
25.49 
23.78 
7.89 
17.87 
15.34 
18.80 
30.23 
11.25 
7.74 
7.71 
29.01 
28.46 
27.08 
27.35 
27.62 
26.41 
13.72 
28.24 
26.05 
8.70 
24.61 
27.63 
7.29 
25.54 
26.11 
17.01 
12.12 
27.47 
25.63 
26.82 
27.21 
26.96 
24.96 
25.03 
18.32 
18.87 
21.93 
26.06 
22.84 
12.04 
6.56 
12.84 
22.91 
25.56 
25.15 
20.62 
19.01 
21.03 
20.02 
17.23 
14.45 
21.20 
22.71 
22.45 
22.76 
23.37 
21.35 
22.10 
20.54 
20.56 
9.61 
17.62 
19.63 
11.93 
5.43 
19.40 
11.68 
20.38 
20.39 
20.12 
19.85 
18.91 
19.18 
14.14 
15.88 
18.52 
17.60 
15.15 
18.12 
18.37 
17.22 
16.84 
17.84 
15.34 
5.94 
10.06 
16.81 
15.71 
15.95 
14.98 
4.18 
12.97 
15.33 
15.55 
15.54 
3.95 
14.16 
14.94 
12.69 
13.92 
13.92 
14.03 
11.84 
3.62 
3.58 
12.09 
12.31 
11.47 
12.84 
10.46 
3.36 
7.32 
12.35 
12.45 
12.16 
11.77 
11.19 
12.09 
10.44 
11.14 
11.26 
11.09 
10.54 
11.13 
10.59 
4.61 
10.56 
10.03 
10.71 
10.56 
10.41 
3.52 
2.78 
10.35 
7.88 
10.09 
9.24 
4.13 
9.53 
10.03 
8.67 
9.97 
2.65 
2.64 
2.63 
7.88 
2.62 
9.87 
9.34 
9.42 
2.61 
6.63 
7.41 
9.86 
9.61 
9.53 
9.46 
7.54 
3.52 
6.78 
9.71 
6.73 
8.77 
9.77 
9.80 
10.19 
10.05 
10.18 
10.04 
10.18 
10.50 
10.28 
9.87 
10.39 
8.96 
7.81 
9.73 
11.10 
11.27 
9.72 
6.63 
3.02 
10.50 
10.97 
5.17 
11.62 
11.51 
11.80 
12.09 
11.88 
11.97 
3.33 
3.37 
13.09 
12.67 
3.48 
13.20 
11.59 
13.63 
13.74 
13.31 
12.87 
10.20 
11.07 
14.09 
14.21 
13.53 
14.68 
11.32 
13.17 
14.93 
15.88 
15.77 
16.14 
16.39 
16.40 
15.30 
4.42 
15.30 
17.05 
14.28 
17.31 
6.07 
17.71 
18.10 
17.19 
12.73 
15.07 
17.18 
17.84 
19.17 
15.25 
5.16 
19.85 
19.29 
15.83 
15.79 
17.72 
16.99 
5.51 
21.48 
15.18 
21.45 
13.65 
22.00 
22.12 
19.91 
21.49 
14.08 
7.49 
21.25 
14.03 
23.43 
23.70 
20.03 
6.29 
14.58 
24.31 
13.81 
19.90 
20.61 
19.15 
25.01 
21.52 
24.12 
23.74 
23.05 
25.51 
18.46 
25.38 
6.95 
25.88 
24.85 
7.07 
14.37 
25.42 
27.12 
24.44 
26.14 
19.04 
28.41 
28.65 
27.57 
25.51 
24.42 
23.99 
26.19 
26.25 
25.15 
11.78 
15.30 
29.14 
29.69 
26.08 
25.96 
29.51 
29.56 
22.75 
20.61 
25.34 
28.06 
30.12 
24.95 
27.67 
26.19 
8.04 
28.61 
14.48 
20.58 
15.87 
31.26 
30.94 
28.60 
19.16 
27.29 
27.99 
8.22 
13.64 
8.24 
8.25 
18.93 
8.27 
24.37 
30.47 
27.77 
28.63 
24.06 
11.36 
8.32 
24.41 
28.14 
30.01 
8.33 
20.35 
8.33 
27.29 
23.39 
20.34 
31.85 
29.64 
21.85 
25.39 
9.65 
8.29 
29.25 
28.73 
26.01 
31.91 
29.02 
24.95 
18.86 
8.21 
8.20 
13.58 
29.73 
20.78 
18.91 
8.12 
30.80 
29.42 
9.41 
19.12 
25.13 
25.27 
11.50 
26.53 
30.67 
29.13 
7.89 
7.87 
29.49 
11.98 
29.39 
25.19 
16.69 
21.62 
28.35 
24.50 
29.39 
26.03 
7.56 
24.60 
28.64 
26.77 
14.45 
21.74 
23.15 
23.08 
19.61 
14.53 
26.43 
27.32 
25.31 
9.51 
23.07 
12.61 
25.61 
26.96 
26.39 
27.08 
18.64 
6.78 
15.51 
24.03 
25.80 
21.66 
24.97 
20.55 
6.47 
22.96 
21.03 
23.97 
17.80 
17.11 
23.18 
23.81 
17.14 
20.75 
22.86 
20.38 
19.10 
13.74 
12.06 
16.32 
16.80 
20.70 
7.90 
9.97 
19.49 
21.05 
20.92 
20.51 
14.99 
5.28 
5.23 
15.50 
19.98 
19.58 
13.84 
10.29 
8.36 
14.06 
14.09 
14.24 
12.07 
17.60 
13.41 
7.50 
8.94 
16.95 
16.70 
15.59 
12.90 
14.98 
15.22 
14.15 
7.86 
14.86 
13.34 
14.27 
14.62 
13.24 
9.60 
14.72 
14.26 
5.68 
4.63 
11.61 
13.81 
13.80 
7.88 
12.94 
13.26 
9.79 
7.09 
13.05 
12.54 
12.24 
5.63 
12.15 
11.86 
10.28 
11.98 
11.89 
10.64 
11.34 
11.45 
11.66 
10.82 
4.68 
10.50 
9.68 
10.84 
10.59 
10.90 
10.65 
11.06 
8.81 
10.40 
10.17 
10.31 
9.28 
9.78 
4.31 
9.80 
9.41 
7.61 
9.44 
9.33 
9.75 
9.29 
6.83 
8.74 
9.34 
9.60 
9.68 
8.98 
9.15 
9.07 
8.46 
6.72 
9.62 
9.19 
9.65 
9.49 
9.78 
9.27 
9.74 
9.41 
9.89 
8.94 
10.23 
2.73 
8.06 
9.91 
9.41 
9.55 
9.51 
10.76 
10.54 
10.88 
10.57 
10.44 
10.70 
10.10 
8.45 
11.20 
11.57 
11.07 
6.24 
3.14 
9.82 
11.40 
11.38 
12.18 
5.34 
11.86 
5.33 
6.94 
11.52 
12.46 
11.92 
12.34 
3.59 
3.63 
13.74 
12.76 
13.75 
13.98 
13.30 
4.33 
10.33 
7.88 
13.64 
4.05 
4.10 
15.17 
14.82 
8.20 
5.74 
4.33 
5.97 
5.17 
4.47 
17.43 
4.57 
17.70 
17.45 
4.71 
18.75 
18.24 
18.37 
17.18 
18.50 
19.04 
13.66 
8.63 
17.26 
16.97 
19.98 
20.11 
17.05 
19.68 
15.59 
12.72 
21.19 
21.89 
20.88 
18.55 
18.95 
18.63 
20.05 
5.91 
18.36 
22.77 
20.80 
6.10 
20.42 
19.17 
23.36 
23.32 
23.89 
23.55 
22.42 
19.44 
23.25 
6.56 
14.09 
21.67 
23.80 
21.85 
11.04 
6.82 
6.86 
15.83 
13.34 
25.40 
26.13 
25.74 
20.82 
22.67 
9.94 
26.06 
25.97 
25.56 
26.12 
26.19 
14.13 
19.92 
23.93 
23.99 
28.17 
19.14 
28.13 
25.37 
13.31 
7.69 
7.72 
27.91 
26.96 
20.16 
26.55 
27.27 
18.10 
25.17 
27.22 
29.61 
28.31 
26.83 
18.28 
13.43 
27.94 
29.65 
29.01 
28.70 
30.92 
24.02 
19.82 
8.18 
25.60 
27.82 
18.54 
28.53 
10.95 
31.10 
23.67 
21.65 
19.46 
29.12 
28.96 
24.05 
30.33 
16.44 
18.31 
15.77 
30.01 
18.83 
22.72 
19.51 
22.04 
30.51 
24.24 
8.32 
28.46 
29.47 
30.31 
24.89 
17.60 
15.39 
18.77 
17.91 
26.35 
26.33 
23.95 
8.24 
23.75 
9.73 
30.79 
30.10 
25.69 
28.02 
25.14 
23.09 
21.55 
23.88 
22.84 
26.17 
25.97 
10.69 
9.32 
9.80 
18.47 
29.29 
28.58 
26.21 
27.66 
18.80 
24.74 
25.69 
22.66 
9.36 
8.51 
7.98 
20.32 
29.16 
28.28 
24.77 
18.97 
28.90 
27.03 
16.04 
12.08 
24.38 
24.48 
26.18 
17.23 
26.35 
23.38 
23.94 
21.46 
10.06 
22.75 
22.98 
26.55 
26.29 
23.05 
8.66 
15.19 
6.69 
22.99 
8.47 
6.56 
25.02 
24.91 
24.49 
16.91 
14.85 
24.46 
23.74 
20.77 
9.00 
8.34 
13.03 
7.05 
23.03 
6.80 
17.97 
22.23 
18.63 
20.11 
16.84 
5.91 
5.58 
15.54 
19.51 
14.78 
20.65 
6.44 
16.13 
10.28 
5.18 
12.69 
10.45 
11.17 
18.25 
18.39 
17.60 
8.75 
4.79 
11.17 
4.69 
4.64 
17.59 
17.33 
17.20 
16.70 
15.59 
15.95 
4.31 
13.30 
9.72 
13.44 
10.03 
12.99 
13.58 
14.97 
14.96 
10.63 
7.03 
3.83 
3.78 
3.74 
14.80 
13.81 
13.48 
13.48 
11.77 
9.44 
12.63 
13.05 
10.87 
9.55 
12.54 
12.24 
12.35 
6.74 
10.57 
11.98 
11.89 
8.19 
9.01 
11.26 
10.32 
7.39 
10.37 
9.55 
6.30 
2.90 
10.12 
2.85 
8.91 
10.69 
10.36 
10.13 
10.35 
10.31 
7.48 
9.78 
9.65 
2.69 
9.23 
8.67 
9.80 
9.60 
9.31 
8.42 
9.72 
9.70 
8.03 
9.07 
9.50 
4.45 
9.07 
9.42 
9.69 
9.69 
9.18 
8.84 
9.30 
9.75 
8.19 
9.89 
