20050101
10.22 
9.37 
10.86 
10.89 
3.07 
3.09 
10.91 
10.86 
11.00 
11.15 
11.20 
11.05 
10.90 
10.86 
11.12 
11.18 
10.93 
11.62 
11.89 
11.86 
10.99 
10.21 
10.91 
7.45 
10.20 
3.55 
12.08 
12.60 
13.35 
13.33 
13.43 
14.42 
14.30 
5.64 
3.86 
5.97 
5.90 
3.97 
4.01 
13.04 
15.28 
13.95 
12.01 
14.65 
4.25 
4.29 
4.34 
11.60 
10.94 
16.70 
16.82 
16.56 
13.98 
4.64 
4.69 
17.44 
18.09 
14.63 
10.87 
9.88 
15.22 
8.13 
14.75 
18.70 
18.68 
18.39 
17.25 
17.50 
5.34 
20.00 
20.69 
20.96 
14.32 
19.77 
5.62 
21.17 
21.59 
5.76 
17.23 
5.86 
12.64 
21.89 
22.60 
22.87 
21.47 
19.43 
16.00 
24.25 
24.06 
21.53 
6.35 
22.82 
24.03 
23.18 
21.70 
22.43 
16.32 
6.65 
10.70 
22.47 
16.60 
11.50 
25.00 
24.92 
25.33 
24.93 
20.10 
23.78 
8.73 
17.34 
26.48 
27.38 
17.84 
23.05 
19.78 
26.51 
26.41 
25.31 
21.51 
23.41 
23.97 
27.90 
27.46 
27.51 
7.61 
28.47 
28.52 
28.57 
27.60 
9.45 
23.78 
23.99 
7.83 
26.62 
24.95 
7.90 
7.92 
29.17 
27.83 
25.98 
26.18 
29.64 
30.18 
29.01 
18.21 
28.03 
28.40 
28.94 
24.48 
27.77 
17.46 
29.87 
31.27 
30.42 
30.27 
20.80 
24.78 
26.17 
24.97 
8.26 
17.23 
30.51 
26.04 
17.77 
24.32 
30.02 
21.92 
23.64 
27.09 
29.34 
21.92 
30.71 
30.02 
29.85 
26.05 
8.30 
8.30 
8.29 
22.24 
24.13 
22.74 
25.49 
8.27 
21.85 
28.90 
23.03 
8.23 
25.07 
8.21 
8.20 
8.19 
21.23 
8.17 
13.47 
8.14 
16.70 
21.82 
10.15 
20.40 
26.03 
27.19 
17.59 
17.91 
11.06 
7.97 
26.01 
16.27 
7.90 
24.72 
25.53 
23.96 
10.01 
23.04 
20.63 
7.73 
7.71 
7.68 
23.16 
23.62 
7.60 
15.29 
23.13 
23.91 
23.02 
23.47 
20.75 
23.02 
7.35 
7.32 
26.97 
20.46 
23.53 
19.02 
27.34 
13.50 
22.44 
23.02 
18.22 
23.03 
21.17 
6.89 
21.98 
24.31 
24.22 
22.22 
25.64 
23.32 
20.37 
23.92 
23.66 
20.43 
22.22 
21.03 
19.85 
17.90 
14.74 
13.28 
6.18 
6.14 
20.80 
15.56 
6.00 
5.96 
15.90 
21.90 
20.60 
16.81 
12.76 
9.76 
8.10 
11.08 
5.54 
5.50 
13.84 
10.64 
5.36 
19.60 
19.20 
13.12 
15.65 
18.83 
18.16 
16.96 
16.31 
4.94 
4.90 
18.49 
17.05 
16.54 
17.33 
14.37 
8.35 
4.58 
15.71 
16.23 
15.49 
14.13 
14.40 
14.04 
4.28 
16.15 
15.43 
15.68 
15.44 
12.13 
14.51 
13.71 
13.26 
3.92 
14.33 
12.97 
13.90 
13.24 
13.15 
13.17 
3.67 
3.64 
13.01 
12.05 
12.19 
11.25 
7.65 
3.46 
3.43 
11.38 
12.05 
9.58 
11.60 
11.84 
11.78 
9.37 
11.96 
11.90 
11.14 
10.08 
11.83 
3.13 
11.44 
11.30 
11.45 
11.41 
11.57 
10.95 
8.29 
11.18 
10.86 
11.23 
11.01 
11.19 
10.88 
11.25 
10.76 
10.37 
4.80 
11.13 
10.84 
11.14 
10.85 
10.57 
8.76 
2.99 
2.99 
3.00 
3.01 
3.02 
3.03 
4.59 
3.05 
3.06 
9.06 
11.56 
11.60 
9.37 
10.30 
10.15 
6.78 
3.19 
3.21 
5.37 
3.25 
3.28 
3.30 
3.33 
3.35 
11.02 
9.72 
11.16 
11.76 
11.63 
11.38 
6.47 
11.97 
10.74 
3.65 
3.68 
8.63 
10.27 
11.81 
14.29 
14.05 
3.89 
3.93 
15.18 
15.52 
15.87 
15.28 
15.27 
14.42 
4.21 
11.58 
13.02 
16.34 
16.33 
14.07 
15.69 
17.08 
4.56 
16.94 
4.64 
16.40 
4.74 
4.78 
7.88 
6.87 
18.33 
19.54 
17.90 
18.30 
18.01 
19.37 
17.28 
5.25 
9.08 
5.34 
8.79 
20.98 
21.11 
20.66 
9.78 
21.34 
14.44 
20.41 
20.38 
10.71 
8.84 
18.93 
21.43 
20.79 
22.27 
14.16 
15.92 
23.37 
21.48 
22.98 
22.31 
6.35 
23.45 
15.08 
6.49 
22.18 
14.18 
23.00 
11.92 
14.86 
15.09 
10.32 
8.92 
22.40 
23.78 
21.75 
23.79 
23.54 
18.70 
26.16 
27.39 
10.96 
25.56 
26.80 
26.87 
12.46 
20.34 
22.07 
15.43 
26.37 
25.09 
23.30 
25.38 
25.94 
15.02 
7.61 
27.45 
26.49 
26.53 
14.69 
23.91 
20.88 
9.33 
28.46 
29.01 
28.88 
29.95 
26.39 
23.86 
26.29 
23.92 
8.00 
26.38 
30.01 
19.05 
17.70 
14.28 
8.11 
29.11 
30.51 
27.43 
28.31 
27.29 
27.48 
17.50 
25.79 
27.35 
22.19 
16.00 
30.66 
28.08 
30.85 
30.17 
24.66 
8.28 
23.98 
28.64 
29.85 
26.92 
30.20 
25.20 
8.30 
14.68 
20.37 
26.74 
27.26 
27.60 
28.45 
29.48 
13.46 
21.20 
10.00 
14.81 
26.68 
8.26 
23.56 
23.21 
30.24 
30.40 
27.63 
8.20 
11.80 
8.18 
11.43 
20.85 
8.14 
29.55 
9.48 
11.69 
8.08 
13.88 
21.38 
22.04 
25.77 
12.94 
21.27 
7.94 
23.42 
15.73 
7.88 
16.86 
26.85 
13.07 
9.82 
24.86 
7.73 
7.71 
20.34 
7.65 
19.91 
9.11 
13.44 
14.08 
20.57 
24.36 
12.29 
7.42 
18.20 
27.78 
28.04 
27.80 
24.43 
23.86 
7.18 
21.92 
9.73 
7.08 
9.81 
7.00 
23.35 
6.93 
6.89 
6.85 
6.81 
12.05 
21.10 
19.74 
6.65 
17.84 
24.08 
18.16 
14.79 
25.18 
24.61 
22.95 
21.30 
21.51 
9.44 
6.18 
11.61 
18.37 
20.54 
18.63 
18.68 
19.78 
15.07 
15.43 
16.22 
5.73 
5.68 
15.65 
16.71 
19.62 
16.50 
19.39 
17.72 
17.47 
15.67 
15.85 
16.16 
11.24 
5.13 
15.85 
15.60 
16.71 
14.72 
4.90 
15.05 
12.05 
14.45 
4.71 
4.67 
4.62 
9.69 
10.25 
15.60 
16.87 
6.53 
4.36 
15.64 
15.16 
13.96 
15.06 
13.76 
6.62 
14.86 
13.57 
14.18 
14.31 
14.55 
14.21 
14.23 
13.33 
13.80 
3.74 
12.83 
13.41 
11.67 
13.77 
13.14 
7.76 
12.43 
3.48 
3.46 
8.92 
9.60 
3.37 
3.35 
3.32 
3.30 
3.27 
9.16 
11.04 
10.69 
3.19 
9.48 
11.93 
11.68 
10.55 
7.05 
3.09 
4.45 
3.06 
11.24 
9.65 
9.43 
3.02 
6.59 
10.34 
10.03 
10.79 
11.74 
10.19 
9.60 
8.64 
6.91 
8.73 
7.58 
2.98 
8.17 
2.98 
11.17 
11.29 
10.53 
3.01 
3.02 
3.03 
3.04 
3.05 
6.68 
5.82 
11.26 
9.92 
12.05 
11.10 
10.65 
10.80 
10.65 
11.91 
8.62 
5.19 
11.18 
10.93 
11.62 
6.16 
3.38 
8.88 
11.58 
7.61 
9.49 
3.52 
13.08 
13.06 
13.59 
11.92 
14.22 
12.65 
14.42 
14.30 
13.95 
13.59 
8.85 
7.88 
11.09 
9.18 
11.14 
15.40 
15.39 
6.82 
7.24 
16.34 
14.13 
9.41 
11.60 
14.45 
14.30 
13.52 
16.05 
17.07 
15.77 
4.69 
17.17 
18.35 
16.89 
6.34 
4.92 
4.97 
5.01 
5.06 
20.07 
20.20 
19.64 
18.93 
15.12 
20.72 
20.57 
17.56 
12.51 
12.73 
15.28 
11.74 
17.37 
5.72 
7.54 
5.81 
19.27 
20.57 
5.95 
20.34 
21.36 
20.70 
22.80 
19.07 
18.09 
9.05 
18.89 
20.54 
24.23 
25.44 
21.14 
17.12 
23.86 
23.96 
25.65 
25.43 
22.47 
18.37 
6.82 
23.70 
22.32 
6.94 
25.09 
20.27 
25.91 
23.86 
25.58 
22.68 
27.05 
19.00 
23.05 
27.61 
23.01 
26.41 
27.15 
25.37 
7.46 
23.13 
28.41 
20.37 
27.17 
24.69 
27.28 
27.50 
23.31 
28.11 
27.82 
9.14 
29.61 
29.83 
30.04 
27.18 
28.07 
29.64 
27.28 
30.40 
23.58 
8.00 
8.02 
8.04 
24.89 
29.89 
27.51 
29.08 
30.31 
31.37 
20.20 
8.16 
12.48 
27.65 
25.95 
25.10 
26.49 
27.54 
26.00 
24.80 
29.98 
29.30 
22.41 
24.49 
26.56 
30.53 
28.64 
29.50 
28.99 
20.37 
8.30 
8.30 
12.10 
18.82 
8.30 
21.92 
27.25 
20.70 
8.29 
30.51 
19.31 
8.28 
12.06 
22.04 
16.86 
16.68 
28.37 
18.04 
27.13 
27.98 
9.75 
28.97 
18.65 
28.25 
22.74 
18.77 
8.12 
25.07 
28.99 
11.67 
22.26 
15.91 
26.48 
15.86 
29.66 
7.97 
7.94 
7.92 
26.80 
21.83 
12.27 
16.32 
14.93 
21.68 
10.47 
24.48 
27.13 
22.53 
9.68 
12.00 
17.01 
25.53 
7.54 
23.91 
26.87 
23.30 
23.58 
7.38 
7.35 
7.32 
25.49 
16.17 
22.22 
15.24 
27.50 
26.76 
22.93 
9.48 
7.00 
7.45 
19.06 
6.89 
16.19 
9.70 
19.90 
24.13 
9.40 
24.90 
23.86 
24.71 
20.83 
20.90 
23.31 
22.74 
24.50 
20.22 
6.27 
8.22 
15.20 
19.38 
19.58 
9.07 
16.53 
17.93 
22.16 
19.97 
14.10 
20.78 
16.71 
5.68 
5.64 
5.59 
5.54 
5.50 
5.45 
5.40 
12.54 
5.31 
5.26 
5.22 
8.07 
14.03 
5.08 
5.03 
4.99 
6.68 
8.09 
18.62 
17.18 
16.80 
16.29 
4.67 
16.58 
17.74 
16.09 
15.85 
16.11 
7.90 
5.73 
11.58 
4.28 
4.24 
16.15 
14.36 
9.84 
15.33 
14.99 
14.64 
12.68 
13.74 
13.87 
12.06 
3.81 
11.89 
12.59 
12.83 
3.67 
3.64 
3.61 
3.58 
13.48 
10.92 
12.35 
12.48 
11.14 
12.33 
10.58 
7.71 
9.53 
3.30 
12.39 
12.33 
10.94 
6.04 
10.73 
7.18 
9.34 
10.59 
11.14 
11.00 
7.02 
11.22 
10.89 
8.41 
3.04 
7.10 
3.02 
10.84 
9.66 
11.09 
9.25 
9.72 
11.15 
2.98 
2.97 
2.97 
2.97 
7.77 
8.36 
7.69 
9.24 
2.99 
2.99 
10.73 
10.85 
11.35 
11.19 
11.12 
10.66 
6.00 
10.64 
3.09 
8.54 
3.12 
3.14 
3.15 
3.17 
10.75 
5.13 
10.86 
3.25 
11.69 
3.30 
3.33 
3.35 
5.89 
11.51 
3.43 
11.13 
11.52 
3.52 
11.02 
12.52 
3.61 
11.48 
13.22 
13.65 
11.39 
5.37 
14.29 
13.25 
3.89 
14.49 
14.36 
12.35 
14.57 
14.92 
15.15 
15.74 
16.10 
16.10 
15.60 
16.21 
15.71 
8.43 
16.07 
15.68 
15.92 
9.23 
17.58 
4.69 
4.74 
17.69 
18.21 
17.14 
18.06 
6.85 
13.83 
19.12 
19.66 
17.85 
18.11 
20.18 
14.70 
6.61 
20.28 
18.84 
5.48 
17.92 
19.91 
19.74 
19.27 
17.91 
13.88 
20.94 
19.42 
5.90 
19.33 
17.77 
23.33 
22.84 
22.34 
22.76 
11.00 
6.27 
22.46 
21.47 
6.40 
24.97 
24.29 
23.13 
21.80 
15.05 
21.34 
21.58 
14.12 
19.34 
11.18 
6.86 
26.06 
22.73 
20.20 
23.37 
24.27 
16.95 
13.55 
7.16 
7.20 
15.36 
25.87 
24.28 
22.68 
24.58 
26.81 
25.03 
27.61 
22.46 
21.50 
25.43 
17.72 
29.93 
28.13 
28.52 
12.79 
16.73 
24.76 
24.63 
11.89 
7.83 
25.77 
22.73 
21.40 
20.92 
22.32 
23.38 
27.52 
28.92 
30.84 
29.33 
26.78 
23.37 
29.23 
27.02 
20.16 
28.78 
26.22 
31.23 
29.53 
28.69 
29.22 
8.21 
22.01 
25.81 
8.24 
26.70 
26.36 
24.64 
26.38 
28.28 
14.15 
19.50 
20.19 
24.16 
8.30 
8.30 
26.92 
16.23 
14.85 
8.30 
21.57 
16.57 
21.74 
25.87 
22.94 
23.45 
29.47 
11.03 
10.17 
12.91 
16.17 
25.28 
20.80 
8.23 
26.96 
8.21 
8.20 
11.97 
12.13 
19.67 
22.91 
30.09 
10.87 
8.11 
25.91 
15.78 
8.06 
8.04 
24.60 
24.57 
9.35 
7.97 
20.39 
27.51 
27.82 
28.63 
11.77 
21.59 
16.80 
8.97 
13.68 
28.70 
27.47 
21.69 
25.18 
14.19 
7.60 
9.42 
11.90 
18.39 
7.48 
14.29 
7.42 
7.38 
24.79 
23.07 
7.29 
19.31 
11.67 
22.48 
7.15 
24.80 
26.19 
23.02 
14.81 
15.56 
20.20 
22.22 
24.40 
6.81 
20.38 
25.57 
24.36 
19.98 
25.28 
21.55 
21.15 
11.81 
20.34 
16.05 
6.35 
24.24 
23.67 
18.34 
21.16 
21.81 
20.34 
19.33 
14.12 
6.55 
10.53 
15.51 
5.82 
8.13 
5.73 
5.68 
16.81 
6.31 
5.54 
11.93 
19.67 
15.31 
18.73 
15.96 
5.26 
5.22 
19.50 
17.74 
5.08 
11.54 
19.14 
16.47 
18.08 
16.24 
16.79 
15.88 
11.87 
16.70 
6.55 
8.92 
4.54 
4.49 
4.45 
16.87 
16.38 
16.01 
16.26 
15.05 
4.20 
5.96 
4.12 
15.21 
13.34 
15.34 
14.65 
13.16 
3.88 
13.09 
11.41 
13.01 
14.04 
13.83 
13.85 
12.76 
3.61 
3.58 
7.76 
11.35 
11.92 
13.01 
12.40 
11.80 
12.57 
3.35 
3.32 
3.30 
10.44 
10.39 
12.36 
12.00 
11.84 
11.09 
9.84 
10.99 
3.12 
11.59 
11.25 
11.51 
10.40 
6.56 
11.02 
3.03 
10.28 
3.59 
10.05 
10.90 
11.08 
10.77 
11.05 
11.04 
4.22 
2.97 
6.81 
10.85 
10.85 
10.48 
11.16 
5.78 
10.71 
3.00 
9.78 
11.16 
11.19 
11.48 
10.93 
4.12 
3.06 
10.24 
10.38 
9.53 
7.58 
12.00 
11.65 
10.10 
11.96 
11.61 
11.87 
11.94 
10.15 
11.14 
11.72 
8.25 
3.38 
11.62 
7.14 
12.40 
12.81 
13.00 
12.97 
13.06 
12.38 
12.91 
3.68 
4.83 
3.75 
3.78 
6.89 
3.86 
8.27 
3.93 
3.97 
4.01 
8.54 
14.32 
15.15 
4.17 
12.95 
11.70 
14.99 
4.34 
4.38 
4.42 
4.47 
17.20 
15.80 
16.17 
14.09 
4.69 
7.49 
15.58 
15.43 
13.54 
15.52 
13.47 
16.28 
11.88 
13.48 
20.06 
18.39 
18.37 
18.35 
5.34 
11.77 
5.44 
19.39 
20.80 
18.61 
20.76 
19.56 
21.15 
20.38 
20.94 
5.86 
22.07 
19.93 
12.79 
21.51 
22.68 
20.35 
16.77 
20.09 
20.04 
9.42 
23.81 
20.63 
8.01 
22.24 
23.60 
23.06 
25.23 
25.01 
25.27 
22.15 
6.78 
25.87 
14.47 
24.92 
17.36 
26.72 
25.99 
22.30 
7.09 
11.24 
26.98 
25.40 
12.70 
12.25 
27.94 
27.51 
27.58 
27.32 
28.22 
23.25 
7.49 
26.56 
28.64 
25.99 
26.21 
28.81 
28.86 
26.53 
7.72 
7.75 
19.52 
21.26 
27.95 
7.85 
7.87 
7.90 
28.79 
29.68 
29.03 
24.61 
28.24 
15.74 
29.84 
30.04 
29.89 
29.40 
21.00 
8.12 
25.17 
30.53 
31.23 
31.08 
30.75 
28.36 
29.75 
27.18 
14.61 
25.31 
8.25 
18.77 
31.20 
30.86 
30.69 
30.70 
27.77 
26.40 
25.02 
26.58 
20.72 
8.30 
29.85 
26.23 
30.88 
30.71 
31.74 
30.70 
28.97 
24.31 
22.41 
29.47 
29.97 
31.69 
31.16 
29.94 
29.76 
23.89 
22.85 
25.93 
8.21 
27.79 
24.34 
18.48 
23.10 
8.15 
26.49 
27.32 
8.11 
8.09 
15.95 
27.22 
8.04 
23.06 
8.00 
24.71 
21.78 
20.05 
23.42 
15.90 
7.88 
13.80 
10.72 
7.81 
12.02 
7.76 
7.73 
7.71 
11.39 
23.50 
8.97 
23.74 
15.63 
10.89 
25.25 
26.20 
28.31 
25.58 
7.38 
7.35 
7.32 
7.29 
8.08 
21.39 
7.18 
7.15 
21.36 
22.76 
14.38 
7.00 
24.97 
23.60 
6.89 
25.69 
23.03 
24.86 
6.73 
11.62 
6.65 
6.61 
6.57 
6.52 
6.48 
24.87 
6.40 
16.13 
23.93 
23.51 
16.35 
23.45 
21.05 
21.71 
18.73 
8.11 
5.96 
22.61 
22.49 
20.75 
11.81 
19.93 
17.78 
12.45 
12.66 
14.45 
6.64 
8.29 
19.27 
20.70 
18.62 
19.47 
17.55 
19.37 
7.59 
18.44 
15.74 
15.36 
7.22 
18.88 
18.09 
17.05 
13.53 
17.86 
9.45 
17.22 
15.18 
16.85 
15.85 
15.36 
16.37 
15.88 
14.54 
10.03 
14.93 
13.13 
4.16 
4.12 
8.22 
15.57 
14.76 
13.84 
14.32 
13.76 
10.35 
5.29 
3.78 
3.74 
3.71 
3.67 
11.45 
12.57 
12.27 
9.81 
13.29 
12.88 
12.91 
12.40 
12.64 
12.57 
10.42 
11.60 
3.30 
3.27 
11.71 
3.23 
10.99 
6.81 
3.17 
3.15 
11.19 
4.80 
11.10 
11.25 
8.37 
3.84 
3.05 
3.04 
3.03 
10.28 
10.74 
3.00 
10.32 
9.25 
10.39 
11.15 
11.04 
10.94 
11.23 
10.84 
9.41 
9.41 
9.61 
9.24 
10.40 
10.32 
10.24 
9.10 
11.35 
11.38 
3.04 
3.05 
11.29 
11.22 
11.36 
11.60 
9.96 
8.11 
9.25 
11.10 
7.42 
11.81 
11.87 
12.14 
12.00 
12.07 
11.93 
3.35 
3.38 
12.35 
12.64 
12.62 
11.63 
13.10 
12.87 
9.57 
12.82 
14.01 
8.12 
13.54 
13.30 
13.96 
13.38 
11.07 
3.89 
3.93 
3.97 
4.01 
4.05 
4.09 
8.32 
14.78 
13.31 
7.79 
12.78 
14.24 
16.33 
16.33 
16.70 
16.31 
15.28 
16.68 
15.64 
4.69 
14.69 
16.24 
12.12 
4.87 
17.66 
17.38 
8.27 
13.25 
7.44 
16.61 
18.80 
5.25 
19.47 
20.02 
17.73 
16.99 
19.10 
5.53 
16.29 
19.01 
5.67 
15.56 
10.19 
11.89 
20.76 
5.90 
17.07 
12.19 
18.48 
22.38 
20.05 
22.45 
18.55 
16.17 
6.31 
21.94 
23.92 
23.71 
20.66 
10.64 
24.33 
23.80 
24.53 
9.10 
11.55 
6.78 
6.82 
26.94 
14.69 
23.22 
20.20 
16.83 
22.96 
17.12 
19.65 
7.16 
18.12 
26.80 
27.20 
14.12 
20.84 
23.07 
27.82 
27.05 
27.95 
28.01 
27.40 
24.59 
23.29 
16.41 
30.16 
28.52 
19.75 
15.54 
28.50 
29.39 
28.59 
28.97 
18.60 
27.35 
7.90 
7.92 
20.61 
30.06 
30.26 
11.94 
14.88 
30.36 
31.24 
30.58 
23.22 
10.69 
13.80 
31.19 
29.84 
23.66 
30.22 
16.28 
25.26 
20.45 
27.70 
22.02 
29.27 
26.52 
23.95 
8.27 
8.27 
30.18 
25.01 
17.08 
28.81 
25.54 
20.54 
14.68 
24.51 
26.41 
26.92 
14.34 
8.30 
11.75 
29.32 
27.94 
15.01 
28.44 
29.81 
15.51 
8.27 
14.29 
28.05 
25.63 
30.77 
30.59 
27.31 
23.34 
22.81 
13.86 
26.72 
19.15 
13.30 
10.02 
8.12 
14.11 
8.09 
27.42 
8.06 
8.04 
18.28 
16.72 
24.20 
21.78 
24.14 
22.23 
18.11 
27.27 
28.76 
26.17 
27.82 
7.78 
20.63 
24.98 
13.96 
14.94 
28.05 
24.63 
10.62 
7.57 
7.54 
7.51 
7.48 
7.45 
7.42 
28.01 
26.12 
23.07 
23.00 
7.25 
11.34 
21.33 
7.15 
7.11 
7.08 
7.04 
11.23 
14.75 
19.87 
24.65 
10.87 
6.81 
12.85 
6.73 
15.45 
18.55 
18.00 
10.19 
6.52 
11.65 
6.44 
21.50 
23.57 
22.69 
19.51 
12.82 
10.31 
13.44 
6.09 
6.05 
6.00 
5.96 
5.91 
20.12 
22.96 
17.69 
9.54 
12.10 
17.53 
21.18 
19.34 
18.22 
10.29 
9.51 
20.28 
20.30 
18.92 
19.07 
10.13 
18.42 
18.03 
12.89 
13.88 
10.97 
18.88 
16.51 
18.37 
17.72 
4.71 
4.67 
4.62 
4.58 
7.84 
14.46 
13.48 
4.41 
16.62 
14.91 
15.29 
16.03 
15.79 
15.68 
14.85 
14.03 
14.16 
13.94 
14.54 
14.32 
14.33 
10.58 
13.90 
12.34 
13.93 
9.83 
12.41 
13.09 
8.74 
13.25 
12.94 
10.82 
11.81 
9.72 
12.62 
8.44 
12.67 
11.04 
12.11 
11.94 
11.78 
11.92 
11.86 
12.00 
3.19 
6.78 
8.24 
11.49 
11.34 
10.60 
11.25 
11.02 
11.37 
11.24 
11.11 
11.38 
10.28 
3.01 
10.72 
11.19 
10.21 
11.16 
10.86 
10.28 
10.56 
8.35 
7.68 
5.66 
11.05 
10.19 
10.49 
8.29 
11.09 
9.38 
11.14 
11.06 
11.19 
8.69 
10.47 
11.48 
10.93 
11.26 
10.91 
3.12 
11.50 
9.85 
11.90 
11.76 
11.71 
11.77 
12.34 
11.90 
11.24 
12.24 
11.27 
11.34 
11.83 
8.94 
12.94 
12.59 
12.35 
10.92 
7.29 
6.79 
13.57 
13.56 
13.32 
11.95 
13.06 
12.01 
12.56 
10.69 
14.37 
3.97 
4.01 
11.62 
4.09 
9.16 
13.82 
4.21 
13.78 
15.85 
6.81 
5.38 
13.95 
13.80 
12.13 
15.28 
8.46 
15.25 
4.69 
16.65 
4.78 
4.83 
4.87 
18.20 
16.84 
19.67 
18.98 
17.19 
11.92 
19.50 
19.90 
20.17 
20.16 
20.00 
20.69 
19.96 
7.55 
20.64 
20.90 
21.32 
11.15 
8.27 
5.81 
16.73 
22.67 
21.28 
20.79 
22.42 
20.40 
22.95 
21.22 
23.02 
22.51 
23.08 
9.47 
19.38 
23.24 
23.50 
23.60 
8.16 
16.00 
24.69 
23.83 
9.31 
25.62 
25.23 
25.00 
17.78 
24.84 
25.42 
22.23 
25.75 
25.99 
24.42 
7.16 
16.79 
21.33 
27.87 
13.13 
25.68 
26.58 
27.15 
18.33 
22.91 
25.15 
21.67 
26.61 
27.17 
15.22 
22.88 
24.45 
7.70 
8.74 
7.75 
27.86 
29.10 
29.31 
30.21 
29.91 
28.58 
24.51 
24.72 
23.89 
7.98 
25.15 
23.98 
30.01 
27.12 
27.66 
26.31 
28.22 
29.28 
28.10 
20.20 
28.65 
30.56 
31.27 
30.08 
23.37 
26.32 
8.23 
29.96 
28.42 
19.64 
20.85 
25.00 
28.97 
30.87 
28.64 
22.60 
8.30 
8.30 
19.68 
28.99 
24.16 
23.30 
15.89 
8.99 
15.54 
23.46 
11.57 
22.25 
10.01 
24.64 
26.36 
17.91 
8.27 
22.20 
29.24 
24.75 
8.23 
23.01 
31.07 
30.19 
12.14 
25.01 
22.07 
21.88 
17.06 
8.12 
8.11 
18.03 
8.08 
8.06 
13.00 
17.59 
13.64 
21.47 
16.15 
10.84 
27.00 
15.90 
11.96 
7.86 
21.08 
25.11 
22.02 
7.76 
22.78 
23.25 
15.78 
7.65 
11.83 
18.02 
19.99 
12.40 
7.51 
13.66 
24.30 
18.08 
7.38 
7.35 
9.81 
7.29 
7.25 
23.86 
21.49 
20.61 
19.72 
26.19 
23.02 
24.73 
8.10 
12.59 
18.19 
19.25 
22.71 
10.45 
11.68 
6.69 
18.55 
24.01 
21.24 
6.52 
13.85 
6.44 
6.40 
10.39 
6.31 
6.27 
6.22 
6.79 
9.64 
6.09 
8.31 
22.99 
21.53 
22.31 
22.49 
21.93 
21.66 
21.25 
17.78 
17.53 
5.59 
12.44 
13.36 
8.58 
19.70 
20.56 
9.37 
15.30 
19.21 
16.75 
17.74 
5.08 
5.03 
16.44 
4.94 
5.69 
17.17 
17.84 
17.59 
17.20 
16.96 
15.55 
11.86 
16.60 
13.20 
4.45 
16.62 
16.25 
8.01 
13.82 
9.10 
13.37 
11.12 
12.94 
12.25 
12.28 
5.40 
3.96 
3.92 
13.99 
8.41 
3.81 
10.65 
13.26 
13.05 
8.98 
13.31 
13.22 
11.29 
3.54 
3.51 
3.48 
9.83 
11.98 
9.28 
6.72 
12.70 
11.60 
10.81 
3.27 
9.27 
3.23 
3.21 
11.74 
10.99 
9.74 
3.13 
3.12 
3.10 
3.09 
3.07 
11.47 
11.54 
11.31 
11.08 
11.25 
9.10 
10.92 
11.09 
11.27 
10.68 
10.38 
5.67 
4.41 
3.74 
11.23 
10.94 
11.14 
11.05 
10.58 
10.60 
3.67 
7.64 
8.91 
3.02 
7.11 
3.43 
11.45 
11.48 
11.32 
11.17 
7.85 
3.12 
3.14 
5.05 
11.70 
11.45 
11.00 
3.23 
9.69 
3.28 
3.30 
3.33 
3.35 
3.38 
5.83 
12.43 
12.62 
12.70 
12.78 
12.65 
10.77 
3.61 
3.65 
3.68 
3.71 
14.09 
14.07 
13.61 
6.83 
8.96 
12.28 
14.83 
14.82 
11.85 
14.56 
14.67 
4.17 
4.21 
5.47 
13.88 
15.60 
15.84 
15.83 
15.19 
15.17 
15.28 
12.83 
13.83 
4.69 
9.58 
16.51 
16.89 
15.94 
12.03 
4.97 
14.92 
15.16 
6.34 
5.15 
18.67 
17.53 
13.15 
17.19 
12.06 
19.84 
19.82 
19.51 
8.62 
5.62 
5.67 
14.83 
17.58 
12.93 
12.41 
15.03 
5.95 
14.15 
22.27 
23.14 
18.52 
21.84 
21.79 
14.16 
23.24 
22.25 
20.17 
6.44 
23.66 
24.55 
24.81 
25.23 
25.17 
24.31 
20.39 
6.78 
17.64 
6.86 
26.06 
25.01 
25.09 
19.78 
24.93 
21.23 
25.58 
7.16 
22.42 
25.64 
25.04 
7.30 
27.18 
27.75 
24.97 
21.68 
15.86 
23.47 
25.04 
22.06 
26.84 
27.40 
24.06 
27.33 
25.35 
24.03 
26.29 
21.73 
12.06 
7.83 
16.73 
27.35 
28.07 
28.79 
30.02 
27.49 
29.75 
23.43 
21.06 
8.04 
26.60 
14.95 
27.69 
24.79 
29.62 
28.27 
8.15 
27.27 
29.19 
8.19 
20.43 
16.14 
27.87 
27.36 
14.27 
8.25 
22.40 
26.54 
13.27 
31.38 
29.49 
25.88 
14.84 
26.92 
31.23 
28.99 
28.13 
28.99 
28.30 
27.61 
14.16 
21.92 
27.43 
15.53 
10.53 
21.21 
9.32 
8.28 
18.09 
30.30 
25.12 
27.18 
15.47 
10.98 
26.79 
23.51 
8.89 
8.19 
9.72 
28.76 
15.02 
28.55 
11.04 
28.16 
27.45 
28.96 
22.09 
25.31 
14.01 
21.33 
7.99 
26.05 
18.85 
18.66 
18.80 
18.93 
22.47 
17.85 
15.78 
7.78 
7.76 
7.73 
7.71 
7.68 
8.83 
23.78 
28.44 
20.50 
7.54 
17.39 
20.35 
7.45 
26.58 
7.38 
17.98 
26.22 
11.92 
7.25 
15.13 
15.74 
11.25 
27.09 
25.38 
27.26 
21.80 
6.96 
9.19 
17.38 
21.18 
18.69 
20.86 
13.76 
6.69 
20.46 
24.65 
16.35 
7.15 
9.15 
13.00 
21.03 
19.38 
6.31 
6.27 
22.94 
21.31 
21.97 
20.65 
23.11 
22.84 
23.18 
18.88 
5.86 
5.82 
10.33 
17.88 
12.53 
5.64 
10.21 
21.20 
21.08 
21.10 
20.41 
19.72 
16.38 
14.60 
5.22 
19.37 
19.24 
5.08 
9.51 
19.14 
18.74 
16.89 
10.68 
17.71 
4.76 
4.71 
17.60 
16.45 
4.58 
16.47 
10.05 
14.86 
14.25 
15.76 
15.03 
4.28 
5.94 
14.10 
4.16 
15.56 
15.45 
15.22 
14.88 
6.75 
3.92 
12.03 
14.23 
10.95 
14.37 
11.80 
3.71 
13.41 
13.20 
13.33 
13.57 
13.70 
3.51 
12.99 
8.02 
13.25 
6.24 
7.14 
3.35 
12.11 
12.15 
3.27 
11.82 
11.75 
11.90 
10.73 
3.17 
9.04 
3.13 
11.54 
4.48 
11.94 
6.41 
11.47 
11.83 
11.70 
11.38 
3.02 
3.01 
3.00 
2.99 
4.53 
2.98 
10.57 
11.04 
5.47 
2.97 
2.97 
11.04 
11.05 
10.67 
10.97 
9.63 
2.99 
3.00 
3.01 
10.87 
10.80 
9.92 
11.02 
11.45 
10.11 
8.97 
11.56 
3.10 
3.12 
11.60 
10.45 
3.17 
8.83 
3.92 
3.23 
6.93 
3.28 
10.83 
11.00 
6.58 
3.38 
3.40 
3.43 
3.46 
9.91 
8.15 
12.76 
3.58 
3.61 
3.65 
3.68 
3.71 
12.63 
13.73 
3.82 
11.41 
3.89 
4.98 
8.41 
13.88 
14.45 
10.04 
4.13 
9.11 
14.53 
4.25 
15.60 
4.34 
7.62 
8.56 
15.82 
9.84 
13.62 
15.27 
16.16 
4.69 
4.74 
8.60 
4.83 
4.87 
14.04 
13.47 
17.23 
19.94 
16.91 
11.92 
17.14 
18.93 
16.52 
19.88 
13.33 
5.44 
20.25 
18.79 
19.77 
15.81 
5.67 
12.62 
5.76 
17.97 
20.76 
21.02 
16.17 
23.21 
22.11 
21.77 
20.50 
14.47 
14.39 
6.27 
19.51 
15.55 
24.08 
13.04 
11.84 
6.53 
24.65 
24.27 
14.32 
20.14 
24.40 
25.62 
25.39 
23.70 
24.76 
21.59 
18.56 
10.61 
24.93 
7.09 
19.15 
26.32 
15.80 
17.68 
24.88 
27.94 
27.85 
13.55 
7.40 
26.04 
28.12 
27.67 
9.21 
17.17 
27.51 
25.20 
25.42 
23.60 
7.70 
7.72 
28.33 
28.20 
28.42 
16.35 
22.36 
28.03 
27.21 
11.68 
17.35 
25.43 
30.78 
28.07 
18.31 
17.99 
13.55 
8.07 
8.09 
8.11 
8.12 
25.69 
31.04 
22.11 
25.05 
21.80 
23.02 
25.10 
18.05 
19.61 
23.41 
27.04 
14.64 
8.27 
19.48 
30.00 
28.46 
27.43 
26.57 
21.57 
8.30 
16.23 
21.92 
9.17 
8.30 
8.30 
8.30 
16.75 
25.36 
29.49 
25.86 
28.10 
29.64 
22.05 
8.27 
26.68 
28.22 
14.27 
29.91 
28.35 
24.90 
22.48 
8.20 
8.19 
8.18 
8.17 
8.15 
8.14 
8.12 
25.76 
26.08 
8.08 
8.06 
13.17 
29.22 
8.86 
7.99 
27.24 
18.68 
7.92 
7.90 
24.21 
18.73 
25.32 
23.92 
12.70 
7.76 
20.42 
21.05 
15.78 
27.71 
16.72 
24.58 
25.87 
22.79 
12.53 
15.34 
23.47 
22.58 
25.02 
24.46 
17.10 
27.80 
27.56 
27.82 
27.58 
25.53 
21.52 
22.93 
18.61 
26.52 
15.56 
9.35 
23.84 
20.21 
25.12 
24.70 
24.61 
17.20 
20.30 
13.57 
23.13 
20.36 
6.48 
6.44 
17.76 
22.02 
11.10 
21.97 
17.58 
20.09 
10.70 
21.25 
22.66 
20.89 
5.96 
5.91 
5.86 
5.82 
15.34 
21.40 
21.28 
18.84 
20.03 
19.91 
11.64 
5.45 
19.84 
16.20 
18.48 
19.75 
18.80 
18.40 
18.83 
19.12 
14.52 
18.87 
14.32 
16.89 
4.85 
18.89 
17.72 
16.68 
15.53 
10.67 
16.72 
14.69 
15.60 
12.85 
16.00 
14.52 
14.29 
11.50 
5.70 
8.79 
14.84 
4.12 
4.08 
4.04 
13.01 
14.54 
6.81 
13.87 
14.23 
9.93 
3.78 
14.04 
13.50 
13.30 
10.57 
12.24 
12.92 
12.08 
13.18 
12.78 
12.27 
12.30 
11.70 
9.43 
4.28 
3.32 
12.05 
9.83 
11.92 
11.55 
10.99 
9.13 
11.59 
10.84 
11.39 
9.95 
6.95 
11.06 
9.65 
3.06 
11.14 
6.44 
11.08 
10.96 
10.55 
8.21 
8.39 
2.99 
2.98 
9.13 
10.76 
11.13 
10.94 
9.02 
10.27 
10.95 
9.13 
10.29 
10.69 
9.26 
10.73 
9.88 
10.68 
10.31 
8.78 
10.27 
9.91 
9.85 
4.57 
3.10 
5.10 
9.01 
3.15 
6.48 
11.15 
11.31 
5.88 
7.75 
3.28 
3.30 
7.78 
3.35 
11.86 
11.83 
11.69 
6.44 
3.49 
12.89 
12.97 
11.97 
13.26 
12.14 
11.89 
3.71 
3.75 
5.25 
12.13 
11.19 
6.31 
3.93 
5.60 
6.12 
13.98 
14.32 
13.83 
9.84 
14.28 
13.78 
11.67 
4.34 
11.23 
13.70 
4.47 
14.41 
10.43 
13.08 
8.78 
8.59 
15.47 
13.48 
15.16 
13.81 
15.65 
15.22 
17.23 
12.70 
15.13 
12.75 
5.20 
5.25 
14.00 
18.61 
18.58 
5.44 
18.81 
20.95 
21.94 
19.59 
15.32 
16.00 
9.01 
22.27 
21.20 
20.57 
18.88 
17.77 
12.11 
14.00 
19.59 
6.18 
13.93 
18.95 
6.31 
19.14 
17.66 
21.04 
23.18 
23.44 
22.11 
20.93 
22.62 
21.10 
10.27 
6.78 
6.82 
22.73 
24.60 
6.94 
21.17 
7.01 
10.82 
12.84 
19.32 
16.74 
23.91 
24.31 
24.54 
20.95 
7.33 
7.37 
24.97 
25.87 
25.26 
23.97 
27.73 
27.46 
27.34 
27.06 
26.27 
24.79 
23.48 
26.92 
18.97 
7.78 
28.76 
22.32 
22.87 
27.69 
27.73 
27.76 
26.26 
21.84 
26.83 
27.21 
28.27 
27.09 
8.06 
15.63 
29.40 
30.12 
30.83 
30.16 
24.16 
16.60 
12.65 
9.05 
27.15 
27.34 
25.46 
20.99 
30.31 
22.21 
8.26 
27.40 
18.96 
28.80 
17.77 
23.81 
15.53 
8.30 
8.30 
8.30 
8.30 
8.30 
8.30 
23.13 
30.54 
27.78 
8.30 
29.66 
27.07 
30.16 
21.03 
23.26 
17.05 
8.27 
21.85 
10.14 
15.64 
20.44 
24.56 
16.98 
8.55 
14.20 
29.81 
9.02 
26.85 
28.38 
24.75 
20.27 
26.93 
27.08 
26.71 
29.25 
25.80 
9.03 
7.99 
7.97 
15.96 
26.66 
27.99 
26.59 
25.70 
7.83 
11.54 
21.17 
27.57 
18.73 
9.06 
7.68 
7.65 
26.31 
23.06 
15.63 
24.97 
23.75 
29.04 
7.45 
25.91 
25.68 
24.29 
9.81 
7.29 
21.78 
25.51 
24.45 
24.38 
11.37 
14.43 
22.36 
25.22 
21.08 
17.28 
10.76 
7.33 
6.81 
12.37 
6.73 
17.83 
25.22 
24.49 
12.88 
6.52 
15.57 
20.50 
22.74 
11.32 
10.33 
19.82 
6.22 
6.18 
8.88 
6.09 
18.88 
20.89 
18.68 
16.05 
9.72 
5.82 
5.77 
17.30 
12.53 
5.64 
5.59 
13.59 
17.65 
12.14 
9.22 
18.73 
7.13 
15.99 
18.66 
18.26 
17.19 
19.12 
17.10 
17.93 
4.94 
18.75 
18.49 
17.18 
16.93 
18.12 
14.11 
4.62 
4.58 
13.55 
16.23 
11.47 
15.37 
15.14 
9.98 
15.65 
13.35 
4.20 
4.16 
4.12 
4.08 
15.46 
15.11 
14.07 
6.35 
13.30 
12.17 
5.06 
12.56 
11.35 
3.71 
13.30 
13.42 
13.12 
3.58 
3.54 
12.75 
12.67 
4.73 
6.81 
6.24 
7.76 
3.35 
4.56 
7.72 
10.96 
3.25 
6.88 
3.21 
3.19 
10.78 
10.74 
10.99 
10.75 
11.49 
11.45 
8.37 
11.37 
3.05 
3.04 
9.63 
11.35 
11.03 
9.47 
2.99 
10.02 
11.25 
10.28 
7.11 
10.65 
9.98 
11.23 
6.24 
10.95 
10.28 
11.06 
10.98 
2.99 
11.31 
10.65 
10.58 
