20050101
8.88 
8.61 
9.82 
10.65 
3.12 
3.14 
9.86 
10.30 
9.74 
9.07 
7.49 
9.26 
3.26 
10.69 
11.26 
9.87 
9.61 
11.13 
11.52 
10.95 
3.45 
9.37 
3.51 
7.98 
11.30 
3.60 
3.63 
3.66 
12.95 
12.14 
13.13 
13.11 
13.20 
4.90 
7.03 
4.76 
3.98 
4.61 
4.06 
7.92 
12.30 
4.18 
11.76 
6.09 
4.30 
4.34 
4.38 
4.43 
8.64 
15.96 
15.56 
13.87 
12.03 
12.51 
4.73 
14.81 
15.84 
10.75 
7.33 
11.04 
15.20 
17.77 
18.57 
18.28 
18.40 
17.40 
17.09 
16.35 
5.38 
18.13 
20.11 
20.09 
14.41 
19.16 
5.66 
20.86 
19.35 
10.11 
10.77 
5.89 
5.94 
20.50 
22.58 
23.15 
20.20 
20.61 
21.18 
19.26 
21.53 
19.76 
6.38 
22.15 
21.77 
22.34 
18.31 
22.21 
13.83 
6.68 
18.94 
21.60 
11.98 
18.68 
24.77 
23.39 
20.03 
22.24 
12.62 
20.74 
18.33 
26.00 
26.07 
24.98 
17.23 
24.62 
27.20 
23.75 
26.66 
25.21 
25.78 
19.10 
26.07 
25.62 
23.64 
7.60 
15.43 
27.69 
24.34 
28.81 
28.35 
19.02 
27.93 
26.43 
7.83 
23.60 
11.48 
7.90 
9.81 
28.88 
18.10 
25.00 
24.34 
29.70 
29.73 
20.97 
22.03 
23.43 
13.79 
14.50 
16.07 
27.65 
23.01 
29.75 
30.98 
28.92 
27.90 
8.22 
27.23 
26.21 
8.25 
8.25 
24.51 
26.93 
21.41 
24.01 
27.81 
29.37 
22.98 
23.16 
16.94 
24.02 
27.31 
27.30 
26.09 
23.85 
27.47 
8.29 
8.29 
14.16 
8.28 
27.27 
28.81 
17.41 
8.26 
27.40 
27.56 
23.41 
26.85 
29.42 
12.69 
23.01 
12.49 
27.45 
13.67 
14.34 
18.62 
16.89 
8.11 
8.09 
8.08 
16.98 
26.73 
20.70 
8.01 
7.99 
16.18 
24.87 
20.05 
7.91 
26.98 
24.73 
22.65 
15.30 
20.03 
20.50 
21.48 
26.01 
20.72 
15.78 
18.27 
26.16 
19.03 
22.52 
21.63 
19.56 
22.19 
16.12 
23.75 
13.20 
11.49 
27.56 
25.33 
17.16 
18.42 
22.81 
7.13 
21.86 
22.60 
13.22 
12.52 
19.78 
9.66 
23.36 
23.60 
23.19 
6.75 
24.94 
21.82 
23.96 
24.97 
19.50 
21.62 
22.16 
19.87 
21.03 
21.09 
14.03 
12.73 
8.36 
18.56 
22.28 
12.60 
6.03 
5.99 
8.94 
16.94 
19.82 
17.35 
5.76 
16.86 
10.34 
5.62 
5.58 
5.53 
5.49 
5.44 
6.95 
19.02 
19.75 
5.26 
19.50 
17.86 
18.71 
17.63 
13.99 
4.98 
7.35 
13.83 
18.25 
18.12 
16.03 
8.75 
4.67 
4.62 
4.58 
14.33 
13.22 
15.64 
4.41 
4.37 
10.99 
14.83 
15.21 
14.98 
14.63 
11.30 
12.28 
8.53 
4.01 
3.97 
12.51 
13.57 
10.73 
13.27 
13.29 
11.96 
8.75 
3.69 
9.51 
9.01 
3.59 
10.08 
3.53 
3.51 
3.48 
8.97 
11.45 
11.70 
11.53 
11.57 
11.61 
7.94 
11.19 
11.23 
11.18 
10.01 
8.15 
3.18 
11.09 
10.95 
10.81 
9.88 
3.11 
3.10 
3.09 
7.01 
8.76 
10.11 
10.68 
10.56 
9.96 
10.54 
9.07 
8.77 
4.97 
9.73 
10.71 
10.61 
9.45 
9.26 
3.03 
3.04 
3.04 
3.05 
3.06 
3.07 
3.08 
3.09 
3.10 
3.11 
3.12 
10.42 
10.26 
6.18 
6.81 
3.20 
3.22 
3.24 
3.26 
3.28 
5.58 
3.33 
3.35 
3.38 
3.40 
10.21 
3.45 
6.05 
3.51 
3.54 
3.57 
7.54 
3.63 
3.66 
3.70 
3.73 
3.76 
3.80 
10.34 
11.22 
12.00 
3.94 
9.60 
14.27 
14.02 
13.41 
14.11 
4.18 
7.62 
6.71 
5.41 
6.33 
14.87 
15.35 
13.57 
4171.54 
15.69 
4.60 
16.18 
9.25 
14.96 
4.78 
4.82 
4.87 
8.95 
18.47 
16.83 
14.90 
17.20 
8.33 
16.04 
14.19 
5.29 
5.33 
5.38 
5.43 
16.38 
19.22 
15.86 
14.36 
17.81 
10.71 
19.35 
16.64 
10.92 
5.89 
22.19 
20.80 
20.30 
22.39 
21.12 
16.31 
22.72 
22.36 
21.53 
21.48 
12.18 
23.40 
18.30 
8.09 
21.16 
21.09 
21.82 
21.75 
16.53 
21.44 
6.80 
5321.13 
21.52 
20.13 
22.98 
20.10 
21.32 
17.77 
26.41 
25.00 
7.18 
23.66 
24.56 
25.96 
7.32 
21.91 
21.80 
23.87 
25.11 
24.32 
20.50 
14.46 
20.42 
7.60 
12.37 
26.84 
17.71 
23.37 
7.73 
23.79 
7.78 
11.23 
26.47 
27.03 
28.61 
27.27 
23.36 
19.62 
22.73 
7.98 
8.00 
26.60 
28.01 
18.91 
8.07 
8.09 
20.69 
30.19 
27.11 
22.99 
28.01 
24.57 
8.19 
15.28 
27.21 
21.52 
24.81 
22.75 
29.85 
20.01 
30.38 
28.83 
23.14 
8.28 
29.89 
30.24 
26.78 
29.03 
29.55 
17.11 
15.90 
8.30 
13.65 
29.55 
28.33 
23.32 
23.66 
20.72 
13.46 
25.02 
15.18 
8.27 
8.26 
8.26 
17.04 
8.24 
22.88 
25.11 
24.58 
8.20 
12.32 
11.96 
8.16 
10.21 
8.14 
8.12 
10.86 
17.71 
8.08 
8.06 
11.13 
20.53 
9.38 
11.92 
16.69 
7.95 
9.46 
17.29 
14.53 
15.87 
24.18 
14.79 
22.41 
16.76 
7.74 
7.72 
18.18 
21.02 
7.63 
19.41 
20.38 
24.70 
13.57 
23.92 
8.30 
7.43 
18.41 
25.69 
21.47 
22.58 
26.33 
10.38 
7.20 
7.16 
20.44 
7.09 
7.06 
15.35 
17.73 
6.95 
6.91 
6.87 
18.76 
19.66 
21.18 
15.03 
6.67 
23.80 
24.34 
17.76 
20.68 
24.67 
24.10 
21.97 
21.87 
20.53 
6.25 
15.73 
6.17 
6.12 
21.56 
20.24 
12.76 
5.94 
21.12 
15.96 
14.54 
8.41 
8.80 
8.30 
16.81 
14.54 
17.19 
18.23 
18.54 
17.01 
17.05 
15.54 
11.67 
7.15 
8.62 
15.83 
17.09 
13.17 
12.00 
8.69 
4.89 
4.85 
4.80 
6.72 
4.71 
14.26 
9.52 
4.58 
16.24 
14.86 
4.45 
12.78 
10.70 
12.10 
15.07 
12.77 
10.86 
15.11 
14.53 
11.57 
14.67 
14.33 
14.23 
13.67 
13.80 
11.07 
11.68 
5.94 
11.74 
12.33 
12.24 
13.15 
11.31 
8.51 
3.56 
3.53 
3.51 
3.48 
3.45 
3.42 
3.40 
3.37 
3.35 
3.33 
3.30 
6.16 
3.26 
3.24 
3.22 
3313.15 
10.63 
5.98 
10.75 
3.14 
3.12 
3.11 
9.52 
5.75 
5.44 
5.13 
6.39 
9.99 
10.27 
10.65 
10.44 
9.75 
6.33 
8.08 
9.54 
5.94 
3.03 
3.03 
3.03 
3.03 
3.04 
3.04 
3.05 
3.06 
3.07 
3.08 
3.09 
3.10 
3.11 
7.30 
11.02 
5.35 
9.60 
8.93 
3.20 
3.22 
3.24 
8.89 
3.28 
3.31 
3.33 
11.59 
10.51 
3.40 
3.43 
6.12 
3.48 
3.51 
3.54 
3.57 
10.06 
10.68 
12.75 
11.50 
12.70 
12.45 
12.77 
12.28 
12.72 
12.23 
11.16 
11.59 
4.02 
4.06 
15.32 
14.83 
14.57 
11.64 
7.32 
15.27 
8.56 
4.38 
4.43 
4.47 
6.67 
12.75 
13.10 
16.69 
7.04 
4.73 
13.36 
9.07 
4.87 
4.92 
4.96 
5.01 
5.05 
5.10 
19.52 
17.84 
18.24 
16.95 
9.43 
20.44 
19.71 
13.37 
5.52 
5.57 
5.61 
5.66 
5.71 
5.75 
5.80 
5.85 
8.89 
10.00 
5.98 
16.96 
20.71 
13.93 
20.00 
21.18 
21.28 
6.30 
12.43 
18.44 
22.93 
24.29 
22.66 
9.41 
23.64 
25.02 
24.47 
24.57 
20.31 
7.93 
13.17 
17.78 
23.39 
6.96 
23.87 
22.97 
25.02 
17.50 
24.01 
22.59 
24.32 
7.25 
23.79 
26.36 
19.40 
25.49 
23.37 
25.61 
18.76 
26.57 
27.14 
23.13 
26.57 
27.81 
25.99 
26.04 
13.66 
5590.79 
24.64 
18.03 
29.68 
28.87 
27.03 
21.92 
28.81 
29.02 
30.09 
28.40 
21.04 
8.00 
8.02 
24.39 
25.10 
28.06 
28.60 
26.90 
28.64 
27.28 
12.29 
8.16 
19.22 
21.14 
24.26 
18.92 
27.22 
20.50 
24.13 
28.98 
21.39 
24.68 
26.41 
17.09 
8.28 
28.68 
29.89 
24.36 
26.27 
8.30 
8.30 
8.30 
9.34 
8.30 
22.12 
27.64 
25.91 
25.04 
19.34 
21.23 
8.28 
11.55 
29.66 
26.38 
25.68 
16.35 
26.17 
19.78 
17.53 
8.21 
21.12 
29.19 
29.00 
17.11 
8.15 
8.14 
8.12 
22.02 
20.11 
8.08 
16.81 
10.79 
20.53 
20.85 
7.99 
7.97 
7.95 
7.93 
12.51 
19.99 
7.86 
7.84 
22.95 
26.65 
11.16 
25.38 
13.64 
9.38 
8.68 
8.82 
13.51 
18.52 
16.13 
28.01 
25.77 
26.21 
22.14 
22.08 
20.20 
21.30 
24.40 
21.68 
22.78 
21.23 
24.30 
26.69 
22.35 
7.06 
7.02 
11.22 
16.21 
6.91 
6.87 
6.83 
24.64 
15.41 
6.71 
20.38 
25.39 
22.75 
18.08 
23.04 
23.88 
20.66 
20.72 
9.29 
6.30 
9.64 
18.96 
9.99 
6.12 
22.93 
22.96 
22.40 
21.53 
20.83 
21.61 
18.68 
18.14 
5.72 
5.67 
5.62 
5.58 
5.53 
5.49 
18.83 
5.39 
5.35 
5.30 
5.26 
5.21 
5.17 
5.12 
5.07 
5.03 
4.98 
10.57 
17.17 
16.79 
17.07 
15.51 
13.71 
16.59 
16.47 
16.23 
11.92 
10.69 
4.45 
10.65 
8.46 
4.33 
15.07 
13.50 
14.37 
12.22 
14.88 
14.78 
14.91 
11.75 
12.37 
6.60 
7.12 
12.68 
11.79 
3.79 
3.76 
3.72 
3.69 
3.66 
3.63 
10.04 
11.05 
11.85 
11.67 
12.23 
11.42 
7.76 
5.61 
10.17 
3.35 
10.89 
11.55 
10.16 
11.23 
8.64 
5.65 
10.48 
10.93 
9.79 
8.15 
6.13 
9.98 
3.11 
3.10 
3.09 
3.08 
3.07 
10.70 
9.99 
10.27 
8.50 
8.49 
5.95 
3.03 
3.03 
3.02 
3.02 
7.99 
3.03 
3.03 
3.03 
3.04 
10.96 
10.78 
10.80 
10.92 
10.75 
9.60 
8.93 
3.11 
7.90 
3.14 
6.86 
3.17 
3.19 
3.20 
6.27 
3.24 
4.49 
3.28 
3.31 
3.33 
3.35 
3.38 
3.40 
3.43 
3.45 
3.48 
9.54 
9.71 
3.57 
10.94 
10.35 
3.66 
10.05 
12.48 
12.00 
10.04 
11.26 
13.06 
10.15 
13.49 
13.00 
8.97 
14.49 
13.29 
13.03 
13.24 
14.68 
14.42 
15.14 
14.76 
15.24 
12.46 
4.47 
13.41 
15.05 
16.58 
14.36 
7.04 
4.73 
4.78 
17.97 
15.95 
18.08 
18.20 
13.71 
17.22 
18.71 
17.59 
17.43 
18.52 
17.93 
12.12 
14.47 
19.71 
16.96 
5.52 
19.05 
8.82 
16.93 
14.97 
17.28 
5.80 
16.88 
5.89 
5.94 
13.54 
21.67 
21.62 
20.97 
21.69 
21.48 
6.25 
6.30 
18.05 
12.81 
6.43 
23.19 
22.50 
15.92 
9.78 
19.58 
22.23 
6.72 
15.95 
12.30 
6.84 
6.88 
22.08 
22.98 
23.05 
23.46 
23.70 
7.11 
7.14 
7.18 
17.01 
21.23 
26.29 
26.53 
24.92 
24.82 
24.21 
26.12 
25.84 
26.07 
21.05 
14.33 
7.60 
26.79 
21.75 
23.83 
7.71 
9.10 
15.77 
26.05 
21.48 
23.91 
28.40 
27.06 
22.30 
7.92 
7.94 
26.69 
24.14 
24.51 
28.32 
23.87 
22.87 
21.17 
26.53 
17.93 
17.61 
30.04 
11.26 
29.91 
30.10 
30.29 
28.92 
12.01 
27.39 
18.25 
8.76 
30.02 
24.15 
8.26 
12.07 
26.77 
17.61 
8.28 
8.29 
8.29 
8.29 
8.30 
22.47 
9.51 
23.85 
23.50 
20.91 
27.30 
11.58 
14.34 
20.55 
8.28 
22.09 
12.07 
8.27 
22.06 
29.99 
27.73 
19.62 
14.09 
30.62 
10.11 
19.22 
23.51 
20.91 
8.16 
14.34 
22.41 
8.12 
8.11 
18.74 
8.08 
8.06 
16.79 
23.62 
17.77 
16.54 
16.52 
25.21 
22.96 
23.61 
20.67 
20.98 
12.26 
12.41 
12.04 
16.42 
29.11 
26.01 
25.12 
20.51 
16.75 
22.78 
22.90 
21.34 
7.52 
19.23 
19.52 
9.60 
14.57 
20.20 
19.48 
23.90 
19.03 
13.52 
10.33 
7.16 
25.54 
26.45 
18.68 
16.00 
12.52 
16.86 
18.09 
16.41 
6.83 
24.96 
25.67 
23.18 
19.90 
21.25 
23.39 
19.66 
7.61 
15.88 
6.42 
13.39 
23.73 
23.32 
22.44 
20.80 
20.55 
19.53 
18.22 
7.24 
5.99 
20.93 
5.90 
14.18 
5.81 
5.76 
5.72 
9.76 
5.62 
5.58 
14.02 
19.51 
19.68 
18.72 
15.22 
5.30 
5.26 
17.98 
13.72 
17.06 
11.22 
17.52 
15.92 
16.75 
16.77 
17.05 
14.03 
12.62 
16.57 
9.98 
15.70 
6.89 
4.54 
10.18 
16.01 
15.40 
15.66 
15.30 
13.97 
4.24 
13.16 
9.58 
14.41 
14.30 
14.20 
14.33 
12.83 
13.44 
12.42 
6.15 
12.70 
12.72 
11.96 
11.66 
3.69 
6.53 
3.63 
11.45 
10.62 
12.17 
12.74 
11.91 
12.37 
11.56 
9.18 
3.37 
8.66 
12.03 
9.70 
11.50 
11.23 
11.18 
11.43 
11.08 
10.83 
5.98 
10.95 
10.81 
10.97 
11.23 
5.67 
9.59 
3.08 
9.15 
3.06 
7.94 
10.56 
10.55 
10.15 
9.94 
9.74 
8.67 
3.02 
10.51 
10.32 
10.13 
9.16 
10.05 
7.92 
5.98 
3.05 
9.92 
10.33 
11.05 
10.85 
8.12 
3.10 
6.28 
3.12 
3.14 
8.46 
8.09 
11.35 
11.30 
11.14 
11.40 
11.87 
11.51 
10.13 
10.49 
8.67 
11.87 
3.40 
3.43 
11.97 
10.55 
12.45 
12.52 
12.71 
12.69 
12.77 
10.53 
10.61 
3.73 
3.76 
3.80 
3.83 
6.74 
7.61 
3.94 
3.98 
4.02 
4.06 
8.51 
14.47 
12.03 
4.22 
4.26 
4.30 
12.15 
6.63 
4.43 
4.47 
4.51 
16.07 
15.29 
15.53 
4.69 
4.73 
4.78 
4.82 
13.28 
7.47 
8.61 
5.01 
13.94 
5.10 
16.76 
18.40 
5.24 
18.78 
17.48 
5.38 
8.43 
5.47 
17.93 
20.94 
18.00 
19.28 
19.24 
20.53 
17.83 
15.99 
5.89 
21.14 
19.74 
12.25 
21.32 
17.91 
10.01 
19.02 
17.10 
10.65 
8.52 
21.89 
11.14 
18.93 
20.12 
14.97 
24.28 
22.78 
22.39 
23.93 
13.86 
12.46 
19.65 
19.24 
6.92 
6.96 
23.05 
22.47 
7.07 
7.11 
22.03 
23.75 
15.52 
10.24 
12.95 
25.02 
25.42 
24.48 
17.15 
22.92 
18.76 
8.86 
23.59 
26.35 
24.20 
22.89 
25.82 
24.85 
25.58 
7.73 
7.76 
7.78 
21.82 
7.83 
7.86 
7.88 
12.87 
5628.69 
28.20 
26.69 
23.28 
8.00 
23.50 
29.55 
17.70 
26.33 
23.60 
8.11 
8.12 
21.94 
28.34 
28.53 
26.65 
27.87 
20.63 
27.04 
27.39 
8.23 
16.36 
19.13 
27.44 
30.90 
29.70 
20.89 
21.59 
22.80 
8.29 
8.29 
8.29 
8.30 
8.30 
28.17 
23.16 
30.76 
28.34 
30.06 
28.16 
25.21 
17.44 
23.82 
27.96 
30.19 
29.15 
28.45 
26.71 
26.87 
18.24 
8.23 
18.39 
8.21 
26.11 
12.84 
24.35 
28.12 
8.15 
22.92 
25.65 
8.11 
8.09 
8.08 
16.64 
8.04 
11.45 
23.08 
8.67 
12.24 
26.92 
25.86 
9.78 
11.46 
17.40 
20.44 
23.80 
17.82 
22.20 
19.44 
7.72 
7.69 
7.66 
7.63 
7.61 
7.58 
7.55 
5510.18 
27.78 
27.89 
26.99 
7.40 
7.37 
9.50 
20.58 
18.54 
11.70 
7.20 
7.16 
22.42 
7.09 
7.06 
13.71 
25.06 
17.67 
9.50 
24.98 
23.76 
23.03 
21.02 
12.63 
6.67 
6.63 
6.59 
6.55 
6.51 
23.73 
6.42 
17.14 
16.74 
16.51 
17.04 
18.50 
19.02 
20.90 
17.01 
6.03 
15.32 
21.98 
21.27 
18.49 
7.88 
19.46 
16.71 
11.22 
17.83 
12.95 
18.05 
17.80 
19.11 
18.43 
18.60 
18.21 
17.67 
5.77 
9.72 
5.12 
5.07 
5.03 
13.62 
17.55 
17.30 
16.92 
16.80 
16.69 
14.36 
17.24 
15.96 
14.69 
15.35 
13.73 
15.26 
14.53 
12.44 
13.21 
12.38 
10.70 
4.20 
6.45 
5.92 
14.66 
13.73 
13.40 
13.18 
12.39 
9.54 
3.86 
3.82 
3.79 
3.76 
3.72 
3.69 
3.66 
7.36 
3.59 
12.36 
11.96 
11.13 
11.70 
11.20 
11.45 
6.87 
9.65 
9.91 
3.33 
3.30 
3.28 
10.31 
10.27 
3.22 
10.48 
10.03 
8.28 
11.05 
10.21 
3.12 
3.11 
8.33 
3.09 
3.08 
6.01 
3.06 
3.05 
3.04 
3.04 
9.85 
9.65 
10.52 
10.32 
10.22 
10.12 
3.03 
3.03 
9.65 
3.03 
10.84 
9.59 
9.80 
10.80 
10.14 
10.36 
3.09 
3.10 
10.75 
9.89 
9.52 
9.36 
3.17 
3.19 
7.15 
3.22 
10.48 
11.46 
11.20 
11.37 
9.97 
5.96 
3.38 
3.40 
3.43 
11.01 
11.73 
12.01 
7.44 
12.50 
9.84 
10.13 
3.66 
13.17 
11.24 
11.21 
11.29 
13.54 
10.53 
3.91 
3.94 
3.98 
4.02 
4.06 
4.10 
4.14 
4.18 
11.64 
4.26 
4.30 
12.15 
4.38 
16.11 
16.22 
16.34 
15.18 
14.39 
13.84 
14.34 
4.73 
4.78 
14.78 
4.87 
4.92 
7.39 
14.25 
7.51 
13.90 
8.46 
12.42 
9.15 
5.29 
19.74 
20.58 
13.99 
10.64 
5.52 
5.57 
8.82 
17.52 
11.74 
5.75 
5.80 
19.57 
13.98 
5.94 
15.81 
6.03 
18.88 
21.73 
16.15 
21.18 
6.25 
6.30 
6.34 
22.05 
22.93 
18.30 
18.38 
10.84 
16.16 
20.54 
21.43 
8.97 
6.76 
6.80 
6.84 
25.09 
9.53 
21.67 
19.29 
7.03 
18.60 
7.11 
7.14 
7.18 
19.01 
27.22 
24.46 
7.32 
24.25 
20.79 
27.23 
27.29 
26.01 
27.92 
22.91 
14.00 
7.60 
20.01 
29.05 
24.17 
16.22 
17.62 
29.42 
28.61 
26.43 
22.88 
9.74 
25.86 
7.90 
7.92 
29.06 
30.12 
28.09 
15.05 
25.05 
27.32 
28.55 
27.88 
8.09 
8.11 
20.54 
19.00 
27.30 
17.65 
23.71 
16.48 
8.20 
22.72 
25.32 
16.00 
19.81 
8.25 
8.25 
20.36 
25.72 
26.59 
21.93 
25.91 
26.61 
26.61 
23.16 
23.68 
28.86 
27.31 
26.44 
13.83 
24.36 
26.26 
8.29 
13.30 
26.59 
27.79 
16.91 
8.27 
8.27 
27.58 
25.85 
21.35 
21.69 
28.74 
9.77 
19.41 
8.20 
8.19 
22.98 
8.16 
8.15 
8.14 
8.12 
22.37 
9.47 
21.46 
8.06 
27.59 
24.99 
8.01 
11.24 
21.99 
10.17 
15.10 
15.93 
20.16 
25.07 
24.52 
21.76 
7.79 
21.35 
21.14 
7.72 
13.78 
27.78 
24.69 
13.17 
7.58 
7.55 
7.52 
5502.12 
7.46 
9.43 
27.76 
25.36 
24.96 
15.44 
7.27 
7.23 
7.20 
16.55 
7.13 
7.09 
23.59 
7.02 
6.98 
5331.45 
22.31 
15.92 
6.83 
5275.73 
6.75 
6.71 
6.67 
6.63 
6.59 
6.55 
6.51 
6.47 
12.68 
20.56 
5094.91 
19.60 
9.49 
9.13 
13.66 
6.12 
6.08 
6.03 
9.45 
5.94 
22.02 
21.46 
5.81 
14.45 
8.65 
19.24 
16.23 
13.96 
15.31 
7.35 
20.25 
20.27 
19.73 
19.33 
18.79 
6.88 
11.24 
10.88 
5.07 
17.38 
11.46 
14.60 
14.63 
17.98 
15.75 
6.33 
4.71 
4.67 
4.62 
4.58 
8.86 
4.49 
4.45 
11.53 
7.59 
13.95 
15.56 
14.96 
13.53 
13.07 
11.78 
11.09 
14.55 
14.33 
12.48 
12.51 
14.03 
12.33 
11.79 
11.03 
12.75 
12.55 
12.80 
10.17 
11.42 
12.66 
11.60 
3.53 
12.10 
12.02 
8.97 
11.67 
10.65 
11.22 
10.95 
10.06 
10.42 
10.88 
10.42 
10.16 
3.22 
11.18 
10.73 
9.59 
9.15 
10.81 
10.87 
9.94 
9.32 
10.48 
10.55 
9.54 
3.06 
10.58 
10.46 
10.74 
10.44 
10.14 
10.13 
8.37 
10.12 
9.34 
3.03 
9.35 
3.03 
10.54 
10.65 
10.76 
10.58 
10.70 
10.43 
10.46 
3.09 
3.10 
9.65 
3.12 
10.72 
7.76 
3.97 
11.05 
5.73 
11.25 
10.79 
10.74 
9.35 
11.26 
11.01 
10.34 
10.19 
3.40 
3.43 
3.45 
3.48 
11.91 
10.79 
11.52 
3.60 
3.63 
3.66 
12.61 
12.81 
12.90 
13.67 
13.31 
10.07 
11.77 
3.94 
13.35 
4.02 
12.24 
4.10 
4.14 
13.61 
9.08 
6.95 
14.77 
14.26 
6.26 
7.69 
4.47 
4.51 
4.56 
4.60 
4.64 
13.03 
6.70 
4.78 
4.82 
4.87 
4.92 
17.39 
16.83 
18.86 
16.92 
12.61 
12.84 
18.66 
17.79 
19.74 
20.15 
17.28 
19.11 
17.49 
5.57 
20.91 
20.30 
21.01 
14.03 
10.25 
5.85 
16.53 
21.59 
19.89 
22.73 
21.93 
22.04 
22.46 
22.41 
22.21 
21.53 
21.95 
6.38 
6.43 
23.98 
22.50 
20.37 
14.08 
18.78 
19.50 
23.12 
12.73 
24.75 
22.73 
22.82 
21.27 
25.76 
22.89 
23.95 
26.01 
24.27 
21.70 
7.18 
20.67 
16.90 
25.96 
22.02 
16.39 
26.49 
27.23 
10.30 
24.83 
22.18 
12.77 
22.29 
20.30 
7.62 
25.14 
20.26 
7.71 
7.73 
9.98 
24.34 
27.97 
27.84 
28.05 
26.72 
26.76 
13.93 
23.56 
19.30 
7.98 
19.35 
25.57 
28.87 
17.01 
27.88 
24.29 
22.93 
26.92 
13.14 
21.26 
23.52 
30.10 
28.73 
28.92 
27.73 
21.00 
8.23 
25.00 
27.60 
16.38 
22.43 
8.27 
29.01 
27.29 
8.28 
8.29 
8.29 
8.29 
22.99 
25.06 
25.41 
25.75 
8.30 
8.30 
8.30 
10.02 
29.36 
14.85 
23.82 
24.68 
21.91 
8.27 
8.26 
8.26 
19.80 
16.17 
8.23 
29.59 
29.74 
27.49 
18.17 
24.35 
21.93 
19.16 
8.14 
8.12 
20.99 
8.09 
8.08 
8.06 
8.04 
8.02 
8.01 
21.34 
22.51 
23.50 
22.27 
17.63 
7.88 
7.86 
26.91 
19.55 
7.79 
7.77 
26.06 
7.72 
7.69 
7.66 
15.06 
22.78 
21.89 
19.15 
11.72 
11.01 
7.46 
7.43 
7.40 
14.70 
7.33 
7.30 
7.27 
25.59 
21.89 
20.84 
21.10 
18.58 
7.06 
7.02 
22.13 
18.32 
16.96 
6.87 
6.83 
6.79 
6.75 
6.71 
21.66 
13.47 
9.28 
6.55 
14.70 
6.47 
6.42 
6.38 
6.34 
6.30 
6.25 
14.50 
6.17 
6.12 
6.08 
21.76 
22.10 
21.98 
21.72 
20.42 
19.42 
19.31 
19.35 
13.84 
5.62 
14.54 
12.01 
5.49 
5.44 
18.01 
5.35 
4600.46 
17.81 
15.90 
5.17 
5.12 
5.07 
5.03 
4.98 
15.14 
16.10 
17.05 
16.28 
15.77 
15.92 
7.78 
11.97 
9.19 
4.54 
4.49 
14.51 
15.15 
4.37 
14.93 
12.62 
13.38 
6.75 
7.29 
9.62 
4.08 
4.05 
4.01 
3.97 
3.93 
3.90 
3.86 
11.90 
12.05 
11.51 
4.95 
12.80 
11.72 
3.63 
3.59 
3.56 
10.12 
3521.51 
3502.56 
3.45 
3465.99 
11.81 
5.47 
3.35 
3.33 
3.30 
3.28 
3.26 
3.24 
5.25 
3.20 
3.18 
3.17 
3.15 
3.14 
3.12 
11.73 
9.52 
10.48 
10.25 
10.43 
3.06 
9.60 
9.29 
10.06 
5.96 
3.03 
3.03 
3.03 
9.44 
7.79 
10.51 
10.32 
10.53 
6.64 
3.04 
3.04 
3.05 
3.06 
3.07 
3.08 
3.09 
10.91 
10.25 
10.18 
9.22 
3.15 
3.17 
3.19 
6.24 
10.74 
10.38 
8.18 
3.28 
3.31 
3.33 
3.35 
3.38 
3.40 
3.43 
3.45 
9.48 
11.05 
12.52 
12.61 
10.83 
10.79 
6.10 
3.70 
3.73 
3.76 
8.68 
11.60 
12.03 
3.91 
7.78 
12.88 
13.92 
12.83 
4.10 
14.47 
14.21 
4.22 
4.26 
4.30 
11.53 
15.12 
15.98 
16.10 
15.58 
12.62 
4.60 
4.64 
16.03 
4.73 
9.13 
14.91 
12.75 
15.80 
13.20 
5.01 
5.05 
5.10 
13.03 
8.25 
17.12 
16.81 
5.33 
8.08 
17.71 
18.39 
5.52 
17.02 
17.42 
5.66 
14.09 
18.46 
5.80 
5.85 
5.89 
5.94 
5.98 
21.36 
20.10 
18.98 
19.69 
19.79 
15.24 
18.89 
17.11 
19.38 
18.69 
6.47 
22.66 
21.16 
20.30 
23.42 
22.87 
21.67 
6.76 
6.80 
6.84 
6.88 
23.71 
19.54 
21.25 
23.13 
7.07 
7.11 
7.14 
7.18 
7.21 
7.25 
7.28 
7.32 
25.93 
27.50 
23.20 
23.26 
26.51 
22.69 
21.90 
21.61 
26.40 
26.79 
27.18 
27.57 
23.03 
18.98 
16.29 
21.61 
7.81 
11.94 
24.46 
26.55 
28.47 
29.02 
28.88 
24.97 
20.19 
22.10 
11.98 
8.04 
8.06 
21.68 
27.56 
26.72 
28.81 
26.42 
16.26 
27.32 
26.30 
8.19 
8.20 
16.85 
28.60 
26.37 
8.24 
20.86 
23.81 
28.65 
22.61 
27.63 
28.33 
21.25 
28.68 
30.24 
29.03 
28.17 
27.65 
27.48 
20.39 
23.33 
19.70 
11.92 
14.17 
8.29 
14.33 
8.28 
8.28 
8.27 
21.21 
29.14 
24.99 
26.70 
11.34 
24.60 
27.69 
8.21 
8.20 
8.19 
22.81 
27.43 
28.79 
12.78 
9.67 
25.29 
23.03 
17.52 
17.84 
15.24 
9.74 
8.01 
20.31 
23.70 
24.87 
23.98 
10.47 
7.88 
14.17 
22.65 
7.81 
7.79 
14.22 
17.41 
17.20 
12.94 
7.66 
16.92 
22.11 
20.04 
13.10 
24.99 
19.06 
7.46 
10.77 
7.40 
25.19 
22.47 
7.30 
7.27 
19.97 
9.51 
18.20 
24.06 
22.35 
24.24 
20.25 
20.99 
6.95 
6.91 
24.01 
19.09 
6.79 
6.75 
7.19 
23.41 
23.00 
6.59 
6.55 
8.71 
16.20 
16.90 
10.59 
14.26 
19.14 
21.52 
22.34 
22.23 
20.90 
19.28 
19.34 
15.02 
17.64 
5.90 
18.04 
7.88 
5.76 
5.72 
9.76 
17.83 
20.32 
20.21 
19.51 
19.26 
17.72 
16.91 
15.12 
15.72 
17.01 
7.51 
11.71 
17.77 
17.24 
13.89 
13.93 
14.77 
13.74 
4.80 
6.99 
17.23 
14.13 
12.09 
14.05 
4.54 
15.24 
14.00 
15.90 
13.93 
4.33 
14.70 
13.26 
5.78 
14.03 
13.57 
13.59 
4.05 
4.01 
5.49 
13.09 
12.54 
3.86 
12.59 
3.79 
3.76 
12.44 
9.13 
12.49 
11.97 
9.93 
7.80 
10.66 
11.45 
11.70 
3.45 
3.42 
3.40 
9.55 
10.53 
3.33 
10.94 
9.85 
10.31 
3.24 
5.86 
3.20 
3.18 
10.49 
4.95 
10.51 
9.38 
9.25 
10.01 
9.99 
3.08 
3.07 
3.06 
3.05 
3.04 
3.04 
3.03 
3.03 
6.63 
3.03 
3.02 
3.02 
6.62 
10.62 
6.92 
10.05 
5.48 
3.04 
3.05 
7.37 
10.43 
10.46 
10.36 
10.09 
10.22 
9.46 
8.99 
3.14 
3.15 
3.17 
3.19 
3.20 
3.22 
8.54 
3.26 
3.28 
3.31 
3.33 
11.07 
11.24 
3.40 
3.43 
3.45 
3.48 
3.51 
11.01 
10.32 
9.84 
3.63 
3.66 
3.70 
3.73 
3.76 
11.29 
13.08 
3.87 
6.68 
3.94 
3.98 
5.79 
11.41 
12.57 
4.14 
4.18 
11.76 
12.95 
6.02 
12.77 
4.38 
4.43 
4.47 
4.51 
4.56 
4.60 
15.01 
10.95 
4.73 
4.78 
12.13 
4.87 
4.92 
4.96 
14.25 
18.18 
17.88 
17.31 
5.19 
16.56 
17.51 
14.80 
19.44 
12.85 
5.47 
5.52 
8.18 
17.71 
5.66 
16.45 
13.44 
16.05 
15.99 
14.73 
18.13 
15.66 
18.33 
18.27 
16.37 
19.54 
21.33 
6.25 
16.25 
14.61 
20.48 
21.67 
21.46 
10.63 
6.55 
24.28 
19.10 
15.34 
24.41 
24.18 
24.11 
24.36 
23.96 
24.20 
23.63 
20.76 
20.67 
7.07 
7.11 
15.08 
22.59 
7.21 
16.57 
24.46 
26.53 
26.43 
21.97 
15.81 
22.42 
24.15 
23.20 
15.14 
23.64 
24.03 
15.09 
7.65 
7.68 
7.71 
7.73 
29.08 
28.27 
26.78 
21.51 
7.86 
27.92 
25.90 
7.92 
23.22 
27.20 
28.09 
22.10 
19.38 
21.64 
24.24 
13.59 
8.09 
15.52 
8.12 
26.42 
28.51 
22.14 
14.91 
8.19 
20.98 
26.69 
23.08 
12.38 
8.24 
8.25 
8.25 
8.26 
23.65 
29.70 
28.85 
27.47 
24.19 
24.36 
8.29 
12.96 
8.30 
8.30 
8.30 
8.30 
26.95 
18.83 
23.15 
20.03 
30.39 
28.66 
27.96 
20.01 
19.31 
22.58 
27.06 
20.32 
29.10 
22.88 
24.76 
15.27 
8.20 
8.19 
8.18 
8.16 
8.15 
8.14 
8.12 
29.58 
24.92 
8.08 
8.06 
26.56 
24.30 
8.01 
23.56 
24.56 
7.95 
7.93 
7.91 
25.79 
7.86 
28.95 
19.38 
17.14 
11.16 
21.14 
23.64 
21.40 
7.66 
7.63 
13.51 
25.43 
23.86 
9.70 
7.49 
17.34 
18.96 
20.08 
22.86 
25.96 
23.74 
25.50 
23.28 
13.64 
11.78 
17.65 
24.15 
9.18 
5357.29 
17.57 
9.55 
24.41 
19.32 
23.12 
20.14 
17.66 
6.71 
6.67 
11.88 
21.64 
10.02 
6.51 
9.45 
10.33 
6.38 
11.93 
20.53 
15.04 
16.35 
9.53 
6.12 
9.87 
6.03 
5.99 
5.94 
5.90 
5.85 
21.05 
17.25 
19.65 
11.65 
16.52 
5.58 
5.53 
5.49 
12.70 
13.19 
14.94 
5.30 
8.88 
5.21 
8.75 
5.12 
16.27 
16.02 
13.76 
7.35 
4.89 
13.87 
11.92 
7.77 
4.71 
13.09 
16.34 
9.70 
8.99 
13.22 
14.88 
14.65 
14.79 
10.37 
4.28 
4.24 
11.10 
4.16 
4.12 
7.89 
13.02 
12.34 
10.38 
12.51 
14.03 
3.86 
3.82 
12.61 
11.74 
13.00 
3.69 
9.73 
11.09 
12.33 
11.81 
12.06 
12.10 
9.03 
3.45 
3.42 
3.40 
6.62 
11.26 
9.44 
11.35 
11.39 
11.13 
10.98 
10.32 
10.17 
10.73 
9.19 
5.95 
3.14 
3.12 
3.11 
10.80 
8.51 
10.45 
10.72 
10.01 
10.09 
3.04 
3.04 
3.03 
3.03 
3.03 
8.86 
3.02 
3.02 
3.03 
3.03 
3.03 
10.93 
10.06 
9.69 
11.07 
10.80 
10.43 
10.46 
8.61 
10.32 
9.95 
5.71 
3.14 
3.15 
3.17 
3.19 
9.07 
3.22 
10.38 
9.71 
7.71 
3.31 
3.33 
3.35 
11.13 
4.56 
12.22 
11.76 
11.73 
3.51 
3.54 
11.63 
11.81 
7.49 
11.31 
4.48 
8.55 
3.76 
3.80 
3.83 
11.11 
5.06 
3.94 
3.98 
4.02 
4.06 
13.41 
13.39 
4.18 
4.22 
11.24 
13.17 
4.34 
4.38 
6.56 
14.45 
12.14 
4.56 
4.60 
4.64 
4.69 
4.73 
8.21 
4.82 
11.41 
4.92 
16.31 
16.02 
5.05 
13.76 
12.61 
12.98 
7.62 
9.78 
5.33 
15.04 
15.56 
5.47 
19.66 
20.94 
20.62 
16.64 
8.06 
5.75 
7.88 
22.11 
21.63 
20.09 
18.08 
19.39 
17.66 
17.75 
12.31 
19.02 
19.26 
13.45 
11.18 
22.20 
20.26 
20.98 
23.61 
23.86 
23.01 
21.98 
22.55 
22.80 
6.76 
6.80 
6.84 
21.84 
23.88 
6.96 
6.99 
7.03 
7.07 
8.76 
7.14 
7.18 
23.99 
22.89 
25.29 
15.84 
7.35 
25.32 
25.55 
25.61 
23.48 
19.32 
25.62 
16.53 
25.04 
25.10 
27.01 
21.96 
7.71 
7.73 
7.76 
7.78 
28.66 
18.61 
13.85 
27.06 
23.16 
25.25 
22.88 
21.36 
26.20 
27.26 
28.15 
22.84 
8.06 
16.00 
28.94 
27.07 
29.33 
28.84 
24.71 
8.16 
14.74 
18.20 
28.75 
19.61 
20.31 
8.23 
5669.45 
18.96 
29.51 
22.61 
21.06 
28.67 
20.20 
22.11 
8.29 
8.29 
8.29 
8.30 
8.30 
5669.89 
12.79 
8.30 
8.30 
8.30 
8.29 
15.03 
15.54 
27.10 
13.98 
23.46 
12.41 
8.26 
8.26 
12.04 
11.86 
21.67 
20.63 
8.21 
8.20 
8.19 
25.90 
15.91 
26.04 
24.30 
28.06 
13.43 
21.66 
26.27 
25.04 
25.19 
16.59 
8.01 
13.12 
14.98 
24.36 
25.01 
14.05 
13.85 
7.86 
7.84 
11.22 
19.69 
9.97 
7.74 
7.72 
7.69 
7.66 
5539.64 
7.61 
24.25 
19.15 
17.26 
22.75 
11.98 
24.31 
25.42 
18.70 
7.33 
11.28 
23.34 
15.83 
19.58 
10.13 
7.13 
21.20 
22.93 
9.47 
11.22 
19.13 
8.53 
6.87 
6.83 
6.79 
8.68 
23.66 
24.53 
21.41 
6.59 
6.55 
6.51 
9.60 
10.18 
6.38 
6.34 
6.30 
6.25 
6.21 
6.17 
6.12 
17.46 
12.99 
5.99 
5.94 
11.87 
5.85 
5.81 
5.76 
5.72 
7.42 
5.62 
13.38 
13.73 
5.49 
10.00 
5.39 
5.35 
15.40 
16.70 
13.95 
5.17 
5.12 
5.07 
5.03 
4.98 
18.49 
18.37 
16.39 
17.20 
16.95 
12.27 
4.67 
4.62 
4.58 
4.54 
4.49 
4.45 
8.53 
4.37 
13.82 
12.25 
4.24 
4.20 
4.16 
4.12 
13.47 
14.32 
12.81 
7.70 
7.87 
3.90 
3.86 
6.78 
3.79 
3.76 
12.77 
11.80 
9.84 
3.63 
11.35 
11.05 
9.04 
3.51 
3.48 
3.45 
3.42 
3.40 
4.42 
3.35 
3.33 
3.30 
8.42 
3.26 
9.76 
11.23 
5.12 
5.70 
10.89 
11.05 
3.14 
7.39 
5.49 
3.10 
10.38 
3.08 
11.11 
10.40 
7.06 
4.90 
10.74 
10.34 
10.14 
5.56 
8.57 
10.71 
9.25 
8.37 
8.96 
9.65 
3.03 
3.04 
10.27 
10.39 
8.84 
10.92 
