20050101
8.88 
9.60 
10.22 
10.25 
3.12 
6.53 
10.56 
10.90 
5.71 
10.59 
11.35 
11.60 
10.94 
11.82 
12.09 
11.74 
11.70 
11.87 
12.99 
12.33 
3.45 
3.48 
7.49 
8.19 
4.44 
3.60 
11.12 
10.09 
12.06 
6.98 
12.79 
12.31 
11.37 
3.87 
3.91 
3.94 
3.98 
4.02 
4.06 
9.47 
4.14 
4.18 
10.18 
12.46 
8.74 
4.34 
7.63 
4.43 
8.89 
16.34 
16.97 
16.32 
15.53 
9.12 
12.21 
15.47 
16.24 
10.35 
17.95 
14.96 
14.66 
15.31 
17.33 
19.66 
19.93 
19.08 
18.22 
18.19 
8.93 
20.99 
20.26 
20.96 
17.60 
20.18 
9.03 
20.57 
20.09 
13.82 
7.93 
5.89 
14.07 
21.86 
22.88 
22.08 
20.81 
20.15 
18.71 
19.42 
21.07 
19.61 
9.52 
22.46 
23.66 
22.97 
14.97 
22.37 
19.58 
6.68 
19.10 
17.08 
8.90 
23.87 
25.58 
23.88 
20.69 
20.76 
24.77 
19.91 
20.47 
25.34 
25.91 
25.32 
21.89 
20.45 
27.20 
25.42 
26.83 
23.87 
25.78 
18.59 
28.09 
26.29 
25.16 
7.60 
23.23 
27.69 
28.08 
28.30 
26.82 
21.40 
28.78 
24.04 
7.83 
25.66 
13.36 
7.90 
7.92 
29.06 
12.09 
22.59 
22.96 
27.46 
25.94 
17.18 
13.41 
19.12 
21.72 
14.16 
8.14 
22.30 
18.86 
29.93 
29.60 
26.68 
24.62 
8.22 
28.10 
26.03 
15.16 
11.37 
25.72 
28.32 
25.56 
24.35 
29.54 
29.03 
22.46 
25.75 
23.33 
25.23 
26.79 
24.19 
22.98 
28.16 
20.39 
8.29 
13.64 
24.17 
8.28 
17.77 
15.87 
17.93 
8.26 
26.19 
27.22 
24.62 
25.98 
28.38 
19.41 
21.81 
28.50 
25.73 
26.06 
24.49 
27.56 
25.14 
18.93 
11.70 
8.08 
15.61 
24.67 
17.11 
8.01 
19.63 
21.14 
24.01 
20.05 
10.12 
28.52 
19.28 
20.95 
19.55 
12.72 
22.54 
21.82 
25.33 
23.43 
21.02 
9.32 
23.12 
18.02 
23.36 
24.15 
21.24 
17.17 
13.11 
22.08 
7.37 
5457.42 
21.75 
26.66 
16.99 
19.74 
18.37 
7.13 
23.66 
18.68 
17.31 
21.16 
19.62 
10.80 
24.82 
24.73 
22.39 
6.75 
20.94 
22.46 
23.00 
22.59 
19.82 
24.77 
22.79 
23.16 
20.25 
21.40 
16.97 
6.87 
6.21 
19.32 
21.82 
15.34 
6.03 
5.99 
7.14 
12.17 
19.82 
18.53 
6.20 
15.10 
11.80 
5.62 
5.58 
6.11 
5.49 
5.44 
9.93 
19.59 
18.77 
5.26 
19.64 
17.86 
19.12 
18.72 
11.41 
4.98 
15.41 
16.10 
18.38 
17.60 
16.30 
4.71 
4.67 
4.62 
11.88 
8.23 
12.59 
16.64 
15.40 
11.19 
12.71 
15.56 
13.62 
14.86 
15.35 
12.49 
14.07 
11.96 
13.86 
5.14 
14.48 
13.57 
12.22 
13.50 
11.71 
13.42 
3.72 
3.69 
11.83 
9.99 
7.52 
12.03 
9.26 
5.01 
5.61 
12.59 
12.72 
12.65 
12.27 
12.41 
12.44 
9.70 
11.29 
11.54 
11.79 
10.42 
11.08 
9.53 
11.39 
11.65 
11.11 
10.67 
9.75 
10.41 
3.78 
10.35 
10.23 
11.38 
10.78 
11.25 
11.33 
10.83 
11.21 
10.81 
9.05 
11.19 
11.09 
11.58 
10.71 
10.23 
10.63 
9.09 
3.04 
8.24 
3.06 
4.15 
6.72 
3.09 
3.10 
3.11 
3.12 
12.02 
11.56 
10.60 
11.45 
11.40 
8.30 
3.24 
5.41 
11.20 
9.40 
3.33 
3.35 
3.38 
3.40 
8.83 
7.07 
9.80 
10.83 
6.14 
10.54 
13.02 
11.23 
3.66 
3.70 
3.73 
8.28 
10.38 
12.17 
4.33 
12.12 
3.94 
9.95 
14.98 
14.73 
15.32 
15.55 
13.12 
14.31 
12.09 
10.09 
7.32 
13.99 
15.48 
15.84 
16.98 
16.59 
6.27 
17.08 
11.99 
12.73 
7.81 
4.82 
4.87 
14.32 
18.47 
18.46 
16.54 
18.43 
18.00 
16.04 
17.12 
7.39 
11.97 
12.20 
5.43 
18.68 
20.96 
17.60 
19.60 
20.74 
6.59 
20.83 
19.76 
14.50 
7.39 
21.89 
18.53 
22.12 
22.39 
20.66 
18.77 
23.49 
23.14 
21.69 
21.32 
16.41 
24.03 
17.67 
6.51 
18.15 
19.34 
23.58 
18.54 
12.67 
22.89 
16.02 
17.87 
19.24 
21.76 
23.96 
22.89 
21.65 
17.94 
26.91 
24.67 
21.76 
26.65 
25.55 
24.79 
11.83 
22.08 
22.13 
25.38 
26.28 
26.01 
23.03 
13.96 
20.93 
8.61 
22.89 
25.14 
24.00 
27.11 
7.73 
27.54 
7.78 
10.37 
23.91 
27.88 
28.26 
26.41 
24.22 
15.67 
28.06 
7.98 
10.41 
27.29 
28.69 
12.19 
8.94 
14.81 
30.17 
30.02 
24.52 
22.99 
27.49 
28.37 
9.57 
5666.46 
26.00 
26.36 
22.74 
25.52 
30.02 
20.01 
29.69 
30.22 
17.26 
9.32 
27.12 
30.58 
28.17 
28.34 
25.92 
20.57 
8.30 
9.51 
15.56 
28.85 
27.12 
18.48 
27.29 
18.82 
12.95 
23.64 
20.70 
26.04 
15.85 
15.15 
24.11 
26.34 
28.74 
18.90 
21.13 
10.44 
16.45 
20.74 
20.72 
22.43 
18.11 
23.59 
13.09 
22.34 
9.45 
15.44 
8.04 
17.11 
8.01 
16.72 
17.72 
11.88 
8.95 
22.58 
25.28 
16.21 
20.78 
17.34 
25.12 
15.24 
16.39 
24.32 
22.58 
24.23 
18.95 
19.75 
20.38 
15.12 
20.79 
25.10 
12.99 
7.43 
20.75 
25.53 
15.15 
18.26 
23.01 
7.23 
7.20 
7.16 
16.17 
17.26 
7.06 
23.68 
12.68 
6.95 
6.91 
6.87 
7.64 
18.85 
17.98 
14.71 
6.67 
23.64 
24.34 
18.24 
24.30 
24.83 
24.41 
21.81 
23.27 
18.37 
6.25 
20.80 
22.54 
15.87 
16.70 
18.88 
6.59 
5.94 
18.59 
17.15 
5.81 
10.62 
5.72 
5.67 
17.10 
16.71 
6.83 
19.51 
18.83 
17.86 
14.94 
17.64 
17.11 
14.23 
13.03 
19.12 
18.18 
17.92 
11.73 
15.81 
14.63 
17.05 
4.80 
5.28 
4.71 
13.61 
4.62 
4.58 
17.26 
14.61 
4.45 
12.40 
8.09 
11.73 
15.69 
13.02 
11.47 
15.23 
15.24 
12.88 
14.32 
14.45 
14.58 
14.71 
14.26 
10.50 
10.99 
13.40 
13.99 
13.11 
13.24 
13.82 
13.29 
12.55 
11.38 
3.53 
6.94 
8.28 
12.37 
5.96 
3.40 
3.37 
3.35 
3.33 
3.30 
11.19 
12.05 
10.88 
11.13 
11.69 
11.03 
7.78 
9.15 
3.14 
3.12 
3.61 
10.21 
10.58 
10.35 
6.21 
10.70 
10.97 
10.37 
10.94 
10.44 
8.77 
9.45 
10.32 
9.83 
9.93 
7.21 
3.03 
3.03 
8.30 
5.67 
3.04 
3.05 
3.06 
3.07 
7.41 
10.58 
10.71 
3.11 
9.49 
11.32 
9.16 
10.90 
10.64 
10.79 
9.93 
10.48 
11.05 
8.22 
3.31 
10.80 
11.59 
11.66 
6.25 
9.15 
12.19 
3.48 
9.75 
3.54 
7.60 
10.83 
11.34 
13.75 
12.39 
14.16 
13.47 
13.90 
13.31 
13.64 
12.58 
12.79 
11.36 
4.02 
8.33 
14.96 
15.07 
14.21 
11.64 
9.65 
15.88 
15.25 
13.12 
12.97 
7.38 
14.30 
15.69 
12.58 
17.21 
6.64 
14.83 
16.79 
11.99 
15.82 
4.92 
4.96 
5.01 
5.05 
9.50 
19.66 
19.09 
19.36 
11.19 
9.85 
20.01 
19.85 
16.52 
9.27 
9.63 
5.61 
5.66 
5.71 
9.30 
10.55 
15.09 
19.83 
17.98 
5.98 
20.00 
22.69 
19.74 
16.92 
21.48 
22.52 
10.03 
21.79 
18.91 
23.72 
24.29 
21.23 
13.38 
19.66 
24.22 
23.67 
23.77 
20.31 
16.50 
17.87 
22.98 
18.98 
8.92 
21.58 
25.43 
23.37 
19.81 
24.67 
21.43 
19.34 
7.25 
23.46 
26.03 
18.39 
22.13 
21.52 
23.42 
18.43 
26.74 
23.08 
24.82 
25.89 
27.64 
22.60 
26.21 
21.32 
26.82 
21.40 
17.17 
27.97 
26.30 
26.68 
25.69 
29.33 
29.19 
28.03 
26.69 
21.73 
8.00 
9.05 
17.33 
25.97 
27.02 
25.50 
29.14 
28.12 
21.59 
8.15 
8.16 
28.72 
28.39 
24.26 
21.85 
26.70 
18.94 
26.21 
28.29 
17.76 
26.06 
16.05 
20.72 
8.28 
12.78 
22.46 
18.66 
21.43 
8.30 
8.30 
8.30 
8.99 
8.30 
26.95 
30.58 
22.28 
21.76 
16.06 
21.06 
8.28 
23.46 
28.80 
22.75 
21.02 
15.15 
26.17 
14.26 
18.39 
18.72 
26.63 
30.23 
27.97 
19.86 
8.15 
9.86 
8.12 
19.79 
25.43 
13.91 
17.15 
8.04 
22.42 
8.01 
9.53 
9.68 
21.45 
12.37 
20.02 
18.29 
9.74 
7.84 
20.23 
16.80 
13.71 
23.34 
19.24 
22.58 
18.31 
22.32 
16.54 
14.31 
20.16 
27.67 
27.11 
25.71 
24.15 
15.07 
21.53 
23.97 
20.58 
18.87 
18.32 
19.25 
23.14 
23.40 
15.62 
7.06 
11.92 
6.98 
6.95 
6.91 
6.87 
13.93 
11.13 
17.50 
9.43 
15.60 
21.89 
21.80 
19.19 
20.99 
22.63 
22.69 
21.34 
6.34 
6.30 
18.89 
21.26 
17.33 
6.12 
22.47 
23.12 
22.70 
21.98 
20.97 
21.61 
20.90 
10.77 
5.72 
5.67 
5.62 
5.58 
5.53 
5.49 
8.00 
5.39 
5.35 
5.30 
5.26 
5.21 
5.17 
5.12 
5.07 
5.03 
4.98 
13.12 
17.57 
15.86 
17.20 
16.82 
15.79 
17.24 
15.44 
14.95 
14.59 
9.05 
12.87 
15.78 
11.44 
4.33 
15.69 
15.33 
14.98 
11.74 
15.24 
15.13 
15.15 
8.47 
12.02 
11.93 
12.88 
13.93 
12.70 
11.48 
6.68 
3.72 
3.69 
7.08 
3.63 
5.23 
10.62 
12.39 
11.77 
12.34 
12.59 
12.30 
12.33 
10.70 
7.20 
12.13 
12.28 
10.88 
10.72 
9.25 
4.13 
11.08 
11.64 
9.79 
8.75 
10.61 
10.37 
9.94 
3.10 
3.09 
8.48 
6.40 
11.29 
10.78 
10.46 
5.96 
10.63 
9.55 
10.61 
8.28 
9.54 
8.37 
9.25 
3.03 
6.15 
3.03 
3.04 
10.08 
10.19 
9.82 
10.33 
10.65 
10.29 
10.32 
6.28 
9.79 
6.53 
8.96 
11.00 
9.33 
3.20 
3.22 
3.24 
3.26 
3.28 
5.68 
3.33 
3.35 
3.38 
3.40 
3.43 
3.45 
3.48 
11.37 
9.60 
4.33 
11.92 
9.47 
5.88 
11.27 
12.25 
12.90 
10.72 
11.60 
12.83 
10.27 
14.07 
14.05 
12.86 
14.49 
12.33 
12.78 
11.67 
13.34 
13.32 
14.90 
13.39 
14.74 
4.43 
4.47 
14.69 
14.67 
15.80 
13.97 
8.99 
4.73 
4.78 
17.04 
16.49 
17.27 
16.58 
15.34 
17.90 
17.47 
18.28 
16.45 
16.42 
15.41 
5.33 
16.60 
18.42 
18.96 
5.52 
18.91 
16.10 
19.42 
12.47 
18.02 
10.55 
13.90 
5.89 
17.38 
18.83 
21.51 
21.62 
21.43 
20.92 
20.25 
6.25 
7.85 
16.33 
10.14 
11.77 
23.19 
19.49 
16.72 
9.78 
18.94 
20.31 
6.72 
20.31 
6.80 
6.84 
12.25 
20.45 
22.16 
18.63 
15.74 
20.24 
7.11 
7.14 
7.18 
12.20 
9.58 
25.12 
24.69 
26.43 
23.98 
26.89 
26.79 
26.34 
26.40 
21.22 
14.50 
9.80 
27.98 
26.67 
26.55 
7.71 
15.74 
17.99 
22.29 
22.67 
28.36 
28.40 
28.61 
23.50 
21.99 
12.23 
26.86 
27.58 
26.57 
26.43 
18.19 
23.38 
20.82 
26.18 
8.62 
20.36 
28.15 
16.43 
29.22 
29.41 
24.94 
26.50 
11.32 
29.29 
19.29 
14.80 
30.36 
22.77 
18.11 
18.29 
22.79 
21.07 
14.51 
8.29 
8.29 
8.29 
15.90 
21.78 
13.14 
21.60 
27.82 
15.73 
29.54 
16.58 
21.93 
23.66 
11.56 
19.50 
11.21 
8.27 
22.24 
29.82 
26.70 
18.76 
17.71 
28.21 
26.13 
25.42 
23.51 
14.72 
13.50 
24.32 
21.55 
8.12 
8.11 
15.65 
8.08 
8.06 
17.47 
28.07 
18.11 
24.42 
27.98 
26.06 
26.37 
23.44 
22.72 
23.37 
19.42 
14.28 
17.65 
18.12 
23.00 
17.20 
23.94 
22.37 
11.35 
20.76 
18.69 
20.50 
14.57 
23.09 
16.50 
7.43 
10.74 
8.20 
7.33 
25.23 
22.84 
23.94 
7.20 
13.75 
26.53 
24.81 
19.00 
19.10 
20.50 
20.92 
23.28 
13.50 
8.44 
26.25 
25.67 
22.38 
18.95 
21.25 
24.65 
20.13 
6.51 
6.47 
6.42 
14.02 
21.09 
23.01 
22.29 
20.49 
15.80 
18.92 
17.46 
9.81 
16.53 
19.44 
5.90 
13.14 
5.81 
5.76 
5.72 
6.84 
5.62 
6.01 
16.47 
21.09 
20.54 
19.71 
17.75 
5.30 
5.26 
17.98 
5.17 
17.61 
13.26 
19.14 
16.05 
16.75 
17.03 
17.85 
14.17 
16.82 
14.75 
13.35 
16.34 
4.58 
8.35 
8.67 
16.64 
16.15 
16.04 
15.80 
15.44 
4.24 
14.01 
8.73 
15.36 
14.66 
15.26 
14.33 
13.65 
11.81 
11.61 
6.15 
5.65 
10.69 
11.18 
6.63 
6.02 
12.93 
3.95 
10.14 
12.03 
9.90 
12.42 
12.98 
12.59 
13.04 
10.34 
3.37 
11.99 
12.44 
9.39 
12.01 
12.05 
11.69 
11.94 
10.78 
10.43 
3.17 
11.15 
11.61 
11.17 
10.84 
7.54 
10.87 
9.07 
10.72 
6.98 
6.57 
11.05 
10.74 
9.85 
10.91 
10.13 
8.57 
3.02 
10.51 
11.10 
10.42 
8.87 
8.88 
5.97 
9.30 
3.05 
9.72 
11.41 
11.05 
10.85 
4.17 
8.93 
5.49 
3.12 
8.62 
8.06 
10.50 
11.45 
11.70 
11.86 
11.60 
11.56 
11.00 
11.68 
11.22 
11.49 
12.29 
5.83 
3.43 
11.97 
6.80 
12.55 
13.07 
12.71 
13.02 
12.66 
12.86 
13.39 
12.36 
11.32 
3.80 
3.83 
3.87 
6.68 
11.97 
4.21 
9.56 
4.06 
11.02 
14.83 
14.33 
4.22 
13.81 
13.79 
13.02 
8.50 
4.43 
4.47 
12.02 
16.33 
14.26 
13.58 
4.69 
4.73 
4.78 
6.28 
14.22 
16.47 
11.72 
5.01 
8.61 
5.10 
18.69 
18.96 
9.99 
18.92 
18.61 
5.38 
5.43 
5.47 
17.93 
20.07 
18.73 
17.52 
19.83 
20.98 
18.87 
5.85 
5.89 
21.29 
20.65 
15.14 
22.23 
21.27 
6.16 
18.09 
17.10 
21.53 
18.51 
22.20 
6.43 
19.88 
19.49 
21.64 
22.37 
24.06 
23.35 
23.44 
6.76 
22.81 
18.03 
20.21 
6.92 
21.02 
22.40 
23.62 
7.07 
7.11 
26.82 
23.92 
14.02 
12.74 
22.12 
24.36 
25.59 
25.32 
24.21 
20.06 
20.45 
20.33 
26.80 
26.35 
25.72 
25.27 
26.84 
25.70 
13.66 
7.73 
7.76 
7.78 
22.85 
7.83 
7.86 
7.88 
21.27 
26.28 
27.51 
26.34 
24.65 
11.44 
17.66 
27.49 
20.28 
28.40 
27.74 
8.11 
8.12 
24.70 
29.54 
29.05 
28.20 
28.39 
18.04 
27.90 
19.97 
18.08 
23.27 
22.76 
27.44 
29.69 
21.75 
16.74 
23.49 
22.11 
23.84 
8.29 
18.66 
8.30 
8.30 
29.72 
21.08 
30.24 
29.37 
30.23 
25.57 
24.35 
15.02 
16.05 
25.71 
29.67 
29.32 
26.72 
20.67 
26.87 
11.69 
8.23 
8.22 
8.21 
25.94 
11.80 
20.22 
20.21 
9.70 
27.56 
17.75 
8.11 
8.09 
25.75 
18.52 
10.61 
8.02 
24.79 
27.84 
16.69 
12.39 
19.20 
7.91 
19.65 
11.44 
16.52 
12.07 
16.63 
23.56 
16.22 
7.72 
7.69 
13.07 
9.66 
9.29 
7.58 
14.11 
25.15 
26.61 
24.71 
25.15 
10.90 
7.37 
14.32 
21.25 
16.71 
7.23 
7.20 
7.16 
15.68 
16.93 
10.17 
14.53 
23.60 
11.50 
8.69 
22.07 
22.96 
18.53 
14.13 
11.51 
6.67 
6.63 
6.59 
6.55 
6.51 
22.94 
6.42 
17.91 
8.51 
6.30 
12.42 
18.19 
17.79 
20.29 
20.04 
6.03 
13.52 
4918.23 
21.42 
11.65 
5.81 
15.78 
15.98 
15.59 
13.32 
7.89 
14.02 
18.94 
20.25 
17.01 
19.02 
19.75 
19.35 
5.21 
8.48 
5.81 
5.07 
5.03 
11.46 
17.55 
18.37 
15.06 
17.07 
17.21 
14.10 
16.85 
16.60 
15.08 
16.37 
12.21 
15.89 
14.65 
9.70 
11.97 
13.11 
13.38 
4.20 
7.53 
14.17 
14.42 
14.08 
14.45 
14.47 
14.02 
14.03 
12.56 
3.82 
3.79 
3.76 
10.76 
12.47 
11.94 
9.33 
3.59 
13.23 
10.66 
9.73 
12.13 
12.16 
11.67 
11.81 
8.39 
11.16 
8.61 
3.30 
3.28 
7.25 
10.67 
11.33 
10.17 
10.53 
6.78 
11.65 
11.21 
3.12 
10.84 
9.52 
3.09 
3.08 
10.52 
9.42 
3.05 
3.04 
7.82 
11.22 
10.62 
10.61 
10.90 
11.09 
10.61 
6.43 
8.87 
9.85 
3.03 
10.65 
10.86 
10.98 
11.00 
10.43 
10.56 
10.58 
3.10 
10.45 
3.12 
3.14 
6.06 
3.17 
6.11 
9.58 
3.22 
9.26 
11.35 
11.31 
11.47 
8.93 
9.61 
10.92 
3.40 
3.43 
11.01 
13.12 
12.66 
7.00 
13.15 
10.50 
12.55 
12.75 
13.06 
13.37 
12.11 
13.11 
12.51 
11.68 
11.54 
3.94 
3.98 
4.02 
10.46 
4.10 
4.14 
6.71 
13.46 
13.20 
4.30 
9.67 
8.00 
15.98 
16.73 
16.47 
15.43 
15.42 
17.08 
16.55 
6.57 
12.43 
4.82 
12.62 
4.92 
10.77 
16.29 
8.88 
7.44 
5.15 
5.19 
5.24 
5.29 
17.63 
19.87 
10.14 
8.92 
5.52 
5.57 
5.61 
18.11 
12.77 
5.75 
11.44 
19.12 
10.84 
5.94 
9.91 
6.03 
21.62 
21.12 
16.15 
19.94 
6.25 
6.30 
6.34 
21.42 
23.09 
15.78 
19.33 
11.00 
23.01 
17.35 
21.59 
10.74 
6.76 
6.80 
12.03 
23.47 
6.92 
17.26 
20.27 
7.03 
21.56 
14.20 
7.14 
7.18 
13.69 
26.72 
21.29 
7.32 
12.70 
20.63 
26.89 
25.78 
25.67 
27.25 
25.95 
19.07 
12.51 
17.97 
27.86 
23.32 
14.86 
26.31 
28.06 
27.76 
22.67 
10.74 
9.91 
15.07 
7.90 
10.32 
26.65 
29.09 
24.48 
10.41 
25.40 
27.83 
27.86 
22.54 
8.09 
8.11 
19.33 
25.73 
29.37 
27.84 
19.57 
24.94 
8.20 
21.16 
17.72 
23.78 
14.11 
8.25 
8.25 
18.29 
25.03 
21.41 
21.93 
28.16 
26.09 
20.22 
28.00 
28.34 
25.75 
23.33 
19.53 
15.04 
23.85 
16.76 
17.28 
21.76 
25.21 
26.24 
23.81 
8.27 
8.27 
21.37 
14.29 
14.80 
13.76 
28.22 
8.91 
10.11 
8.20 
20.41 
22.81 
20.72 
17.78 
20.17 
8.12 
22.37 
9.64 
22.66 
8.06 
26.90 
19.33 
18.28 
14.83 
9.85 
23.84 
23.98 
18.15 
24.26 
24.22 
22.65 
22.95 
7.79 
18.97 
21.82 
7.72 
13.78 
24.40 
17.93 
17.72 
7.58 
7.55 
7.52 
7.49 
7.46 
12.11 
26.42 
25.36 
22.80 
10.62 
7.27 
7.23 
7.20 
20.84 
7.13 
19.89 
23.26 
7.02 
14.64 
21.73 
19.88 
13.50 
9.89 
19.66 
6.75 
20.14 
6.67 
6.63 
6.59 
6.55 
8.08 
8.98 
18.47 
22.12 
18.76 
16.51 
19.36 
6.21 
6.17 
16.79 
8.81 
6.03 
5.99 
5.94 
20.83 
21.90 
5.81 
13.13 
18.33 
18.08 
5.62 
5.58 
9.56 
5.49 
18.54 
19.71 
19.02 
19.75 
19.07 
12.43 
14.41 
5.12 
5.07 
16.70 
7.28 
15.94 
11.56 
16.79 
13.90 
15.25 
4.71 
13.09 
4.62 
4.58 
12.81 
5.89 
4.45 
12.53 
4.37 
10.37 
14.34 
14.48 
13.28 
12.10 
4.12 
4.08 
11.13 
14.33 
13.88 
11.93 
12.65 
13.93 
8.83 
11.71 
11.51 
12.77 
12.58 
8.96 
10.21 
12.87 
11.81 
3.53 
11.77 
11.27 
11.31 
10.40 
7.08 
10.80 
10.84 
10.79 
11.04 
10.26 
9.80 
10.67 
10.32 
10.58 
10.43 
10.59 
10.05 
10.61 
9.98 
9.55 
9.62 
9.39 
10.65 
8.66 
8.15 
9.11 
9.29 
10.45 
10.34 
10.72 
9.74 
3.03 
9.93 
9.34 
10.22 
3.03 
3.03 
10.63 
10.06 
10.66 
8.53 
10.21 
10.63 
10.36 
3.09 
3.10 
8.86 
3.12 
10.52 
8.16 
3.17 
10.44 
6.24 
10.53 
10.89 
10.23 
5.24 
11.47 
10.39 
9.61 
3.38 
3.40 
3.43 
3.45 
11.08 
12.88 
11.23 
11.08 
3.60 
3.63 
9.20 
12.84 
13.26 
12.34 
13.45 
13.31 
7.66 
12.81 
9.53 
13.35 
4.02 
13.90 
4.10 
4.14 
15.06 
4.22 
6.71 
16.01 
12.53 
10.12 
10.33 
4.47 
10.36 
4.56 
4.60 
4.64 
14.86 
7.36 
4.78 
4.82 
9.01 
4.92 
16.72 
17.24 
19.13 
17.61 
9.85 
17.01 
19.22 
15.55 
20.31 
20.86 
15.42 
20.40 
19.22 
5.57 
20.18 
21.47 
20.86 
16.69 
5.80 
5.85 
8.14 
20.99 
19.89 
22.88 
23.15 
22.35 
22.92 
22.72 
22.83 
20.29 
18.98 
6.38 
11.30 
24.29 
22.66 
14.34 
15.52 
17.83 
23.99 
23.28 
14.82 
25.72 
25.01 
22.82 
14.91 
24.78 
23.87 
24.77 
26.01 
26.08 
19.71 
20.60 
21.33 
26.72 
27.62 
21.52 
18.56 
27.67 
26.39 
19.39 
24.66 
22.35 
23.59 
17.38 
21.49 
19.84 
20.73 
18.39 
8.90 
7.73 
7.76 
22.98 
27.63 
25.79 
25.83 
22.78 
24.87 
19.24 
16.53 
15.86 
7.98 
17.12 
18.00 
29.55 
17.53 
19.44 
20.84 
24.14 
26.75 
8.14 
11.60 
27.66 
29.75 
28.91 
26.16 
21.51 
17.72 
16.69 
24.13 
25.70 
12.75 
24.16 
28.49 
31.78 
22.45 
22.11 
20.39 
16.93 
14.52 
26.27 
27.31 
24.89 
19.18 
9.85 
26.26 
19.35 
8.81 
29.53 
11.40 
27.62 
23.12 
17.59 
20.17 
8.26 
8.26 
16.52 
12.03 
10.13 
28.38 
29.92 
26.80 
17.66 
22.81 
21.76 
23.11 
20.34 
22.56 
25.29 
15.82 
14.94 
17.49 
15.76 
16.08 
9.72 
20.65 
14.47 
24.18 
26.89 
28.73 
18.46 
7.86 
28.10 
18.36 
7.79 
7.77 
26.57 
23.81 
7.69 
17.80 
22.49 
20.59 
20.55 
19.99 
19.11 
17.22 
14.83 
17.79 
7.40 
9.53 
7.33 
7.30 
7.27 
22.95 
25.69 
21.17 
21.59 
10.37 
13.28 
7.02 
19.04 
15.88 
18.42 
18.35 
17.31 
13.38 
6.75 
6.71 
21.18 
14.42 
6.59 
10.18 
20.21 
15.88 
7.52 
6.38 
11.00 
6.30 
19.05 
17.88 
11.98 
6.12 
6.08 
22.21 
21.19 
18.39 
22.17 
21.01 
19.57 
19.90 
18.91 
9.61 
5.62 
16.13 
18.34 
8.21 
5.44 
12.05 
7.89 
19.05 
19.35 
17.98 
14.41 
10.33 
5.07 
5.03 
4.98 
18.09 
18.24 
16.79 
18.65 
18.26 
16.31 
12.44 
13.00 
16.36 
4.54 
10.82 
11.24 
14.15 
4.37 
13.33 
14.70 
15.57 
15.46 
12.22 
4.12 
4.08 
4.05 
4.01 
3.97 
3.93 
3.90 
6.49 
13.04 
8.88 
7.35 
5.17 
13.24 
12.16 
10.87 
3.59 
3.56 
8.50 
13.17 
12.13 
9.08 
12.72 
12.65 
11.74 
3.35 
3.33 
3.30 
3.28 
3.26 
9.96 
7.28 
7.24 
11.03 
3.77 
3.15 
3.14 
9.78 
11.53 
8.43 
11.76 
10.35 
11.11 
9.52 
10.78 
9.88 
11.23 
10.15 
10.33 
7.89 
8.18 
9.83 
10.41 
10.90 
11.20 
11.01 
6.83 
9.28 
8.81 
5.99 
3.06 
7.39 
10.16 
9.01 
11.01 
11.24 
11.48 
10.32 
3.15 
6.78 
10.85 
11.40 
11.14 
10.99 
10.53 
7.60 
5.58 
3.33 
8.05 
5.47 
3.40 
3.43 
3.45 
9.37 
12.12 
12.85 
13.37 
12.03 
12.00 
12.19 
3.70 
7.77 
12.34 
12.42 
14.11 
13.52 
4.60 
8.60 
10.19 
14.74 
9.28 
5.77 
14.71 
14.57 
4.22 
5.36 
9.35 
7.07 
15.49 
15.98 
16.60 
16.85 
14.03 
12.71 
12.42 
11.21 
4.73 
4.78 
4.82 
11.95 
11.90 
13.61 
5.01 
5.05 
5.10 
10.40 
7.70 
17.68 
18.78 
5.33 
11.06 
18.99 
19.83 
11.58 
19.78 
18.58 
5.66 
19.54 
18.46 
19.16 
5.85 
14.88 
5.94 
6.28 
22.42 
22.69 
22.35 
22.30 
22.72 
17.25 
17.80 
21.17 
23.46 
17.59 
8.36 
24.40 
24.02 
23.64 
24.38 
24.96 
23.77 
18.05 
17.64 
17.22 
20.38 
25.34 
22.00 
19.78 
22.15 
21.72 
21.30 
21.86 
14.14 
24.82 
19.06 
23.79 
7.32 
24.75 
25.99 
24.04 
23.42 
26.18 
24.38 
25.11 
24.49 
24.03 
24.76 
27.52 
23.66 
18.60 
19.83 
12.36 
23.32 
7.81 
25.79 
20.52 
29.29 
29.84 
29.54 
29.06 
27.72 
20.53 
23.48 
8.02 
15.61 
15.63 
22.03 
23.26 
22.41 
24.85 
20.90 
19.71 
27.15 
15.60 
18.03 
22.01 
11.49 
27.74 
21.70 
8.24 
19.13 
23.12 
30.04 
30.56 
30.22 
29.02 
22.97 
31.27 
31.45 
27.65 
28.69 
21.26 
24.71 
24.37 
22.29 
23.85 
13.65 
15.03 
12.26 
8.29 
8.28 
8.28 
12.07 
28.28 
28.96 
25.85 
23.42 
13.41 
28.91 
25.45 
8.21 
13.71 
8.19 
20.74 
18.49 
29.99 
11.23 
10.36 
8.11 
22.52 
16.14 
16.64 
11.99 
9.40 
8.01 
26.30 
16.69 
7.95 
7.93 
10.81 
14.02 
10.93 
20.95 
11.05 
7.79 
7.77 
16.05 
12.63 
22.58 
7.66 
12.53 
20.25 
17.18 
14.28 
26.67 
21.58 
7.46 
9.10 
7.40 
24.03 
22.14 
7.30 
7.27 
16.83 
14.63 
24.46 
26.36 
18.41 
23.59 
15.18 
20.01 
6.95 
18.42 
24.82 
24.08 
6.79 
6.75 
13.59 
20.38 
24.75 
6.59 
6.55 
21.15 
17.45 
23.31 
7.94 
17.99 
18.68 
22.44 
23.26 
17.49 
20.29 
16.85 
14.35 
15.77 
17.34 
5.90 
18.49 
19.12 
13.57 
5.72 
12.38 
17.10 
21.48 
20.49 
21.09 
19.68 
17.58 
19.16 
5.30 
16.00 
19.36 
6.82 
6.77 
19.00 
18.87 
14.57 
16.21 
17.97 
13.20 
4.80 
14.07 
18.14 
15.16 
15.06 
15.85 
4.54 
16.76 
10.11 
16.40 
15.91 
4.33 
15.44 
12.53 
10.50 
15.59 
15.36 
14.90 
13.85 
8.47 
12.60 
14.48 
14.26 
3.86 
13.72 
3.79 
7.92 
14.11 
13.35 
13.93 
12.96 
3.59 
9.97 
12.82 
12.63 
12.66 
4.19 
10.72 
3.40 
11.95 
12.20 
3.33 
12.48 
11.91 
10.11 
10.06 
11.33 
3.20 
3.18 
10.69 
10.95 
11.51 
10.97 
11.63 
11.50 
11.27 
9.47 
3.07 
8.84 
3.05 
3.04 
3.04 
3.03 
8.29 
10.23 
3.03 
3.02 
8.57 
9.44 
10.91 
10.43 
9.66 
4.79 
3.04 
3.05 
10.90 
11.02 
9.96 
10.95 
10.58 
11.40 
10.25 
9.69 
9.32 
9.16 
10.20 
11.45 
10.59 
10.94 
10.79 
11.35 
9.66 
11.16 
11.53 
11.91 
11.66 
5.83 
3.43 
3.45 
8.51 
7.60 
13.07 
12.71 
13.46 
13.21 
12.08 
12.84 
11.58 
3.76 
11.86 
10.11 
3.87 
3.91 
3.94 
11.94 
4.02 
4.06 
13.29 
6.78 
4.18 
15.17 
11.85 
9.23 
15.87 
5.51 
13.09 
4.47 
16.98 
16.20 
14.52 
16.82 
14.08 
9.19 
4.78 
14.12 
9.68 
11.23 
7.93 
16.56 
18.18 
19.40 
16.76 
11.03 
18.38 
17.65 
16.64 
17.45 
5.43 
10.93 
13.02 
5.57 
17.27 
10.64 
16.89 
17.28 
17.53 
21.51 
16.98 
17.98 
18.68 
16.96 
19.18 
17.14 
22.46 
18.86 
13.07 
20.76 
12.58 
23.46 
21.83 
19.25 
6.51 
6.55 
24.44 
20.38 
17.90 
24.25 
24.02 
23.94 
25.01 
24.44 
24.85 
22.98 
22.24 
21.98 
7.07 
7.11 
22.19 
23.09 
7.21 
23.22 
26.96 
26.86 
26.26 
19.12 
18.50 
16.19 
26.85 
16.95 
18.18 
26.52 
23.18 
24.08 
10.37 
8.70 
7.71 
21.19 
28.74 
29.12 
27.63 
17.07 
21.55 
26.04 
17.50 
7.92 
23.39 
26.17 
27.58 
27.61 
16.45 
13.20 
15.63 
13.07 
8.09 
24.48 
10.19 
27.46 
28.34 
13.86 
22.16 
22.00 
23.40 
24.45 
21.69 
9.27 
12.39 
8.25 
8.25 
17.08 
24.86 
28.49 
28.33 
25.91 
25.92 
21.08 
12.10 
13.48 
8.30 
8.30 
8.30 
8.30 
28.16 
17.11 
21.07 
21.76 
29.53 
29.35 
23.47 
14.31 
10.68 
26.55 
21.88 
21.35 
26.51 
24.95 
24.07 
8.21 
8.20 
8.19 
8.18 
8.16 
8.15 
8.14 
8.12 
26.66 
20.97 
8.08 
20.75 
25.53 
24.47 
8.01 
26.98 
21.14 
7.95 
14.25 
15.41 
20.33 
11.78 
28.10 
26.36 
24.44 
17.44 
26.40 
25.84 
21.23 
12.23 
7.63 
10.81 
24.92 
24.87 
7.52 
16.38 
12.48 
9.77 
21.42 
19.86 
25.96 
24.24 
25.00 
23.11 
16.77 
15.40 
7.13 
14.15 
7.06 
24.82 
6.98 
6.95 
23.93 
20.29 
21.99 
15.80 
15.41 
16.63 
6.67 
20.62 
19.58 
18.71 
6.51 
16.82 
16.75 
6.38 
6.34 
19.76 
15.66 
6.21 
11.06 
6.12 
16.85 
6.03 
5.99 
5.94 
5.90 
5.85 
9.95 
21.82 
21.11 
15.30 
18.70 
18.73 
7.26 
12.36 
21.11 
17.44 
10.99 
15.96 
12.37 
17.28 
10.41 
11.30 
17.77 
18.06 
16.59 
4.94 
4.89 
14.13 
12.85 
15.25 
8.75 
16.72 
11.58 
7.53 
11.41 
15.88 
15.13 
14.28 
7.35 
4.33 
10.05 
13.99 
4.20 
4.16 
4.12 
10.50 
14.79 
8.70 
6.65 
13.32 
13.80 
5.35 
3.82 
13.18 
14.10 
12.33 
3.69 
11.94 
12.63 
11.89 
11.60 
12.39 
10.91 
10.53 
8.97 
6.49 
3.40 
5.99 
10.64 
6.43 
11.55 
11.50 
11.54 
11.08 
11.23 
9.06 
10.13 
10.19 
10.05 
10.61 
9.98 
3.11 
10.70 
8.11 
11.24 
11.11 
11.38 
10.29 
9.59 
10.25 
3.03 
7.90 
9.54 
10.12 
7.01 
8.66 
9.35 
4.39 
7.41 
10.54 
9.09 
10.27 
10.88 
11.19 
10.43 
10.36 
6.24 
10.12 
10.35 
11.28 
3.14 
3.15 
9.60 
11.05 
8.26 
9.93 
11.40 
11.66 
12.03 
10.75 
11.22 
11.70 
11.55 
8.99 
12.01 
12.29 
12.58 
12.45 
3.54 
11.84 
9.73 
10.90 
11.31 
12.39 
11.58 
9.86 
11.63 
12.51 
12.83 
5.29 
3.94 
3.98 
4.02 
10.46 
9.59 
10.38 
12.76 
4.22 
12.09 
12.43 
11.29 
4.38 
4.43 
12.81 
15.96 
8.78 
4.60 
10.35 
4.69 
4.73 
10.98 
6.82 
12.08 
4.92 
14.15 
17.37 
5.05 
16.23 
6.67 
14.51 
5.24 
8.10 
17.06 
14.33 
5.43 
5.47 
17.93 
20.79 
18.87 
20.30 
12.33 
5.75 
9.66 
21.66 
20.13 
20.99 
19.29 
17.11 
12.17 
19.28 
16.77 
21.33 
22.83 
9.25 
6.34 
17.66 
13.34 
16.72 
22.66 
23.23 
17.91 
20.38 
20.31 
19.74 
6.76 
6.80 
6.84 
18.10 
23.55 
6.96 
7.98 
15.08 
9.21 
7.11 
12.60 
7.18 
23.66 
19.40 
21.29 
7.32 
21.57 
24.15 
21.52 
25.61 
24.66 
15.77 
28.66 
25.67 
28.09 
28.49 
26.84 
28.25 
21.66 
17.79 
7.76 
25.20 
28.66 
19.29 
11.45 
25.52 
18.53 
22.16 
23.39 
17.75 
27.06 
27.95 
23.85 
17.33 
22.52 
18.41 
28.94 
26.90 
29.16 
26.94 
19.71 
8.16 
12.49 
21.48 
25.99 
8.21 
23.77 
13.93 
27.59 
23.45 
30.72 
29.17 
24.86 
24.52 
9.14 
14.33 
8.29 
24.36 
25.75 
16.25 
8.30 
26.79 
17.97 
22.12 
14.00 
14.34 
8.29 
26.77 
24.35 
13.98 
8.28 
25.88 
12.41 
27.07 
14.64 
12.04 
10.65 
8.23 
12.87 
12.17 
8.20 
18.17 
28.31 
22.96 
29.48 
24.13 
28.06 
22.37 
23.72 
26.95 
25.73 
23.47 
20.36 
8.01 
8.50 
15.66 
28.97 
24.49 
27.02 
24.43 
10.59 
25.37 
22.61 
16.63 
10.14 
13.17 
7.72 
7.69 
7.66 
10.84 
7.61 
19.03 
7.55 
12.73 
7.49 
14.32 
27.32 
26.26 
18.53 
7.33 
16.60 
15.55 
14.51 
9.18 
8.65 
18.14 
20.54 
23.91 
24.82 
16.11 
13.61 
18.58 
6.87 
20.70 
6.79 
14.61 
24.94 
24.53 
22.05 
6.59 
10.66 
9.50 
17.14 
6.42 
6.38 
6.34 
6.30 
6.25 
6.21 
6.17 
6.12 
22.77 
13.44 
18.48 
11.04 
7.09 
5.85 
12.61 
5.76 
5.72 
5.67 
5.62 
14.11 
6.68 
5.49 
16.41 
13.61 
11.69 
20.17 
15.44 
13.68 
10.13 
15.00 
15.04 
9.24 
4.98 
17.69 
18.90 
17.32 
17.73 
17.21 
15.27 
5.96 
7.07 
8.42 
11.79 
15.24 
16.39 
16.28 
15.29 
12.34 
4.28 
4.24 
4.20 
4.16 
4.12 
15.02 
14.91 
14.45 
12.83 
12.05 
3.90 
3.86 
7.92 
5.15 
7.35 
13.78 
13.47 
12.60 
4.61 
12.87 
13.12 
12.28 
9.09 
11.06 
11.31 
4.69 
3.40 
7.03 
3.35 
6.43 
3.30 
11.08 
4.59 
10.98 
12.14 
10.07 
11.03 
10.89 
11.65 
9.91 
11.27 
10.64 
3.10 
9.20 
6.71 
11.51 
11.48 
5.01 
4.70 
10.94 
11.51 
10.53 
10.32 
8.67 
11.58 
11.39 
10.32 
9.35 
11.31 
3.03 
8.50 
10.57 
10.88 
11.19 
10.82 
