20050101
10.21 
2.75 
10.00 
10.22 
4.61 
7.83 
10.61 
10.20 
10.15 
10.02 
10.54 
10.40 
10.93 
5.78 
10.96 
10.93 
9.75 
11.07 
11.43 
11.60 
10.79 
3.15 
3.17 
9.32 
3.23 
6.72 
7.69 
3.33 
12.58 
12.78 
13.09 
13.51 
13.30 
5.04 
11.46 
12.64 
10.00 
3.69 
7.51 
12.39 
14.06 
14.52 
9.15 
9.46 
5.03 
4.03 
11.24 
12.16 
13.69 
16.69 
16.58 
15.49 
7.16 
15.37 
14.00 
17.11 
17.24 
15.47 
16.23 
4.67 
16.61 
15.30 
17.25 
16.72 
17.90 
18.16 
18.96 
6.01 
16.65 
19.36 
20.04 
20.31 
20.31 
16.95 
7.94 
15.06 
20.55 
17.54 
22.23 
5.66 
21.63 
14.77 
21.73 
20.39 
20.50 
21.51 
22.07 
23.24 
21.86 
12.92 
16.78 
21.43 
23.06 
13.52 
18.52 
6.42 
15.44 
6.51 
15.60 
19.11 
16.84 
22.11 
23.78 
24.99 
24.29 
21.51 
6.89 
22.63 
6.97 
25.05 
26.10 
26.67 
22.86 
23.10 
26.92 
20.96 
25.44 
23.05 
17.53 
13.80 
26.04 
26.77 
26.34 
25.41 
7.55 
28.02 
17.43 
26.80 
28.19 
11.54 
18.93 
26.34 
7.79 
17.04 
24.96 
7.86 
7.89 
27.61 
28.32 
27.85 
13.55 
19.48 
25.25 
28.83 
23.45 
29.06 
20.80 
23.19 
26.94 
23.91 
8.16 
14.96 
24.48 
27.90 
30.29 
24.36 
29.30 
20.48 
8.26 
8.27 
18.48 
22.39 
26.65 
11.19 
24.63 
24.97 
24.81 
8.32 
27.53 
18.35 
27.02 
24.98 
24.81 
27.70 
19.37 
8.32 
8.31 
12.05 
22.40 
22.23 
28.50 
23.56 
25.25 
21.17 
27.77 
29.79 
28.58 
18.06 
8.22 
25.31 
28.17 
14.61 
25.59 
23.87 
8.14 
10.49 
8.11 
13.82 
16.16 
12.09 
25.37 
26.52 
12.02 
11.66 
7.95 
27.71 
24.49 
7.88 
22.90 
26.54 
26.66 
7.77 
20.57 
27.34 
11.34 
20.27 
8.96 
10.41 
26.74 
7.54 
7.51 
7.48 
7.44 
7.41 
7.38 
7.34 
13.99 
7.27 
7.23 
26.64 
26.23 
24.06 
24.62 
24.70 
15.01 
19.75 
18.24 
20.24 
6.85 
6.81 
15.12 
25.42 
16.71 
15.23 
24.03 
24.55 
22.59 
18.33 
21.01 
23.20 
21.27 
18.89 
16.38 
17.65 
7.80 
13.28 
23.77 
6.01 
15.70 
22.22 
20.35 
13.68 
12.00 
19.14 
21.47 
17.20 
16.52 
18.12 
14.77 
15.51 
12.21 
5.33 
5.28 
15.24 
16.90 
18.28 
18.29 
18.03 
9.12 
14.74 
18.58 
17.92 
17.01 
14.82 
7.53 
4.65 
17.53 
17.02 
16.02 
17.02 
15.90 
14.67 
4.33 
15.78 
15.53 
14.58 
14.93 
9.17 
4.06 
4.02 
14.81 
13.43 
14.01 
13.45 
13.23 
8.44 
3.73 
3.69 
3.65 
12.27 
10.99 
12.94 
10.50 
11.79 
12.53 
3.39 
5.11 
12.15 
12.16 
11.37 
9.67 
3.20 
8.84 
9.96 
11.27 
11.39 
10.83 
10.08 
10.60 
9.48 
8.57 
8.62 
10.45 
8.14 
10.43 
6.57 
5.06 
10.19 
9.96 
10.38 
10.16 
9.85 
2.76 
9.06 
10.21 
9.64 
9.89 
9.69 
10.11 
9.65 
9.64 
9.72 
8.91 
2.68 
9.61 
9.17 
8.37 
7.75 
9.27 
9.20 
4.93 
2.70 
2.71 
8.37 
3.89 
8.68 
9.34 
5.11 
2.77 
9.53 
9.93 
10.16 
6.42 
10.06 
7.79 
2.88 
2.90 
5.56 
5.78 
8.87 
2.99 
3.01 
10.39 
9.78 
5.73 
10.60 
11.56 
9.75 
3.20 
10.60 
9.77 
11.78 
3.33 
3.36 
3.40 
7.74 
11.71 
11.38 
13.19 
12.43 
5.25 
3.65 
9.87 
13.73 
13.28 
13.05 
14.07 
12.47 
3.94 
9.78 
6.36 
15.23 
14.53 
14.53 
14.53 
11.38 
4.30 
15.74 
15.37 
4.44 
4.48 
16.36 
7.11 
4.63 
15.97 
17.77 
16.47 
4.82 
16.06 
18.16 
18.03 
9.84 
7.90 
13.12 
15.81 
19.22 
18.65 
19.06 
11.64 
17.62 
11.53 
21.11 
20.67 
17.07 
18.62 
15.12 
20.88 
20.42 
21.42 
15.64 
12.77 
22.22 
21.59 
22.01 
6.14 
7.55 
15.96 
19.25 
19.65 
22.98 
6.42 
19.93 
13.50 
6.55 
6.60 
6.64 
17.86 
23.94 
21.66 
14.12 
8.29 
20.16 
18.95 
23.84 
26.18 
18.03 
22.95 
21.89 
24.40 
15.52 
7.24 
25.93 
12.89 
14.08 
23.67 
24.56 
26.94 
22.70 
7.52 
20.49 
26.52 
19.59 
25.14 
10.18 
25.07 
23.78 
7.76 
26.55 
25.76 
26.98 
27.02 
16.47 
7.91 
17.37 
12.85 
7.98 
26.74 
27.62 
24.44 
11.95 
10.62 
23.00 
28.95 
27.96 
23.24 
21.90 
24.29 
17.02 
8.21 
12.80 
22.83 
19.96 
16.75 
26.44 
20.00 
24.25 
27.32 
16.62 
10.34 
19.53 
25.65 
16.47 
30.42 
27.53 
8.32 
8.32 
20.05 
14.61 
20.73 
15.97 
8.32 
24.11 
22.58 
10.17 
8.30 
21.71 
25.43 
30.00 
29.31 
20.82 
16.73 
24.01 
26.20 
15.00 
8.21 
8.20 
21.89 
12.90 
24.55 
8.14 
16.40 
8.11 
8.09 
8.07 
26.41 
10.72 
28.20 
23.96 
16.70 
7.95 
7.92 
17.28 
20.26 
17.05 
10.16 
11.30 
10.77 
10.24 
24.68 
20.65 
7.66 
13.43 
21.67 
21.94 
18.10 
7.51 
7.48 
7.44 
7.41 
7.38 
15.67 
21.65 
24.84 
26.71 
26.64 
25.75 
22.28 
14.49 
10.74 
20.46 
21.82 
6.93 
6.89 
24.44 
17.87 
19.53 
6.72 
19.68 
20.38 
17.02 
6.55 
16.71 
24.49 
22.54 
21.83 
10.75 
23.60 
23.33 
22.02 
19.51 
19.70 
14.39 
18.76 
17.77 
18.55 
19.62 
17.90 
19.83 
20.29 
19.31 
18.48 
16.67 
5.53 
17.30 
17.47 
18.75 
18.77 
16.72 
16.47 
17.31 
13.54 
12.90 
14.28 
4.99 
15.53 
4.89 
15.31 
4.80 
16.89 
15.23 
4.65 
4.61 
4.56 
4.51 
15.65 
11.95 
5.84 
15.41 
4.28 
4.24 
14.93 
7.70 
11.87 
14.35 
4.02 
13.77 
13.89 
9.46 
13.22 
13.56 
12.45 
11.80 
11.04 
12.15 
11.52 
12.50 
11.33 
12.62 
6.10 
12.64 
11.71 
11.00 
12.05 
11.86 
3.26 
3.23 
8.50 
10.83 
3.14 
10.87 
7.09 
8.69 
9.60 
3.01 
2.99 
10.28 
10.51 
9.70 
10.39 
10.06 
10.47 
10.42 
8.63 
10.33 
2.80 
9.79 
2.77 
10.00 
9.42 
2.73 
4.52 
9.89 
9.42 
9.22 
5.46 
9.82 
8.03 
9.62 
2.68 
2.68 
9.08 
9.53 
9.27 
2.69 
2.69 
9.65 
9.76 
5.04 
2.72 
2.73 
2.73 
9.43 
9.64 
7.86 
4.33 
9.20 
9.97 
9.37 
2.84 
3.61 
8.30 
9.84 
10.08 
2.94 
2.97 
8.82 
10.71 
10.78 
9.97 
3.09 
10.60 
9.09 
10.95 
9.42 
3.23 
3.27 
10.86 
11.77 
6.47 
11.95 
11.73 
12.35 
11.28 
12.76 
12.11 
7.31 
13.62 
9.87 
10.84 
13.62 
14.40 
14.07 
12.24 
6.59 
14.88 
14.53 
13.24 
14.17 
14.77 
14.17 
4.25 
4.30 
12.92 
15.74 
5.43 
4.48 
4.53 
15.98 
15.47 
4.67 
12.09 
14.00 
4.82 
18.82 
18.83 
18.96 
19.10 
6.95 
20.04 
19.22 
18.94 
17.96 
16.42 
16.11 
18.04 
18.72 
17.71 
5.56 
15.64 
9.55 
15.98 
5.76 
20.86 
21.86 
20.06 
22.40 
19.69 
6.05 
8.64 
20.61 
15.87 
22.80 
23.37 
23.17 
7.76 
20.92 
21.33 
23.76 
17.62 
22.55 
9.47 
6.68 
24.57 
25.30 
19.68 
18.48 
23.51 
11.26 
19.66 
22.64 
12.38 
25.38 
21.89 
23.59 
25.94 
26.18 
26.58 
25.67 
23.28 
12.16 
25.22 
20.33 
27.00 
26.07 
23.48 
26.52 
21.42 
19.97 
27.02 
24.74 
7.73 
25.50 
27.06 
27.61 
7.84 
20.80 
19.16 
25.59 
28.49 
19.09 
26.71 
8.00 
8.02 
23.76 
26.67 
28.73 
26.55 
27.09 
27.79 
26.12 
8.16 
8.18 
8.19 
11.60 
27.91 
29.63 
26.93 
16.24 
28.31 
29.17 
25.61 
23.58 
22.06 
26.66 
27.86 
28.71 
27.19 
27.36 
20.39 
8.32 
8.32 
20.56 
15.80 
22.77 
24.63 
22.42 
24.11 
8.31 
20.70 
14.07 
8.30 
9.99 
12.86 
8.27 
25.39 
8.26 
8.25 
8.23 
8.22 
8.21 
12.94 
27.64 
16.79 
14.58 
26.22 
8.12 
8.11 
8.09 
11.61 
28.27 
18.81 
25.68 
28.84 
27.29 
24.56 
9.43 
7.90 
14.24 
10.53 
12.84 
20.15 
7.77 
25.23 
27.34 
26.96 
22.43 
7.63 
7.60 
7.57 
21.89 
17.56 
10.27 
18.44 
20.52 
23.74 
22.04 
18.23 
7.27 
19.90 
23.40 
23.97 
18.25 
24.95 
24.87 
24.46 
22.94 
20.79 
6.89 
15.09 
16.60 
23.15 
19.13 
22.81 
20.22 
16.40 
21.29 
22.74 
22.64 
22.85 
21.52 
20.66 
20.41 
18.80 
19.45 
15.75 
6.10 
6.05 
17.87 
16.44 
17.82 
5.86 
15.28 
7.07 
18.85 
18.60 
18.48 
18.94 
19.39 
5.48 
11.31 
15.55 
11.29 
16.72 
5.23 
5.19 
15.16 
14.65 
5.04 
4.99 
15.13 
16.47 
11.64 
4.80 
12.24 
15.61 
9.50 
16.01 
16.02 
14.89 
14.53 
7.75 
15.16 
14.92 
13.48 
14.57 
13.86 
4.15 
11.87 
8.97 
4.02 
6.74 
13.32 
3.89 
13.67 
13.56 
13.01 
12.79 
12.03 
10.30 
3.61 
3.57 
3.53 
9.33 
12.21 
12.12 
3.39 
3.36 
3.33 
11.65 
11.06 
11.18 
11.70 
6.35 
7.79 
11.27 
3.09 
3.06 
6.51 
3.01 
10.82 
10.95 
9.66 
10.64 
10.67 
8.85 
9.54 
10.42 
10.19 
8.50 
7.73 
10.07 
10.67 
2.76 
2.75 
6.70 
5.96 
9.89 
9.51 
10.03 
8.49 
6.34 
9.90 
7.84 
6.59 
8.55 
2.68 
9.97 
3.66 
8.56 
2.69 
2.70 
2.70 
8.61 
9.89 
9.91 
10.03 
9.97 
10.09 
8.49 
2.78 
7.74 
9.60 
8.54 
9.32 
5.65 
9.32 
10.03 
5.75 
5.97 
9.25 
10.93 
3.01 
5.75 
3.06 
11.11 
10.70 
3.15 
11.74 
11.63 
5.66 
11.90 
11.88 
11.15 
10.51 
12.16 
12.67 
12.56 
12.66 
13.19 
10.70 
5.03 
13.51 
13.62 
13.06 
13.95 
13.95 
13.27 
14.18 
14.41 
14.30 
13.95 
15.47 
15.12 
13.34 
14.41 
14.40 
4.30 
12.43 
14.87 
11.39 
4.48 
16.36 
16.49 
16.49 
16.35 
14.54 
14.13 
17.64 
18.17 
17.24 
18.16 
17.35 
11.68 
8.37 
13.22 
13.72 
5.26 
19.61 
16.81 
20.01 
18.72 
16.86 
5.56 
20.37 
14.44 
13.09 
16.23 
19.25 
20.39 
19.03 
18.25 
18.50 
6.05 
6.09 
13.83 
21.63 
6.23 
23.52 
22.87 
20.98 
18.14 
6.46 
11.01 
10.92 
10.66 
9.94 
22.90 
6.73 
24.19 
22.86 
21.83 
20.31 
21.19 
22.07 
25.05 
8.99 
7.09 
8.10 
23.75 
23.99 
7.24 
23.31 
26.00 
22.62 
22.19 
24.89 
7.45 
7.49 
7.52 
25.80 
26.02 
27.24 
7.64 
25.35 
25.57 
26.46 
7.76 
9.29 
21.06 
20.43 
25.68 
21.68 
7.91 
25.96 
26.50 
22.49 
27.92 
27.28 
26.64 
9.25 
24.50 
24.69 
23.36 
25.76 
26.80 
28.68 
16.49 
22.11 
28.40 
28.08 
9.93 
24.55 
18.95 
14.55 
25.94 
19.33 
24.60 
29.20 
28.53 
8.30 
15.11 
24.64 
20.73 
8.32 
25.32 
22.43 
8.32 
8.32 
22.09 
8.32 
27.52 
8.31 
17.31 
8.31 
15.77 
8.30 
8.29 
8.28 
8.27 
22.68 
14.02 
8.25 
27.21 
8.22 
8.21 
21.40 
8.18 
11.21 
19.48 
26.05 
8.12 
8.11 
8.09 
25.94 
20.52 
28.06 
28.37 
21.94 
27.12 
7.95 
24.86 
7.90 
7.88 
7.85 
21.36 
7.80 
7.77 
7.75 
7.72 
26.79 
26.24 
23.37 
24.15 
17.98 
20.08 
7.51 
7.48 
20.25 
7.41 
19.15 
25.63 
13.34 
25.16 
26.06 
7.20 
7.16 
20.03 
24.30 
7.05 
24.78 
22.46 
16.01 
6.89 
11.60 
16.45 
22.68 
7.98 
6.68 
9.76 
22.32 
22.07 
20.11 
20.79 
20.85 
14.64 
6.33 
21.17 
6.24 
16.59 
21.61 
20.75 
19.30 
18.16 
19.83 
19.58 
9.96 
19.94 
5.77 
17.84 
15.58 
5.62 
17.66 
5.53 
14.77 
17.75 
17.08 
18.35 
17.96 
17.70 
17.86 
17.19 
14.25 
8.39 
4.99 
17.52 
17.52 
13.48 
15.97 
17.15 
17.02 
16.64 
14.36 
15.89 
14.02 
13.54 
13.80 
8.05 
15.05 
14.57 
4.24 
14.10 
13.16 
14.70 
14.82 
14.81 
14.35 
11.60 
3.89 
10.51 
13.56 
13.23 
12.90 
13.79 
12.37 
13.14 
13.04 
13.15 
13.05 
13.37 
12.64 
11.71 
8.83 
4.76 
11.55 
11.77 
10.28 
12.10 
12.32 
12.23 
11.86 
11.88 
10.83 
11.24 
7.72 
11.01 
4.48 
11.26 
10.17 
11.23 
10.90 
9.73 
10.70 
2.83 
9.41 
10.84 
10.80 
10.58 
10.27 
6.45 
2.73 
8.83 
10.07 
10.22 
10.11 
10.10 
2.69 
10.07 
10.07 
2.68 
10.06 
7.04 
9.97 
10.07 
9.45 
10.09 
10.01 
4.94 
7.45 
9.98 
9.64 
9.76 
10.03 
9.25 
4.75 
9.85 
10.44 
8.74 
10.71 
2.83 
10.71 
9.92 
10.63 
11.06 
11.12 
11.18 
10.86 
9.21 
3.01 
11.55 
11.43 
3.09 
5.18 
7.50 
11.84 
12.03 
12.62 
12.30 
11.68 
11.46 
11.86 
12.16 
11.94 
3.47 
11.91 
12.87 
10.70 
13.18 
13.29 
12.62 
11.84 
13.06 
8.88 
14.07 
3.90 
14.07 
8.97 
15.58 
15.47 
13.11 
9.76 
7.21 
16.33 
14.15 
15.25 
14.01 
13.38 
17.11 
16.36 
17.88 
16.36 
17.77 
14.93 
14.26 
4.82 
10.53 
19.89 
18.30 
16.01 
18.55 
18.41 
17.17 
5.21 
19.62 
20.58 
16.39 
19.59 
19.71 
19.70 
21.67 
20.23 
5.66 
21.77 
18.85 
18.96 
21.56 
22.87 
22.25 
18.50 
11.58 
21.71 
22.42 
23.75 
22.34 
8.11 
21.95 
23.90 
24.62 
23.34 
22.36 
23.39 
22.55 
6.64 
20.85 
17.15 
25.62 
24.45 
23.90 
23.99 
12.86 
6.97 
9.75 
24.65 
26.19 
7.13 
14.00 
26.76 
27.81 
25.28 
24.36 
24.92 
18.74 
7.42 
27.10 
27.66 
26.57 
27.13 
27.85 
27.08 
27.30 
9.51 
7.70 
24.12 
26.51 
27.56 
13.18 
7.84 
7.86 
28.58 
28.62 
29.16 
27.01 
18.61 
22.18 
27.11 
26.64 
25.31 
25.00 
25.71 
12.01 
26.26 
29.85 
29.53 
27.01 
29.74 
28.74 
25.37 
25.72 
16.73 
26.43 
8.26 
21.02 
29.86 
26.64 
29.37 
20.54 
22.08 
25.82 
8.31 
23.11 
8.32 
8.32 
29.57 
21.07 
30.08 
29.23 
29.73 
27.01 
28.53 
18.16 
19.01 
25.79 
27.31 
20.00 
28.98 
26.93 
22.00 
8.26 
8.25 
25.52 
8.22 
28.19 
21.06 
8.18 
17.81 
8.15 
15.57 
24.33 
8.11 
8.09 
27.46 
25.57 
17.12 
28.37 
18.08 
16.70 
7.95 
11.78 
27.67 
23.28 
11.36 
17.68 
7.80 
7.77 
7.75 
7.72 
24.97 
19.77 
7.63 
16.87 
25.74 
25.03 
25.96 
7.48 
19.10 
24.45 
19.97 
22.69 
19.53 
7.27 
7.23 
20.81 
8.13 
26.32 
17.38 
16.52 
24.78 
19.75 
6.93 
6.89 
20.79 
24.66 
21.26 
24.63 
22.97 
20.22 
18.74 
6.55 
6.51 
6.46 
6.42 
12.65 
20.51 
24.21 
9.26 
22.62 
23.56 
20.60 
20.49 
22.17 
22.49 
21.20 
16.84 
19.94 
5.77 
20.15 
21.47 
19.34 
5.58 
5.53 
5.48 
19.29 
18.89 
18.35 
5.28 
5.23 
19.22 
18.96 
18.29 
17.23 
17.77 
15.00 
4.89 
15.83 
17.66 
16.24 
11.63 
11.92 
15.50 
15.26 
4.51 
15.40 
6.89 
15.04 
14.68 
15.65 
14.93 
11.95 
4.15 
4.10 
14.11 
14.00 
3.97 
8.05 
3.89 
8.14 
7.84 
13.79 
13.01 
11.59 
12.81 
3.61 
3.57 
3.53 
3.50 
7.36 
6.88 
3.39 
12.04 
12.05 
12.26 
10.45 
11.69 
11.70 
11.52 
11.54 
11.17 
11.29 
6.07 
3.04 
10.98 
2.99 
11.04 
7.10 
9.60 
8.52 
6.89 
2.86 
8.76 
2.83 
10.15 
9.01 
2.78 
7.22 
2.76 
2.75 
2.73 
9.46 
9.89 
9.86 
9.85 
9.92 
9.82 
10.07 
9.80 
9.79 
9.79 
2.68 
7.48 
5.18 
8.56 
9.20 
9.48 
8.42 
2.71 
9.17 
7.76 
2.73 
9.34 
2.76 
8.22 
10.16 
10.30 
10.34 
4.95 
9.14 
8.81 
10.72 
11.06 
11.02 
10.23 
11.06 
7.77 
8.21 
9.23 
3.06 
6.61 
12.07 
11.96 
12.44 
11.63 
12.11 
11.90 
6.57 
12.39 
12.69 
11.95 
12.25 
11.29 
10.64 
13.08 
13.19 
12.42 
12.08 
3.69 
9.62 
13.17 
9.78 
7.26 
11.44 
13.84 
7.69 
15.11 
14.18 
12.52 
13.46 
15.73 
15.13 
13.91 
15.12 
4.39 
4.44 
16.24 
11.70 
4.58 
4.63 
16.48 
16.74 
15.17 
10.84 
16.06 
17.77 
17.63 
5.02 
17.34 
19.23 
14.45 
18.67 
18.65 
5.31 
18.62 
19.87 
19.15 
18.13 
5.56 
6.18 
20.21 
5.71 
20.01 
5.80 
19.36 
18.00 
22.55 
20.73 
17.85 
6.09 
6.14 
22.84 
23.10 
22.76 
21.49 
10.52 
24.32 
23.65 
22.20 
6.55 
23.18 
15.12 
11.72 
25.20 
21.03 
21.90 
6.85 
21.75 
13.82 
6.97 
24.57 
17.71 
19.72 
25.78 
25.54 
18.29 
23.73 
18.57 
24.85 
23.77 
26.96 
25.39 
19.51 
13.61 
12.82 
7.55 
27.02 
20.42 
25.97 
9.84 
27.07 
26.12 
27.34 
28.23 
23.24 
21.10 
20.47 
7.89 
15.66 
28.83 
29.54 
21.14 
27.92 
21.88 
21.57 
28.87 
28.56 
24.86 
8.12 
18.64 
13.40 
14.95 
28.87 
26.18 
26.54 
26.05 
27.42 
26.42 
25.07 
30.01 
27.13 
8.28 
9.82 
28.18 
14.08 
28.03 
8.31 
12.73 
8.32 
10.36 
25.49 
29.23 
27.02 
25.49 
29.91 
29.90 
29.90 
30.06 
21.22 
8.31 
23.92 
8.30 
8.29 
28.30 
27.78 
22.51 
29.96 
29.94 
26.36 
27.70 
15.15 
8.20 
21.72 
8.17 
20.66 
28.07 
8.12 
13.84 
13.82 
20.54 
8.05 
8.03 
20.46 
26.65 
19.22 
20.87 
24.53 
7.90 
14.74 
15.04 
7.83 
10.97 
7.77 
22.73 
28.51 
24.80 
7.66 
7.63 
5428.88 
23.43 
12.82 
18.71 
14.88 
7.44 
25.11 
7.38 
8.48 
27.19 
24.51 
21.20 
20.32 
7.16 
7.12 
7.09 
8.49 
19.18 
13.04 
25.41 
23.26 
13.34 
6.81 
20.00 
16.15 
15.77 
15.23 
20.91 
6.55 
22.12 
20.02 
17.17 
15.86 
22.03 
8.11 
18.64 
16.74 
21.76 
21.50 
19.30 
6.01 
5.96 
5.91 
5.86 
21.40 
5.77 
5.72 
20.17 
20.63 
20.50 
19.96 
16.46 
18.45 
20.00 
19.46 
18.10 
7.56 
5.19 
5.14 
19.10 
18.70 
18.17 
14.87 
16.47 
15.96 
4.80 
6.56 
17.28 
15.62 
17.02 
16.90 
16.77 
14.78 
4.42 
4.99 
16.02 
4.28 
4.24 
5.86 
4.15 
14.82 
15.05 
14.35 
14.93 
14.81 
14.81 
14.24 
14.35 
14.01 
14.01 
13.79 
13.35 
12.71 
4.32 
13.26 
11.99 
13.26 
7.93 
12.44 
12.55 
10.51 
12.57 
12.48 
12.09 
3.20 
9.93 
3.14 
8.22 
12.07 
9.86 
10.57 
11.94 
6.90 
11.23 
10.70 
2.92 
2.90 
2.88 
2.86 
10.79 
10.74 
9.87 
11.11 
5.33 
10.58 
9.82 
6.99 
10.48 
2.73 
8.72 
10.31 
10.47 
6.89 
10.26 
9.54 
9.71 
9.79 
8.46 
2.68 
9.08 
10.07 
10.25 
10.62 
10.10 
10.30 
4.86 
10.16 
10.72 
10.48 
10.06 
8.28 
10.13 
10.98 
10.84 
10.71 
8.36 
10.89 
11.13 
10.82 
11.25 
10.37 
11.28 
11.72 
11.70 
11.57 
11.65 
11.62 
11.80 
11.68 
9.98 
12.14 
12.13 
11.21 
12.41 
11.07 
10.22 
12.89 
12.89 
13.20 
12.88 
7.23 
11.15 
13.19 
11.66 
13.62 
3.69 
8.62 
13.39 
3.82 
6.92 
14.18 
6.24 
14.88 
13.83 
9.95 
14.53 
14.65 
14.89 
13.68 
4.30 
4.34 
11.79 
15.24 
16.11 
4.53 
7.62 
13.43 
17.38 
18.29 
18.55 
18.30 
13.16 
17.90 
19.23 
19.23 
19.36 
19.77 
19.22 
16.20 
9.27 
9.48 
20.16 
20.43 
20.70 
15.87 
16.40 
12.92 
19.77 
21.34 
21.90 
21.30 
21.86 
21.39 
22.10 
21.33 
22.34 
22.31 
20.01 
16.03 
23.71 
24.44 
22.87 
21.75 
7.03 
14.05 
24.22 
21.83 
19.27 
24.85 
25.26 
23.63 
16.59 
22.70 
24.86 
17.76 
21.99 
26.57 
23.92 
7.05 
20.20 
20.27 
23.59 
11.44 
8.71 
24.46 
24.85 
7.35 
13.14 
27.20 
27.43 
25.51 
10.83 
7.55 
15.22 
28.58 
21.47 
8.67 
20.56 
27.46 
26.84 
28.56 
28.44 
27.65 
28.03 
20.84 
24.07 
27.48 
13.02 
29.91 
27.92 
28.46 
26.64 
26.50 
25.00 
29.09 
27.43 
23.21 
21.03 
23.09 
27.86 
29.06 
28.40 
29.10 
29.63 
10.45 
23.88 
19.99 
28.15 
14.74 
8.29 
26.31 
29.21 
27.86 
13.07 
8.31 
18.86 
16.48 
26.85 
22.09 
19.20 
8.32 
8.32 
22.93 
28.37 
8.31 
10.52 
22.06 
8.30 
8.30 
8.29 
8.28 
27.44 
28.11 
18.94 
19.09 
11.79 
26.35 
30.56 
20.72 
20.37 
10.37 
22.35 
20.98 
24.84 
15.03 
8.09 
15.99 
8.05 
8.03 
8.01 
13.71 
7.97 
7.95 
7.92 
24.99 
7.88 
24.41 
7.83 
10.80 
25.95 
18.74 
7.72 
13.50 
21.60 
20.22 
7.60 
7.57 
7.54 
7.51 
25.73 
14.17 
7.41 
22.10 
10.44 
7.31 
19.63 
21.84 
22.26 
19.45 
25.51 
25.27 
21.17 
24.14 
19.75 
22.06 
25.48 
6.85 
19.13 
22.84 
22.43 
6.68 
21.32 
23.56 
18.19 
19.96 
24.03 
21.93 
12.49 
6.33 
22.99 
17.74 
19.00 
18.91 
6.10 
12.31 
16.09 
19.24 
12.08 
21.37 
20.67 
20.84 
20.73 
21.47 
20.77 
20.08 
18.54 
18.14 
16.77 
5.38 
16.69 
19.47 
16.74 
17.45 
19.36 
15.86 
12.67 
18.44 
18.18 
4.89 
4.85 
17.14 
12.89 
8.30 
4.65 
14.24 
16.77 
16.65 
16.64 
15.53 
4.37 
6.40 
13.36 
11.21 
4.19 
14.93 
14.46 
8.85 
4.02 
3.97 
10.92 
3.89 
3.85 
3.81 
8.44 
8.04 
3.69 
3.65 
13.68 
11.21 
7.17 
12.94 
12.74 
11.07 
11.61 
12.76 
9.69 
5.43 
3.26 
3.23 
3.20 
11.52 
11.44 
11.07 
3.09 
12.09 
3.04 
3.01 
2.99 
10.47 
10.13 
5.37 
10.58 
10.15 
2.86 
9.78 
9.64 
2.81 
2.80 
2.78 
10.21 
10.45 
10.69 
10.39 
10.18 
2.72 
9.24 
10.74 
10.54 
10.17 
10.25 
9.89 
9.62 
10.41 
10.41 
8.02 
9.89 
9.81 
9.46 
8.58 
10.38 
9.42 
2.72 
8.21 
9.40 
2.75 
10.27 
10.40 
10.07 
10.11 
2.81 
2.83 
2.84 
6.67 
10.72 
9.75 
10.08 
10.99 
9.06 
2.99 
3.01 
3.04 
3.06 
3.09 
11.19 
11.46 
11.64 
11.63 
12.42 
11.80 
12.09 
9.50 
12.17 
11.85 
6.79 
12.98 
12.77 
12.65 
12.75 
3.62 
12.96 
13.84 
12.95 
12.50 
14.51 
14.29 
8.01 
3.94 
8.50 
13.71 
14.88 
14.88 
15.60 
15.49 
13.92 
7.83 
4.34 
16.35 
8.53 
16.36 
16.74 
15.09 
14.06 
13.66 
10.79 
16.34 
16.86 
9.61 
4.92 
15.90 
18.02 
17.61 
17.73 
17.17 
19.76 
19.21 
18.22 
20.02 
18.18 
5.46 
5.51 
20.39 
18.94 
19.63 
8.75 
9.54 
10.19 
21.71 
21.54 
20.92 
22.07 
22.34 
11.95 
22.87 
23.14 
20.82 
6.28 
23.33 
24.20 
23.39 
23.81 
23.76 
23.24 
23.18 
6.64 
24.16 
22.68 
22.93 
21.75 
17.85 
25.43 
24.24 
23.52 
7.01 
7.05 
7.09 
21.40 
7.17 
7.21 
24.06 
26.26 
22.72 
10.31 
22.52 
10.06 
21.82 
25.51 
26.73 
23.97 
27.52 
26.75 
15.64 
26.19 
25.74 
22.95 
7.76 
7.79 
7.81 
25.30 
27.69 
27.74 
28.62 
27.31 
24.82 
16.42 
27.42 
8.02 
22.41 
25.31 
28.56 
28.58 
26.75 
27.79 
15.27 
23.09 
26.84 
8.19 
17.37 
8.22 
23.51 
26.76 
16.41 
18.29 
23.90 
25.27 
12.54 
30.05 
25.13 
21.23 
11.88 
29.23 
29.06 
28.04 
12.91 
16.82 
23.28 
12.40 
8.32 
11.04 
8.32 
11.37 
18.67 
29.71 
8.30 
8.30 
29.84 
23.38 
29.48 
29.63 
21.65 
8.25 
25.69 
8.22 
15.83 
8.20 
8.18 
24.74 
25.23 
25.88 
28.05 
29.03 
27.15 
28.80 
22.71 
11.40 
8.01 
7.99 
7.97 
24.90 
26.71 
7.90 
7.88 
20.39 
7.83 
21.15 
22.11 
7.75 
7.72 
14.67 
7.66 
18.57 
11.41 
27.07 
21.40 
17.72 
21.45 
27.31 
17.57 
13.92 
26.77 
12.36 
24.84 
26.71 
23.24 
7.16 
25.03 
16.58 
15.72 
26.38 
25.66 
24.61 
25.48 
16.51 
6.81 
11.49 
22.12 
20.31 
19.44 
21.38 
6.55 
6.51 
24.03 
23.92 
20.30 
6.33 
10.84 
20.61 
21.11 
6.15 
19.11 
21.83 
21.57 
16.88 
21.34 
21.23 
21.84 
20.41 
17.98 
9.26 
13.63 
14.82 
19.53 
13.64 
12.85 
17.22 
12.12 
19.75 
20.17 
19.22 
18.14 
5.09 
19.37 
18.31 
17.38 
16.60 
15.96 
8.96 
18.31 
17.54 
14.09 
16.26 
17.40 
14.52 
4.47 
16.89 
15.29 
15.29 
15.53 
8.92 
13.50 
15.29 
13.52 
15.40 
4.02 
11.93 
14.69 
3.89 
14.24 
13.79 
13.45 
13.35 
4.78 
3.65 
3.61 
12.93 
11.87 
13.47 
12.84 
3.43 
7.55 
12.65 
12.56 
12.47 
11.87 
3.23 
12.30 
3.17 
11.94 
11.56 
9.44 
3.06 
11.44 
10.50 
2.99 
11.14 
10.60 
11.58 
11.05 
10.90 
9.17 
4.60 
10.65 
8.77 
10.47 
4.60 
5.67 
10.63 
10.42 
5.44 
9.46 
2.72 
2.71 
2.70 
2.70 
2.69 
9.54 
10.07 
2.68 
2.68 
2.68 
9.44 
10.33 
9.63 
9.82 
9.74 
2.70 
2.71 
7.47 
10.09 
8.32 
7.60 
9.97 
10.09 
9.95 
10.16 
9.75 
7.68 
9.00 
10.71 
2.86 
2.88 
2.90 
2.92 
10.71 
7.63 
10.93 
11.00 
6.33 
10.16 
3.09 
3.12 
11.27 
4.27 
11.83 
11.81 
6.62 
5.04 
5.29 
3.36 
3.40 
3.43 
12.88 
12.23 
3.54 
13.73 
3.62 
3.65 
13.95 
13.95 
13.39 
13.61 
8.62 
13.04 
9.92 
9.89 
14.88 
4.07 
4.12 
13.57 
15.37 
14.40 
14.76 
15.86 
15.49 
15.12 
4.48 
15.86 
14.84 
7.05 
17.38 
7.31 
16.60 
17.38 
13.43 
4.92 
16.43 
17.22 
16.26 
18.82 
16.36 
5.21 
20.03 
18.78 
16.53 
18.32 
5.46 
14.02 
5.56 
20.37 
5.66 
20.33 
11.28 
22.17 
21.12 
18.73 
12.02 
22.96 
18.60 
6.09 
10.66 
6.19 
23.25 
23.06 
15.21 
6.37 
24.47 
23.81 
20.65 
21.99 
19.58 
25.32 
24.16 
14.47 
24.67 
25.40 
23.58 
22.07 
25.68 
6.97 
25.53 
24.33 
16.15 
19.78 
25.70 
24.64 
25.04 
26.26 
14.36 
27.22 
27.46 
26.87 
23.96 
22.37 
26.24 
24.47 
25.03 
23.42 
23.64 
7.67 
26.24 
27.29 
28.18 
13.15 
27.94 
27.82 
28.03 
13.94 
7.91 
19.56 
29.03 
28.73 
28.77 
25.09 
19.71 
26.50 
8.08 
8.10 
8.12 
26.77 
29.00 
26.82 
26.16 
24.82 
24.84 
14.16 
8.23 
8.24 
28.13 
18.97 
27.47 
8.28 
8.29 
28.01 
27.34 
29.73 
25.48 
8.31 
18.86 
22.77 
27.53 
24.47 
21.75 
8.32 
11.89 
8.32 
8.32 
17.32 
25.13 
11.19 
8.30 
13.39 
8.29 
28.47 
29.48 
28.11 
28.43 
29.43 
8.23 
8.22 
8.21 
8.20 
17.83 
25.42 
20.66 
26.39 
8.12 
21.27 
28.50 
8.07 
8.05 
27.22 
28.20 
24.80 
17.38 
28.26 
28.55 
27.50 
7.88 
27.59 
16.35 
26.83 
18.44 
7.75 
13.04 
7.69 
22.76 
27.18 
7.60 
14.68 
18.10 
24.47 
9.94 
14.83 
7.41 
24.88 
20.57 
7.31 
7.27 
17.30 
22.26 
26.72 
14.22 
12.72 
18.60 
15.50 
22.94 
24.61 
21.03 
6.85 
6.81 
14.33 
21.81 
24.54 
24.13 
20.29 
23.77 
19.96 
6.46 
18.70 
19.84 
15.32 
6.28 
17.13 
21.87 
21.01 
15.82 
19.90 
21.72 
14.08 
5.91 
12.01 
8.44 
17.80 
17.70 
5.67 
5.62 
17.80 
20.66 
19.97 
18.03 
18.33 
18.08 
14.65 
5.23 
17.99 
18.41 
15.86 
15.35 
15.51 
15.66 
13.97 
14.26 
4.80 
17.02 
15.61 
4.65 
4.61 
16.77 
16.77 
13.54 
15.90 
4.37 
15.66 
14.44 
11.57 
9.08 
15.53 
14.93 
14.82 
12.72 
3.97 
8.05 
13.33 
11.98 
9.08 
8.33 
12.02 
13.79 
3.65 
9.89 
13.57 
12.94 
3.50 
13.16 
13.16 
12.96 
9.97 
12.15 
11.55 
8.53 
12.49 
12.40 
12.02 
12.04 
11.37 
11.00 
3.06 
3.04 
11.46 
11.20 
11.23 
11.26 
11.11 
11.14 
10.99 
10.66 
10.61 
9.73 
10.79 
10.84 
8.79 
2.77 
10.54 
7.44 
9.85 
10.45 
10.24 
10.13 
9.94 
8.14 
2.69 
9.90 
9.89 
9.88 
9.79 
8.01 
8.46 
8.91 
2.69 
9.11 
9.57 
9.67 
9.42 
9.80 
9.19 
9.40 
9.52 
10.00 
7.49 
9.07 
7.64 
2.81 
10.38 
10.34 
10.20 
8.67 
10.87 
9.61 
9.95 
10.67 
2.99 
3.01 
11.07 
3.06 
11.31 
11.29 
10.67 
8.26 
3.20 
12.42 
12.30 
9.43 
12.59 
9.06 
12.99 
3.43 
3.47 
11.59 
13.08 
13.29 
13.40 
10.55 
3.69 
6.07 
13.95 
14.51 
13.84 
12.92 
12.45 
11.28 
13.48 
13.59 
13.58 
13.69 
13.45 
5.46 
4.30 
4.34 
4.39 
4.44 
4.48 
11.33 
16.61 
15.98 
14.81 
15.70 
11.66 
14.11 
17.38 
18.30 
16.70 
7.30 
18.29 
17.60 
15.95 
16.20 
16.45 
18.08 
19.46 
18.18 
15.76 
18.42 
14.69 
20.66 
20.93 
21.05 
21.46 
19.54 
18.19 
18.14 
18.25 
8.97 
19.35 
21.86 
21.37 
19.81 
6.23 
23.52 
22.10 
24.67 
24.16 
22.72 
22.67 
12.94 
19.42 
6.64 
22.59 
22.20 
22.29 
20.63 
19.60 
6.89 
18.79 
17.90 
23.28 
26.10 
25.22 
23.68 
25.54 
25.29 
10.02 
21.84 
26.66 
27.22 
26.47 
24.40 
16.70 
25.18 
23.09 
27.62 
9.74 
18.43 
26.13 
18.68 
20.73 
7.73 
27.85 
26.55 
27.61 
27.82 
27.86 
28.07 
28.45 
7.94 
17.74 
26.88 
27.59 
27.11 
8.04 
19.39 
30.42 
27.40 
30.47 
29.99 
29.68 
21.56 
21.07 
10.06 
26.71 
29.61 
25.04 
21.83 
15.73 
26.95 
25.43 
13.55 
19.16 
28.35 
23.60 
28.03 
27.69 
8.31 
8.32 
27.87 
23.96 
14.95 
29.57 
15.63 
30.25 
29.39 
8.32 
8.31 
30.56 
27.84 
29.87 
28.84 
20.00 
8.28 
13.19 
19.46 
16.22 
8.25 
20.77 
13.30 
14.98 
30.03 
29.67 
28.63 
24.72 
28.58 
24.50 
8.11 
17.87 
20.04 
26.24 
24.19 
8.01 
7.99 
9.82 
7.95 
9.43 
26.67 
24.11 
24.41 
22.19 
10.14 
24.78 
26.90 
28.51 
22.31 
7.66 
20.06 
26.46 
27.40 
26.35 
26.61 
19.81 
26.49 
28.06 
17.19 
24.49 
24.58 
13.13 
12.59 
12.06 
21.22 
25.83 
22.37 
19.09 
14.53 
9.68 
25.89 
25.80 
25.23 
19.76 
11.02 
16.15 
17.02 
6.64 
9.86 
23.15 
24.60 
23.88 
21.47 
6.37 
23.86 
22.99 
21.97 
17.65 
16.50 
21.20 
6.05 
22.02 
18.51 
14.73 
22.10 
20.67 
5.77 
20.00 
10.41 
5.62 
17.23 
20.38 
12.37 
19.01 
12.48 
9.76 
20.58 
8.80 
11.18 
18.41 
5.09 
14.55 
18.31 
15.93 
7.39 
14.26 
11.56 
10.17 
7.40 
16.90 
16.64 
16.02 
16.52 
16.15 
13.80 
4.37 
4.33 
14.57 
11.33 
4.19 
4.15 
4.10 
14.82 
14.47 
13.31 
6.68 
7.30 
3.85 
6.83 
14.23 
14.34 
13.13 
11.06 
13.14 
12.93 
12.83 
12.94 
11.05 
3.43 
12.85 
12.45 
12.46 
10.33 
3.26 
11.79 
11.90 
3.17 
3.14 
8.22 
11.19 
3.06 
11.44 
10.31 
9.20 
2.96 
8.14 
2.92 
2.90 
10.99 
10.84 
9.59 
9.46 
10.42 
10.20 
2.78 
10.48 
6.38 
7.35 
9.76 
9.55 
9.98 
10.13 
7.17 
10.10 
9.91 
8.38 
5.53 
8.99 
9.88 
9.61 
6.77 
9.89 
9.19 
8.75 
2.70 
9.31 
9.42 
6.75 
9.55 
