20050101
10.12 
11.91 
8.72 
9.48 
3.34 
3.35 
3.37 
7.71 
10.39 
9.79 
3.44 
3.45 
3.48 
3.50 
10.78 
9.52 
9.68 
11.05 
9.90 
9.85 
3.66 
9.85 
3.72 
3.75 
11.40 
3.81 
10.74 
10.92 
6.11 
12.00 
12.32 
12.99 
11.29 
10.77 
4.11 
4.14 
4.18 
4.22 
4.26 
4.29 
14.18 
9.77 
10.22 
4.45 
4.49 
4.53 
4.57 
4.62 
4.66 
16.80 
17.31 
16.76 
15.27 
10.53 
4.92 
6.87 
16.37 
8.49 
13.68 
15.30 
12.04 
17.33 
19.13 
19.54 
19.23 
19.49 
17.87 
18.41 
5.54 
5.59 
18.44 
20.92 
15.68 
16.52 
5.81 
20.78 
19.22 
11.11 
17.44 
6.03 
8.69 
19.41 
22.30 
20.85 
22.04 
22.62 
19.73 
10.49 
21.49 
21.27 
6.50 
20.33 
21.86 
23.88 
17.50 
23.74 
22.37 
6.78 
6.82 
19.66 
6.89 
23.76 
25.16 
25.07 
19.17 
22.90 
23.97 
24.04 
23.44 
25.69 
26.43 
24.98 
25.55 
23.58 
24.83 
17.76 
27.50 
27.39 
23.01 
20.84 
25.16 
26.92 
25.26 
7.64 
12.47 
27.46 
23.20 
27.03 
26.73 
22.97 
25.94 
23.39 
7.85 
25.70 
7.90 
7.92 
7.94 
26.69 
21.51 
22.23 
25.56 
25.93 
26.65 
26.50 
27.56 
26.36 
21.34 
17.35 
22.41 
13.37 
8.16 
28.90 
30.14 
27.54 
26.15 
8.21 
24.43 
20.95 
15.03 
8.24 
24.29 
24.47 
26.74 
26.57 
25.88 
23.44 
23.27 
28.15 
20.30 
27.80 
23.97 
19.96 
28.32 
28.32 
25.00 
8.27 
12.28 
8.27 
13.49 
23.93 
8.25 
13.30 
15.03 
8.24 
8.23 
14.31 
23.35 
26.29 
13.41 
20.18 
13.56 
17.20 
15.45 
20.47 
23.06 
20.26 
11.74 
16.58 
8.07 
18.45 
26.22 
21.53 
8.01 
8.86 
15.92 
24.19 
25.37 
7.92 
17.38 
13.39 
9.40 
12.31 
21.90 
10.19 
14.97 
23.34 
24.16 
10.77 
24.41 
20.61 
14.61 
21.55 
25.59 
25.88 
24.13 
18.49 
21.49 
18.90 
7.39 
22.68 
20.77 
7.29 
9.27 
10.24 
7.20 
22.98 
15.11 
22.35 
21.29 
15.28 
6.99 
22.07 
24.62 
22.91 
9.62 
23.73 
23.64 
19.03 
23.31 
20.65 
21.05 
18.89 
22.63 
20.63 
22.77 
16.99 
6.37 
6.33 
6.29 
19.48 
11.63 
6.16 
6.12 
16.35 
22.06 
21.04 
17.76 
8.77 
5.86 
5.82 
5.77 
5.73 
5.68 
5.64 
5.89 
5.55 
14.48 
18.86 
5.42 
20.21 
18.67 
17.99 
18.72 
14.84 
5.15 
5.11 
6.85 
18.29 
17.76 
17.11 
7.99 
4.85 
4.81 
4.76 
12.35 
16.58 
16.86 
13.90 
10.85 
6.94 
14.77 
13.65 
14.57 
15.72 
9.03 
13.90 
11.11 
11.28 
4.17 
14.50 
15.12 
13.24 
13.62 
14.24 
12.28 
7.77 
3.89 
11.24 
11.05 
11.44 
3.77 
3.74 
3.71 
3.69 
5.22 
6.40 
13.62 
13.01 
13.59 
13.63 
8.27 
5.54 
12.80 
12.53 
12.16 
10.20 
3.40 
12.76 
11.66 
10.57 
6.47 
8.95 
7.05 
3.30 
6.91 
3.28 
3.27 
10.26 
12.10 
12.08 
11.96 
10.42 
9.49 
3.24 
12.04 
12.35 
11.43 
10.82 
11.24 
3.25 
3.25 
3.26 
3.27 
3.27 
3.28 
3.29 
3.30 
3.31 
3.33 
3.34 
12.16 
7.78 
11.19 
12.29 
10.43 
3.44 
3.45 
3.48 
7.81 
6.88 
3.54 
3.56 
3.59 
3.61 
3.64 
3.66 
3.69 
8.22 
3.75 
3.78 
11.24 
7.06 
3.87 
3.90 
3.94 
3.97 
4.00 
4.04 
13.88 
4.11 
4.14 
12.58 
15.73 
12.51 
14.58 
16.18 
14.41 
4.41 
9.15 
15.35 
5.69 
14.01 
14.50 
14.99 
16.67 
16.91 
4.79 
15.13 
6.35 
17.37 
4.96 
5.00 
5.05 
12.71 
19.47 
18.34 
17.89 
17.15 
17.83 
17.23 
17.91 
5.45 
5.50 
5.54 
5.59 
15.50 
21.21 
20.89 
13.83 
21.86 
18.36 
19.52 
19.93 
19.42 
13.54 
17.62 
21.58 
20.60 
21.32 
19.07 
21.05 
22.25 
22.82 
20.86 
21.59 
16.56 
23.69 
6.58 
6.62 
21.06 
21.63 
23.83 
19.84 
19.91 
22.94 
17.59 
6.93 
16.39 
19.44 
22.99 
23.40 
17.13 
21.36 
24.11 
25.02 
7.25 
17.73 
26.23 
25.28 
7.38 
23.19 
20.19 
27.05 
23.52 
25.45 
20.72 
13.40 
13.09 
11.92 
7.66 
24.88 
19.42 
19.45 
7.76 
14.86 
7.81 
16.82 
28.61 
28.47 
29.20 
27.50 
24.58 
24.61 
25.85 
14.94 
8.01 
19.67 
29.43 
13.97 
8.07 
13.31 
29.34 
28.49 
27.81 
30.09 
25.06 
24.72 
20.20 
10.11 
23.19 
26.16 
24.78 
20.78 
28.28 
25.50 
30.04 
29.00 
19.94 
8.26 
25.35 
28.15 
28.84 
26.75 
27.10 
27.98 
25.19 
8.28 
8.28 
28.14 
27.27 
24.48 
29.18 
27.08 
22.54 
24.28 
21.49 
22.00 
8.24 
8.24 
8.23 
21.79 
8.21 
16.20 
21.41 
12.71 
8.18 
8.16 
22.57 
24.11 
18.89 
17.31 
16.25 
11.21 
8.07 
8.06 
8.04 
11.66 
8.01 
7.99 
12.29 
14.17 
20.71 
22.75 
14.28 
10.12 
22.49 
10.07 
11.76 
7.79 
7.77 
7.74 
7.72 
12.65 
17.24 
22.32 
24.33 
23.43 
22.53 
24.01 
24.13 
13.41 
8.80 
21.27 
25.60 
24.03 
26.32 
8.80 
7.26 
7.23 
19.54 
7.16 
7.13 
7.09 
7.89 
7.02 
6.99 
6.95 
6.92 
6.88 
11.57 
6.81 
6.77 
19.19 
23.79 
8.10 
17.36 
24.80 
24.71 
23.65 
22.61 
18.57 
6.37 
6.33 
14.25 
6.25 
19.85 
11.88 
6.12 
9.75 
12.75 
13.74 
11.70 
5.90 
5.86 
5.82 
14.40 
5.73 
5.68 
17.97 
19.48 
10.79 
12.60 
14.10 
13.59 
5.37 
5.33 
18.13 
18.72 
16.10 
10.43 
5.11 
14.97 
5.02 
4.98 
12.65 
4.89 
13.81 
4.81 
4.76 
14.85 
15.40 
4.64 
7.44 
13.81 
12.31 
12.48 
13.91 
8.04 
12.22 
15.11 
14.89 
15.53 
15.67 
15.81 
15.46 
15.12 
13.71 
13.39 
12.59 
13.45 
11.96 
11.08 
12.62 
10.59 
11.55 
3.77 
3.74 
6.41 
3.69 
4.77 
3.63 
3.61 
3.58 
3.56 
3.54 
4.49 
7.69 
9.91 
9.75 
11.52 
10.20 
10.48 
3.38 
8.62 
3.35 
3.34 
3.32 
6.12 
10.04 
11.15 
5.76 
9.04 
12.11 
11.68 
11.98 
11.76 
10.72 
5.39 
10.41 
9.79 
9.89 
3.24 
3.24 
3.25 
3.25 
3.25 
3.26 
3.27 
3.27 
3.28 
3.29 
3.30 
3.31 
3.33 
8.77 
11.95 
11.99 
11.19 
11.55 
10.53 
3.44 
3.45 
3.48 
3.50 
3.52 
3.54 
11.54 
11.82 
5.71 
3.64 
3.66 
9.07 
8.22 
3.75 
3.78 
11.58 
13.04 
13.93 
13.67 
14.46 
14.08 
14.29 
13.20 
14.60 
13.37 
11.65 
7.96 
4.22 
4.26 
12.72 
15.56 
14.78 
13.50 
4.45 
16.50 
4.53 
4.57 
4.62 
4.66 
13.78 
12.55 
4.79 
17.01 
4.87 
8.71 
4.96 
14.72 
9.32 
5.09 
5.14 
5.18 
5.23 
9.09 
13.14 
16.80 
17.04 
14.84 
16.96 
19.54 
18.04 
9.46 
5.68 
5.72 
5.76 
5.81 
5.85 
5.90 
18.41 
14.38 
20.14 
20.24 
6.12 
18.27 
21.16 
12.03 
20.73 
19.73 
20.45 
6.42 
11.23 
8.90 
23.05 
23.63 
23.24 
12.00 
18.55 
24.32 
23.43 
22.53 
15.72 
17.75 
16.17 
11.27 
19.93 
16.68 
23.23 
21.80 
22.37 
22.93 
12.25 
21.21 
24.31 
14.91 
24.94 
27.20 
22.68 
23.59 
23.98 
22.50 
19.65 
17.64 
25.38 
24.57 
27.71 
26.04 
26.43 
26.47 
24.28 
21.04 
16.59 
9.02 
25.46 
28.09 
25.36 
22.45 
29.06 
27.19 
28.95 
28.28 
20.15 
17.91 
8.03 
8.04 
25.63 
23.21 
17.66 
28.47 
27.27 
26.77 
8.14 
8.16 
11.65 
16.72 
22.48 
11.86 
21.98 
27.39 
27.40 
24.97 
13.64 
8.24 
26.56 
22.21 
8.26 
20.12 
25.70 
25.71 
25.36 
8.28 
8.28 
8.28 
8.28 
8.28 
26.40 
25.87 
23.78 
15.41 
20.46 
24.11 
22.71 
8.25 
26.53 
24.26 
25.99 
16.06 
8.22 
12.21 
16.55 
8.20 
25.57 
24.68 
20.33 
18.57 
8.14 
8.13 
17.31 
23.89 
15.72 
21.25 
8.06 
8.04 
21.01 
20.12 
7.99 
7.97 
7.96 
11.04 
15.85 
14.79 
7.88 
7.85 
16.61 
24.48 
7.79 
24.75 
25.91 
18.33 
7.69 
13.82 
7.64 
7.62 
7.59 
26.10 
25.88 
23.96 
15.78 
20.13 
22.96 
10.25 
5524.16 
23.63 
24.07 
19.99 
21.27 
24.72 
22.82 
7.13 
15.39 
10.54 
20.23 
6.99 
6.95 
6.92 
20.62 
24.13 
8.92 
9.85 
14.33 
22.83 
6.65 
15.59 
22.24 
20.08 
22.22 
6.45 
6.41 
14.55 
16.52 
20.97 
7.49 
23.42 
23.46 
21.97 
21.40 
22.22 
20.59 
20.33 
5.90 
7.81 
5.82 
5.77 
5.73 
5.68 
5.64 
13.78 
5.55 
5.51 
5.46 
5.42 
5.37 
5.76 
5.29 
5.24 
5.20 
5.15 
5.11 
12.08 
16.24 
17.90 
17.38 
8.26 
18.36 
17.18 
12.44 
14.06 
12.00 
4.64 
7.44 
4.56 
4.52 
10.70 
10.62 
14.94 
9.10 
16.23 
16.00 
13.81 
8.11 
13.87 
4.13 
10.33 
10.26 
13.86 
3.99 
7.94 
3.93 
3.89 
3.86 
3.83 
3.80 
9.55 
13.78 
12.13 
13.74 
12.99 
10.38 
3.61 
3.58 
3.56 
11.79 
11.84 
12.11 
3.47 
3.45 
3.43 
3.41 
12.59 
10.86 
3.37 
9.21 
9.08 
3.32 
3.31 
3.30 
3.29 
3.28 
6.47 
11.91 
12.20 
9.21 
3.25 
5.09 
3.24 
3.24 
3.24 
3.24 
8.56 
3.24 
4.48 
3.25 
3.25 
9.12 
11.81 
11.11 
10.62 
11.68 
11.70 
10.59 
11.14 
11.28 
3.35 
3.37 
9.29 
3.40 
3.42 
3.44 
3.45 
3.48 
3.50 
3.52 
3.54 
3.56 
3.59 
3.61 
3.64 
4.89 
3.69 
3.72 
3.75 
3.78 
3.81 
3.84 
3.87 
6.46 
6.62 
12.67 
10.03 
4.04 
11.25 
4.11 
13.59 
14.41 
9.61 
15.47 
14.21 
14.18 
11.15 
13.25 
14.23 
15.73 
12.11 
15.56 
11.64 
10.67 
15.35 
14.67 
17.43 
15.67 
15.24 
4.92 
4.96 
18.97 
19.23 
18.11 
19.06 
17.08 
19.86 
19.84 
18.83 
18.80 
9.86 
19.46 
14.93 
18.96 
19.80 
20.06 
5.68 
20.74 
18.01 
17.06 
18.36 
21.34 
12.94 
11.79 
6.03 
17.62 
20.96 
23.23 
21.32 
22.51 
22.46 
22.25 
6.37 
6.42 
6.46 
6.50 
12.31 
21.21 
22.75 
15.24 
20.66 
21.88 
21.31 
6.82 
19.66 
17.10 
12.70 
6.97 
21.09 
11.03 
23.56 
23.47 
23.87 
7.18 
7.21 
7.25 
19.75 
21.84 
25.95 
26.35 
25.91 
24.95 
25.68 
25.57 
21.70 
25.16 
25.73 
23.38 
12.61 
25.87 
26.43 
26.47 
7.74 
7.76 
22.63 
26.29 
20.28 
27.92 
27.44 
27.12 
25.42 
18.86 
7.96 
24.64 
25.53 
24.34 
26.97 
27.34 
25.11 
26.00 
17.49 
12.46 
18.57 
26.24 
17.03 
29.06 
28.73 
26.30 
29.98 
14.47 
27.21 
25.48 
8.22 
26.19 
23.41 
24.29 
15.23 
21.86 
21.86 
8.26 
8.27 
8.27 
8.27 
16.64 
27.63 
8.28 
16.12 
8.28 
8.28 
23.96 
11.76 
25.69 
20.46 
25.85 
21.84 
22.36 
8.25 
8.24 
18.85 
25.28 
20.57 
13.95 
22.12 
18.45 
18.44 
19.82 
5700.34 
8.15 
18.04 
26.70 
8.12 
8.10 
27.33 
8.07 
8.06 
15.49 
24.30 
14.41 
7.99 
10.91 
23.50 
20.02 
21.03 
7.90 
19.93 
23.00 
11.10 
19.67 
12.08 
24.75 
22.48 
19.53 
15.56 
7.67 
20.96 
25.01 
22.92 
23.04 
19.93 
16.67 
7.48 
14.55 
19.07 
10.25 
17.63 
23.80 
23.07 
15.30 
7.23 
20.88 
26.31 
13.44 
22.52 
22.45 
7.02 
19.18 
7.78 
6.92 
22.09 
25.77 
23.08 
19.75 
22.75 
22.66 
22.58 
6.61 
6.57 
12.11 
6.49 
23.56 
21.57 
21.63 
21.85 
19.41 
16.83 
15.04 
6.16 
6.12 
13.89 
7.71 
8.73 
5.95 
5.90 
9.16 
5.82 
5.77 
5.73 
8.78 
17.97 
19.48 
18.20 
16.65 
5.46 
10.72 
14.50 
11.86 
11.21 
5.24 
12.18 
5.15 
16.72 
15.93 
18.29 
17.22 
15.49 
16.33 
12.74 
14.92 
4.76 
4.72 
4.68 
17.64 
16.88 
16.77 
16.27 
12.22 
4.81 
4.40 
4.36 
15.61 
14.15 
15.28 
15.18 
10.47 
13.90 
7.69 
4.06 
14.93 
6.00 
14.39 
12.31 
6.10 
3.86 
3.83 
10.64 
11.82 
12.99 
13.59 
13.40 
12.99 
13.14 
3.61 
3.58 
12.50 
13.09 
8.06 
13.08 
11.41 
12.64 
12.69 
12.85 
11.32 
3.38 
12.61 
12.46 
12.21 
11.24 
11.00 
11.70 
3.29 
9.89 
3.27 
7.48 
10.86 
11.36 
11.45 
10.52 
10.31 
7.44 
3.65 
10.30 
11.12 
8.26 
11.34 
8.69 
3.25 
10.76 
3.27 
3.27 
10.10 
11.88 
10.74 
4.65 
3.31 
3.33 
3.34 
3.35 
3.37 
8.13 
9.33 
12.02 
12.18 
12.34 
12.71 
12.67 
11.75 
5.06 
10.01 
13.03 
3.61 
3.64 
13.36 
8.28 
13.40 
13.37 
14.01 
13.87 
13.84 
8.26 
9.83 
5.22 
3.97 
4.00 
4.04 
9.46 
13.37 
4.14 
4.18 
4.22 
4.26 
15.33 
15.68 
15.54 
4.41 
4.45 
14.45 
4.53 
4.57 
4.62 
4.66 
4.70 
17.31 
15.96 
12.99 
4.87 
4.92 
4.96 
5.00 
5.05 
5.09 
5.14 
5.18 
5.23 
5.27 
18.54 
18.23 
18.62 
14.26 
17.83 
5.54 
5.59 
5.63 
19.14 
21.18 
19.06 
17.21 
19.42 
20.43 
20.08 
10.87 
6.03 
21.16 
21.11 
14.70 
21.63 
18.76 
6.29 
18.46 
18.39 
6.42 
14.58 
19.44 
10.23 
16.07 
19.04 
20.09 
23.09 
23.02 
23.59 
24.49 
14.90 
20.06 
17.65 
20.36 
16.78 
14.35 
23.90 
13.29 
7.15 
7.18 
18.30 
25.08 
11.16 
12.21 
14.11 
25.17 
24.72 
25.80 
25.17 
26.25 
23.06 
9.43 
25.73 
24.75 
27.54 
27.41 
26.43 
27.51 
21.18 
7.76 
7.79 
7.81 
25.98 
7.85 
7.87 
7.90 
16.93 
27.88 
27.21 
25.51 
23.28 
24.00 
10.46 
28.39 
25.28 
17.82 
27.93 
9.50 
8.12 
19.28 
30.62 
30.11 
29.25 
28.22 
25.79 
27.20 
23.20 
8.22 
20.95 
8.23 
21.32 
28.82 
25.34 
23.25 
23.95 
19.60 
24.13 
24.14 
16.29 
8.28 
8.28 
27.97 
29.02 
29.37 
30.41 
29.36 
29.70 
28.30 
17.50 
16.45 
25.85 
28.80 
28.44 
24.26 
28.77 
28.07 
16.05 
16.04 
22.81 
8.20 
21.92 
12.00 
22.24 
27.78 
8.14 
19.24 
22.34 
9.49 
8.09 
8.07 
14.47 
8.04 
8.03 
8.01 
25.28 
16.10 
14.69 
22.44 
7.92 
21.69 
25.10 
23.35 
21.25 
19.84 
10.19 
7.77 
7.74 
7.72 
14.19 
13.65 
19.08 
14.44 
7.59 
23.55 
27.58 
27.18 
24.76 
21.15 
14.51 
9.92 
24.03 
19.43 
14.17 
7.26 
7.23 
20.38 
12.66 
14.94 
10.41 
23.61 
11.15 
6.99 
24.87 
25.12 
22.91 
10.27 
19.17 
14.07 
9.64 
6.69 
6.65 
6.61 
21.60 
6.53 
8.88 
8.19 
6.41 
6.37 
15.11 
6.29 
8.74 
6.20 
6.16 
6.12 
22.63 
22.06 
21.50 
5.95 
21.74 
16.82 
5.82 
5.77 
7.65 
19.55 
13.71 
17.43 
17.04 
17.67 
18.86 
18.03 
5.37 
5.33 
5.29 
5.24 
5.20 
5.15 
16.17 
17.72 
17.74 
19.12 
18.46 
12.96 
17.29 
17.58 
15.87 
17.35 
16.84 
13.74 
13.52 
9.57 
14.48 
8.54 
13.28 
4.40 
4.36 
10.90 
15.51 
13.07 
14.69 
15.32 
15.10 
12.85 
4.06 
4.03 
3.99 
3.96 
6.02 
3.89 
3.86 
3.83 
4.14 
13.64 
5.66 
12.36 
11.73 
12.77 
12.92 
7.13 
3.58 
7.38 
3.54 
3.51 
3.49 
3.47 
5.91 
3.43 
9.88 
11.11 
11.81 
11.35 
10.05 
3.34 
3.32 
8.09 
3.30 
3.29 
5.35 
6.36 
3.27 
3.26 
3.25 
6.84 
8.16 
9.59 
11.43 
11.43 
11.12 
9.38 
7.13 
11.44 
5.92 
11.37 
10.87 
11.19 
11.42 
10.72 
11.05 
7.76 
3.31 
3.33 
9.19 
11.63 
3.37 
3.38 
3.40 
3.42 
7.17 
12.02 
12.07 
11.91 
11.64 
11.70 
10.78 
3.59 
3.61 
3.64 
3.66 
12.87 
12.61 
11.33 
13.10 
9.87 
11.31 
12.19 
12.74 
11.77 
11.96 
12.04 
11.53 
12.45 
11.93 
4.14 
4.18 
4.22 
4.26 
4.29 
4.33 
6.38 
11.10 
6.61 
9.73 
4.53 
4.57 
16.84 
17.34 
17.46 
17.71 
12.77 
16.61 
15.78 
4.92 
9.59 
13.77 
8.90 
5.09 
14.32 
11.48 
5.23 
8.52 
5.32 
14.22 
16.47 
5.45 
20.45 
21.44 
15.55 
16.38 
13.67 
5.72 
15.03 
20.81 
17.46 
7.71 
17.95 
16.83 
9.71 
6.07 
13.69 
7.09 
22.56 
21.26 
18.54 
22.25 
6.37 
15.62 
15.06 
20.08 
23.69 
23.14 
22.43 
17.34 
20.17 
21.71 
24.57 
20.40 
6.86 
6.89 
6.93 
19.70 
7.00 
19.34 
19.23 
17.96 
20.36 
7.18 
7.21 
12.63 
24.81 
25.72 
25.11 
7.38 
22.17 
24.78 
25.34 
27.10 
26.82 
27.38 
26.92 
24.06 
7.64 
15.39 
24.88 
26.99 
10.32 
24.66 
28.84 
28.88 
18.72 
13.73 
24.84 
27.30 
7.92 
7.94 
21.14 
30.19 
28.14 
8.01 
21.24 
24.74 
28.06 
27.56 
8.09 
8.10 
25.36 
25.55 
25.39 
22.79 
24.37 
18.98 
8.19 
8.20 
25.47 
25.65 
20.78 
8.23 
8.24 
16.44 
26.73 
26.39 
23.95 
26.05 
27.27 
27.10 
27.10 
22.92 
21.53 
22.57 
25.88 
18.91 
23.96 
23.43 
22.21 
24.65 
26.21 
28.64 
28.11 
21.66 
10.34 
14.86 
8.24 
23.19 
10.66 
28.91 
8.21 
17.24 
18.79 
11.82 
8.16 
25.17 
21.34 
27.22 
8.12 
11.92 
8.09 
8.07 
8.06 
26.92 
24.47 
26.69 
7.99 
15.40 
7.96 
12.60 
21.89 
21.52 
24.07 
25.24 
24.69 
15.89 
20.84 
23.89 
20.94 
15.08 
27.37 
18.09 
20.96 
16.48 
10.65 
9.77 
7.53 
10.90 
7.98 
17.60 
26.33 
26.44 
16.95 
7.33 
7.29 
8.27 
7.23 
7.20 
7.16 
7.13 
8.59 
23.77 
22.55 
22.80 
17.14 
12.49 
6.88 
6.84 
20.80 
11.96 
6.73 
6.69 
6.65 
7.58 
7.37 
18.97 
20.95 
17.22 
22.83 
15.49 
19.65 
6.29 
9.83 
6.20 
6.16 
13.97 
6.08 
9.85 
21.50 
5.95 
5.90 
9.91 
19.42 
7.26 
5.73 
10.85 
5.64 
20.65 
20.24 
19.84 
19.58 
19.03 
14.22 
5.33 
5.29 
5.24 
10.51 
5.15 
16.86 
12.77 
18.83 
18.58 
11.02 
8.93 
4.85 
4.81 
4.76 
11.03 
11.74 
4.64 
4.60 
4.56 
15.12 
14.64 
14.67 
14.44 
14.34 
4.32 
4.28 
14.91 
15.30 
13.14 
14.50 
15.36 
15.02 
12.32 
13.65 
12.98 
12.78 
13.39 
6.51 
12.43 
13.49 
11.94 
9.95 
13.14 
13.18 
12.44 
11.93 
11.64 
11.47 
12.07 
10.59 
10.00 
12.32 
12.16 
10.82 
12.37 
10.94 
11.22 
11.81 
3.37 
10.26 
11.79 
11.24 
10.38 
11.28 
11.25 
3.28 
3.27 
6.56 
7.06 
11.16 
11.35 
10.83 
11.43 
11.33 
11.02 
10.30 
8.97 
6.73 
5.60 
11.25 
11.16 
11.28 
11.30 
11.11 
11.24 
10.95 
3.30 
3.31 
6.04 
3.34 
10.17 
10.83 
7.71 
11.13 
8.94 
11.75 
11.27 
11.10 
3.50 
11.64 
12.14 
3.56 
3.59 
3.61 
3.64 
3.66 
3.69 
9.57 
11.10 
8.56 
6.21 
3.84 
4.22 
12.62 
12.59 
13.26 
13.82 
13.08 
7.54 
11.57 
8.38 
12.95 
4.22 
7.09 
4.29 
4.33 
7.13 
10.85 
4.45 
13.56 
13.53 
8.19 
4.62 
4.66 
4.70 
10.70 
10.91 
7.51 
14.70 
4.92 
4.96 
5.00 
7.11 
5.09 
5.14 
17.08 
16.91 
15.88 
13.99 
6.22 
17.04 
12.96 
18.41 
19.98 
17.46 
18.89 
14.55 
6.17 
20.25 
21.56 
21.23 
19.52 
5.94 
5.99 
10.32 
20.24 
20.49 
22.61 
22.56 
23.14 
23.09 
22.88 
23.14 
22.60 
23.34 
17.04 
6.54 
22.82 
23.72 
18.31 
17.57 
18.13 
21.14 
23.68 
18.02 
25.16 
24.75 
24.83 
23.58 
23.82 
24.73 
22.30 
25.04 
25.62 
21.82 
16.50 
7.28 
23.69 
26.12 
24.83 
21.32 
27.33 
24.49 
26.08 
20.16 
10.97 
9.64 
26.46 
25.65 
24.67 
21.62 
17.35 
7.74 
7.76 
7.79 
22.32 
29.09 
26.54 
27.44 
27.12 
27.50 
22.68 
26.87 
21.69 
7.99 
8.01 
8.03 
27.69 
18.67 
26.00 
26.54 
19.77 
25.01 
8.13 
10.76 
28.19 
28.38 
28.57 
28.06 
27.02 
23.03 
25.30 
28.62 
27.76 
9.46 
20.97 
21.33 
26.22 
26.57 
22.39 
12.63 
23.44 
8.27 
17.69 
27.10 
21.35 
25.88 
12.81 
10.02 
16.12 
14.72 
29.35 
11.75 
26.38 
26.20 
26.54 
24.96 
11.20 
8.24 
8.23 
11.88 
8.21 
29.59 
29.06 
27.83 
17.73 
19.46 
21.01 
8.14 
11.43 
24.60 
27.88 
22.48 
8.07 
20.53 
15.66 
17.37 
10.26 
23.03 
21.97 
27.30 
14.84 
24.65 
23.58 
7.88 
13.71 
10.24 
7.81 
7.79 
17.89 
7.74 
7.72 
7.69 
15.53 
12.93 
22.11 
22.23 
16.24 
7.53 
15.48 
20.69 
9.31 
7.42 
9.58 
7.36 
7.33 
7.29 
7.26 
13.92 
15.54 
22.15 
20.59 
20.03 
14.01 
19.74 
19.67 
12.21 
22.49 
12.28 
12.72 
6.81 
6.77 
6.73 
6.69 
6.65 
6.61 
12.33 
6.53 
6.49 
6.45 
6.41 
6.37 
10.40 
15.66 
6.25 
6.20 
21.76 
21.66 
20.33 
22.06 
19.83 
19.73 
19.47 
16.82 
5.82 
5.77 
5.73 
5.68 
15.62 
14.07 
18.35 
5.51 
17.85 
18.46 
14.50 
12.71 
5.29 
5.24 
5.20 
5.15 
17.14 
18.13 
18.29 
18.44 
18.33 
12.16 
11.81 
9.46 
15.74 
4.72 
4.68 
11.14 
16.62 
4.56 
13.20 
9.05 
12.14 
4.40 
7.98 
4.32 
4.28 
4.24 
4.21 
4.17 
4.13 
4.10 
4.06 
9.00 
10.83 
11.22 
5.67 
14.32 
10.31 
3.83 
3.80 
3.77 
3.74 
10.90 
9.72 
3.66 
11.82 
12.74 
7.20 
3.56 
3.54 
3.51 
3.49 
3.47 
7.62 
5.88 
3.41 
3.40 
3.38 
3.37 
3.35 
3.34 
10.82 
9.54 
11.90 
10.94 
10.40 
9.35 
6.56 
11.27 
10.95 
4.79 
3.25 
3.24 
3.24 
3.24 
9.38 
10.20 
11.44 
11.85 
4.69 
3.25 
3.26 
3.27 
3.27 
3.28 
3.29 
6.10 
9.45 
10.41 
9.82 
3.35 
3.37 
3.38 
3.40 
3.42 
9.83 
3.45 
3.48 
3.50 
3.52 
3.54 
3.56 
3.59 
3.61 
3.64 
3.66 
4.92 
3.72 
11.44 
13.10 
12.84 
10.74 
3.87 
3.90 
3.94 
3.97 
4.00 
9.15 
13.64 
4.11 
4.14 
4.18 
14.39 
4.26 
10.37 
13.81 
13.40 
4.41 
4.45 
4.49 
4.53 
12.72 
14.76 
15.51 
14.43 
13.21 
4.79 
10.99 
12.81 
4.92 
4.96 
7.88 
13.58 
14.64 
10.43 
5.18 
5.23 
5.27 
7.31 
8.93 
5.41 
14.40 
7.82 
5.54 
13.94 
19.33 
13.37 
18.51 
15.03 
5.81 
15.35 
17.86 
18.41 
5.99 
9.56 
6.07 
6.12 
21.99 
23.03 
22.36 
18.54 
20.99 
12.07 
14.51 
19.36 
23.27 
20.81 
6.58 
23.88 
20.58 
22.77 
23.83 
21.96 
24.00 
15.23 
17.75 
17.32 
8.62 
25.90 
17.84 
23.23 
20.30 
13.84 
15.73 
7.21 
7.25 
10.82 
20.65 
22.91 
7.38 
25.74 
26.99 
24.32 
24.72 
25.79 
12.51 
25.21 
23.72 
27.02 
27.41 
26.77 
26.82 
12.39 
22.76 
21.76 
12.13 
19.76 
7.85 
27.09 
26.60 
29.41 
28.57 
27.91 
16.13 
25.53 
24.34 
15.33 
8.04 
8.06 
13.29 
26.36 
22.21 
27.10 
22.76 
11.98 
23.84 
8.17 
16.54 
26.14 
24.41 
24.07 
21.64 
8.22 
23.05 
19.05 
28.12 
21.85 
29.18 
27.44 
27.27 
23.79 
28.15 
27.63 
25.88 
25.36 
26.58 
28.32 
27.27 
27.10 
17.16 
20.29 
8.27 
8.27 
17.49 
8.26 
8.25 
23.92 
23.91 
16.76 
25.46 
8.22 
27.52 
25.94 
8.20 
8.19 
8.18 
20.50 
25.87 
26.55 
16.98 
13.15 
24.06 
17.45 
20.90 
8.06 
22.07 
21.01 
8.01 
15.08 
28.54 
26.26 
19.85 
27.41 
26.17 
27.34 
17.84 
18.67 
7.81 
7.79 
16.34 
25.91 
10.80 
11.80 
20.66 
18.57 
22.11 
22.75 
25.93 
21.29 
16.33 
7.48 
7.45 
23.46 
24.08 
20.15 
7.33 
13.33 
7.26 
14.92 
25.38 
25.98 
25.24 
20.69 
7.06 
7.02 
6.99 
23.22 
6.92 
6.88 
6.84 
6.81 
22.83 
21.45 
19.92 
13.89 
15.11 
14.73 
19.29 
7.76 
6.45 
6.41 
23.99 
23.57 
19.25 
21.65 
18.45 
16.67 
17.97 
14.97 
6.03 
17.39 
16.24 
15.10 
5.86 
5.82 
17.98 
21.43 
20.14 
19.15 
18.31 
16.02 
18.68 
18.57 
13.87 
17.92 
5.33 
13.33 
18.16 
18.33 
14.46 
7.46 
9.60 
13.64 
4.98 
9.94 
18.48 
15.82 
12.39 
14.15 
4.72 
16.97 
10.75 
15.33 
15.48 
4.52 
15.27 
12.90 
4.40 
13.84 
15.36 
13.66 
13.69 
7.01 
14.96 
14.50 
14.16 
7.64 
4.03 
3.99 
3.96 
14.53 
11.42 
13.89 
12.54 
4.94 
11.71 
13.11 
11.12 
12.17 
3.66 
11.15 
3.61 
6.76 
11.41 
3.54 
12.38 
11.78 
9.69 
5.70 
5.67 
3.41 
3.40 
11.81 
9.04 
11.41 
9.39 
10.61 
9.54 
10.56 
9.91 
3.28 
3.27 
3.27 
3.26 
3.25 
3.25 
3.25 
3.24 
3.24 
3.24 
3.24 
3.24 
11.13 
10.32 
7.45 
7.26 
3.26 
3.27 
5.13 
11.65 
10.64 
10.43 
8.28 
10.59 
3.33 
3.34 
3.35 
3.37 
3.38 
3.40 
3.42 
5.78 
3.45 
3.48 
3.50 
3.52 
3.54 
8.92 
9.96 
3.61 
3.64 
3.66 
3.69 
8.00 
13.48 
11.29 
3.81 
8.55 
3.87 
3.90 
3.94 
3.97 
7.79 
12.01 
4.07 
9.04 
4.14 
4.18 
4.22 
7.95 
12.60 
4.33 
4.37 
15.52 
15.50 
8.20 
8.90 
4.57 
4.62 
4.66 
9.70 
10.83 
4.79 
14.06 
12.55 
12.77 
4.96 
7.61 
5.05 
5.09 
16.69 
11.34 
17.61 
18.00 
16.69 
10.36 
18.62 
19.31 
16.09 
11.08 
5.59 
5.63 
16.03 
11.37 
17.27 
9.41 
13.84 
18.77 
16.74 
19.73 
18.30 
13.62 
15.08 
10.04 
6.20 
6.25 
20.89 
17.05 
6.37 
8.16 
15.85 
20.88 
19.20 
14.94 
10.17 
6.66 
24.23 
23.34 
12.00 
24.49 
24.25 
23.68 
24.25 
24.99 
23.75 
23.66 
20.73 
14.12 
7.15 
7.18 
10.24 
19.19 
7.28 
9.85 
22.57 
26.02 
25.74 
24.10 
21.26 
7.50 
24.94 
22.60 
24.87 
24.06 
21.02 
16.77 
7.69 
7.71 
7.74 
9.83 
24.01 
27.50 
27.88 
23.94 
12.20 
7.90 
23.69 
8.80 
19.75 
26.55 
27.97 
27.47 
20.02 
8.91 
11.36 
8.07 
8.09 
25.34 
8.12 
16.84 
21.73 
14.25 
22.28 
25.26 
14.11 
24.93 
20.76 
8.22 
14.85 
11.54 
8.24 
8.24 
23.77 
29.35 
27.96 
26.75 
26.58 
26.06 
10.54 
8.28 
10.89 
9.67 
8.28 
8.28 
11.41 
8.27 
29.18 
9.14 
28.12 
28.99 
20.10 
21.49 
11.90 
13.29 
16.24 
8.23 
19.18 
24.74 
25.25 
22.80 
8.19 
8.18 
8.16 
8.15 
8.14 
8.13 
9.16 
27.53 
24.91 
8.07 
8.06 
8.04 
21.18 
8.01 
7.99 
17.13 
10.03 
20.36 
21.72 
14.28 
19.25 
28.34 
28.47 
19.67 
13.11 
23.38 
23.34 
26.21 
25.66 
23.90 
24.37 
20.06 
24.96 
23.72 
22.48 
22.26 
23.74 
23.69 
24.65 
19.36 
25.54 
26.99 
25.25 
23.68 
23.28 
17.88 
21.82 
20.09 
20.20 
7.06 
18.09 
24.29 
19.61 
24.62 
22.25 
8.80 
22.42 
12.45 
6.73 
19.11 
17.43 
6.61 
6.57 
18.01 
14.76 
6.45 
17.93 
17.38 
16.68 
16.60 
17.76 
17.21 
18.67 
9.04 
6.08 
6.03 
5.99 
9.58 
11.03 
18.77 
5.82 
18.87 
15.51 
9.37 
5.64 
17.72 
15.00 
15.64 
15.11 
18.46 
15.36 
5.33 
12.63 
17.46 
16.37 
14.88 
14.37 
5.07 
16.51 
5.66 
16.03 
12.96 
13.28 
9.99 
12.83 
14.32 
13.44 
13.74 
15.33 
14.20 
10.90 
12.22 
4.44 
4.40 
4.36 
4.32 
10.45 
13.81 
11.16 
4.17 
14.26 
13.68 
4.06 
4.03 
9.88 
12.86 
12.31 
3.89 
12.73 
12.43 
13.26 
13.18 
12.65 
11.46 
11.17 
5.22 
7.17 
3.61 
8.95 
11.85 
11.90 
12.38 
12.43 
11.73 
11.57 
10.67 
11.47 
7.10 
10.65 
8.72 
10.37 
3.34 
3.32 
10.58 
7.76 
11.05 
10.51 
10.07 
9.34 
3.26 
3.25 
3.25 
3.25 
5.80 
3.24 
4.16 
3.24 
3.24 
3.24 
3.25 
3.25 
10.85 
8.61 
11.40 
11.01 
11.03 
11.16 
3.30 
10.18 
10.10 
9.82 
3.35 
3.37 
3.38 
8.80 
3.42 
3.44 
8.16 
10.14 
3.50 
3.52 
3.54 
3.56 
6.99 
3.61 
12.51 
12.36 
11.98 
7.88 
3.75 
11.74 
7.81 
11.31 
11.15 
11.92 
8.14 
3.97 
4.00 
4.04 
9.70 
4.11 
4.14 
4.18 
4.22 
4.26 
7.27 
13.94 
13.15 
4.41 
12.32 
13.05 
4.53 
4.57 
4.62 
11.33 
12.33 
4.74 
12.10 
4.83 
4.87 
4.92 
11.63 
6.37 
5.05 
5.09 
5.97 
5.18 
15.78 
11.92 
5.32 
5.36 
5.41 
9.49 
18.70 
17.36 
14.82 
5.63 
20.03 
20.29 
21.30 
20.66 
18.51 
5.90 
11.26 
20.49 
19.52 
20.55 
11.68 
19.35 
10.88 
15.63 
19.01 
17.52 
18.08 
6.42 
17.76 
15.45 
20.33 
15.59 
20.82 
23.00 
20.82 
22.20 
20.49 
21.55 
6.86 
6.89 
6.93 
11.93 
22.75 
7.04 
12.24 
19.13 
7.15 
7.18 
13.43 
7.25 
23.13 
12.72 
20.88 
7.38 
11.65 
22.23 
23.30 
24.72 
23.57 
20.72 
24.87 
21.49 
25.82 
26.38 
26.26 
26.82 
21.00 
24.32 
7.79 
23.70 
28.06 
13.91 
12.03 
26.60 
9.13 
25.10 
26.17 
7.97 
27.79 
27.47 
25.93 
21.26 
14.32 
17.99 
27.58 
23.60 
28.32 
27.99 
19.64 
8.16 
17.93 
24.91 
26.49 
14.30 
22.15 
16.58 
25.14 
14.16 
23.76 
20.45 
8.25 
25.52 
8.26 
8.26 
8.27 
8.27 
20.30 
10.89 
8.28 
22.75 
19.78 
22.92 
8.28 
19.08 
8.27 
25.17 
22.55 
11.57 
9.13 
18.18 
16.78 
18.51 
20.59 
8.23 
15.88 
24.39 
26.81 
22.80 
8.19 
8.18 
25.19 
13.19 
26.55 
20.10 
27.20 
27.01 
28.03 
25.06 
19.49 
26.05 
27.76 
9.57 
14.39 
13.50 
27.30 
27.96 
24.65 
23.41 
7.88 
7.85 
14.37 
18.47 
19.64 
24.24 
25.40 
7.72 
8.38 
7.67 
7.64 
7.62 
22.23 
7.56 
13.14 
12.93 
20.52 
26.22 
13.50 
7.39 
19.65 
23.29 
25.25 
21.16 
17.09 
10.87 
14.82 
10.12 
7.09 
7.06 
24.69 
21.65 
6.95 
11.34 
6.88 
16.47 
21.29 
24.45 
23.56 
15.40 
7.46 
6.61 
13.13 
10.20 
6.49 
6.45 
7.83 
6.37 
6.33 
6.29 
6.25 
6.20 
20.84 
19.81 
18.49 
16.72 
10.55 
5.95 
15.10 
5.86 
5.82 
5.77 
20.84 
10.55 
5.64 
16.26 
16.31 
5.51 
8.92 
17.60 
14.64 
11.15 
10.79 
12.68 
14.28 
5.15 
14.37 
16.89 
16.92 
15.32 
17.24 
12.43 
4.85 
4.81 
9.66 
7.62 
15.27 
16.34 
16.62 
14.32 
5.67 
4.48 
4.44 
4.40 
4.36 
4.32 
15.88 
15.53 
15.18 
7.81 
12.93 
4.10 
8.11 
10.19 
9.88 
11.69 
14.53 
13.97 
13.20 
3.83 
12.35 
12.28 
10.85 
10.34 
5.92 
3.66 
3.63 
3.61 
3.58 
3.56 
9.94 
3.51 
5.43 
3.47 
6.66 
11.63 
10.94 
6.36 
11.70 
11.77 
9.53 
10.85 
10.20 
3.31 
7.65 
3.29 
11.54 
11.21 
9.34 
3.26 
11.36 
11.35 
9.19 
9.90 
3.24 
11.33 
11.02 
10.00 
8.98 
8.06 
3.25 
8.08 
10.66 
11.40 
11.32 
11.24 
