20050101
9.48 
8.95 
10.19 
10.04 
2.88 
3.27 
10.43 
10.76 
9.77 
10.10 
10.43 
10.39 
10.45 
10.50 
10.56 
10.92 
10.49 
10.95 
11.12 
10.59 
9.35 
6.99 
4.39 
7.40 
3.33 
7.09 
6.31 
3.42 
11.18 
7.43 
11.99 
12.73 
12.83 
3.63 
11.38 
5.26 
7.43 
3.78 
3.82 
12.75 
12.51 
13.07 
13.29 
8.95 
4.07 
4.11 
5.47 
6.01 
9.70 
15.39 
15.02 
15.02 
13.27 
4.47 
4.52 
16.12 
14.58 
14.43 
8.72 
7.23 
16.21 
8.81 
16.71 
16.83 
17.62 
16.39 
16.78 
15.39 
10.69 
18.92 
19.05 
20.15 
10.87 
19.14 
5.48 
19.81 
20.22 
20.34 
15.82 
5.72 
19.68 
20.82 
20.79 
20.46 
20.72 
17.84 
21.09 
20.45 
20.86 
16.85 
14.65 
18.56 
21.74 
19.06 
19.15 
14.88 
6.51 
6.56 
20.76 
21.16 
16.18 
14.35 
22.70 
25.18 
23.35 
21.99 
15.79 
21.34 
11.54 
14.52 
24.17 
23.59 
12.39 
24.89 
23.32 
21.09 
23.78 
20.71 
11.35 
22.16 
24.20 
26.43 
23.16 
24.21 
8.57 
28.33 
18.51 
25.77 
28.00 
7.72 
24.40 
25.29 
7.80 
15.25 
18.49 
7.87 
7.90 
28.41 
25.23 
15.43 
16.64 
27.36 
28.75 
28.44 
22.18 
25.44 
15.76 
25.83 
11.88 
26.04 
25.21 
24.89 
30.02 
28.85 
27.16 
18.47 
27.19 
23.27 
8.26 
8.27 
23.99 
27.58 
23.83 
16.32 
25.55 
30.00 
28.47 
17.02 
21.98 
22.32 
27.11 
25.74 
27.62 
26.42 
8.32 
9.51 
8.31 
10.01 
17.52 
17.68 
27.91 
27.05 
8.28 
26.51 
26.50 
28.87 
23.23 
20.32 
8.22 
19.95 
26.74 
13.28 
11.91 
11.21 
13.91 
8.12 
8.11 
18.60 
10.61 
22.62 
24.28 
23.91 
18.14 
7.97 
11.16 
25.64 
19.37 
11.25 
27.20 
28.67 
12.51 
17.18 
24.34 
16.43 
12.05 
7.68 
14.32 
16.44 
7.59 
7.56 
13.17 
7.50 
7.47 
7.43 
22.88 
7.37 
17.84 
7.30 
10.37 
27.62 
26.57 
21.29 
20.90 
21.15 
7.04 
21.17 
22.54 
20.70 
17.11 
18.95 
12.37 
8.82 
13.99 
21.01 
21.55 
24.44 
20.75 
20.04 
21.34 
22.02 
20.84 
21.51 
15.91 
21.31 
7.87 
6.16 
20.54 
6.06 
13.62 
21.71 
18.20 
5.88 
5.83 
17.16 
15.61 
15.80 
16.71 
15.75 
17.36 
17.54 
14.19 
5.40 
8.42 
5.31 
10.78 
16.05 
18.40 
18.82 
7.09 
18.57 
18.44 
16.72 
16.47 
14.13 
6.73 
8.61 
17.67 
17.55 
16.15 
17.04 
15.78 
11.93 
4.41 
15.18 
14.70 
15.32 
14.72 
8.02 
5.10 
8.47 
15.32 
14.86 
14.16 
13.71 
11.89 
6.69 
5.39 
3.78 
3.74 
13.64 
12.66 
12.45 
12.90 
11.40 
11.32 
3.48 
8.20 
12.33 
12.24 
12.05 
9.49 
3.29 
3.26 
9.60 
11.44 
11.17 
10.70 
11.33 
10.08 
10.80 
4.52 
11.26 
10.34 
10.76 
7.18 
8.66 
2.94 
10.85 
10.14 
11.04 
10.07 
7.98 
5.73 
7.19 
10.86 
10.47 
9.98 
9.69 
9.94 
9.84 
10.10 
10.18 
9.71 
8.25 
10.25 
10.25 
9.89 
9.53 
8.90 
8.73 
4.26 
2.80 
2.80 
4.37 
5.68 
4.31 
2.84 
2.85 
2.86 
8.86 
9.92 
10.72 
7.64 
10.43 
9.81 
2.98 
3.00 
8.71 
3.04 
6.86 
3.08 
3.11 
9.76 
5.45 
3.18 
3.21 
9.92 
11.42 
3.30 
10.65 
9.27 
10.49 
3.42 
3.46 
3.49 
5.88 
5.93 
11.52 
13.15 
12.59 
3.71 
3.75 
14.57 
13.44 
13.55 
11.48 
14.34 
10.62 
4.03 
9.73 
4.11 
14.80 
15.64 
15.27 
15.15 
13.18 
4.38 
16.25 
15.25 
4.52 
4.57 
9.21 
4.66 
4.71 
17.78 
18.30 
18.43 
16.58 
18.96 
16.68 
15.99 
9.98 
11.97 
13.99 
6.48 
18.63 
18.62 
20.70 
15.32 
18.98 
9.53 
20.36 
18.47 
16.69 
9.66 
20.26 
21.11 
19.76 
21.94 
17.29 
8.26 
22.15 
20.00 
20.10 
17.77 
9.45 
20.10 
20.81 
13.95 
19.77 
6.47 
22.76 
10.63 
6.60 
7.75 
6.69 
15.30 
22.38 
18.95 
22.23 
9.78 
8.38 
6.97 
26.76 
26.52 
22.22 
24.90 
23.34 
23.41 
16.43 
13.03 
22.96 
21.54 
21.93 
24.31 
24.87 
24.60 
23.49 
7.54 
22.10 
20.81 
24.88 
18.22 
7.69 
26.03 
18.18 
7.77 
27.02 
27.40 
25.08 
24.61 
15.51 
19.43 
9.13 
7.97 
7.99 
23.46 
22.30 
11.28 
8.07 
8.08 
15.59 
29.57 
25.85 
24.85 
22.82 
21.65 
19.79 
11.62 
22.38 
11.30 
18.48 
17.47 
26.70 
23.30 
29.28 
22.80 
22.13 
10.52 
27.60 
27.95 
27.27 
27.62 
26.76 
17.20 
8.32 
23.52 
16.00 
25.74 
22.49 
13.78 
25.21 
21.62 
14.10 
11.71 
18.36 
16.81 
22.94 
16.11 
25.47 
21.20 
24.42 
26.28 
20.14 
8.21 
13.64 
24.68 
20.58 
10.36 
8.14 
13.56 
20.49 
15.72 
8.07 
15.84 
23.44 
26.62 
24.22 
25.37 
17.40 
7.93 
11.28 
14.28 
12.23 
21.11 
20.07 
7.79 
20.16 
28.65 
14.39 
16.19 
16.65 
18.61 
23.72 
14.53 
7.53 
12.30 
16.55 
16.34 
13.49 
9.34 
17.67 
21.88 
14.29 
20.28 
21.19 
19.34 
18.95 
7.08 
22.69 
21.49 
6.97 
8.37 
23.34 
6.85 
17.77 
6.77 
19.99 
17.23 
17.63 
6.60 
12.33 
20.66 
24.29 
19.09 
12.69 
22.28 
24.01 
21.61 
20.90 
18.38 
7.16 
8.01 
16.75 
19.63 
20.86 
15.89 
19.17 
19.93 
19.82 
17.10 
15.99 
5.59 
18.79 
16.55 
19.54 
16.90 
17.77 
14.88 
17.81 
17.01 
14.71 
15.29 
15.18 
13.33 
8.70 
13.94 
14.23 
18.06 
17.67 
4.73 
4.69 
4.64 
7.13 
15.90 
7.26 
12.18 
11.09 
4.36 
16.05 
16.29 
4.23 
10.65 
10.45 
6.23 
13.56 
13.11 
11.73 
13.59 
13.03 
12.14 
11.36 
13.06 
13.63 
13.31 
13.31 
12.56 
12.14 
3.55 
12.28 
11.87 
11.89 
11.28 
11.82 
6.25 
4.56 
6.56 
3.26 
3.24 
6.52 
5.58 
3.15 
3.13 
3.10 
4.16 
7.92 
10.20 
8.51 
9.61 
9.47 
10.37 
10.52 
7.17 
4.13 
2.89 
9.97 
2.86 
10.28 
5.06 
2.83 
2.82 
6.67 
7.94 
10.22 
9.84 
9.82 
7.62 
7.71 
4.69 
6.24 
9.07 
8.16 
8.53 
2.78 
2.79 
10.11 
10.04 
7.39 
2.81 
2.82 
2.83 
7.84 
4.34 
3.33 
4.18 
10.67 
10.34 
10.57 
10.05 
5.34 
10.53 
10.20 
8.03 
5.17 
5.11 
10.72 
10.10 
11.25 
4.15 
4.38 
10.06 
7.39 
10.40 
3.30 
3.33 
11.45 
11.54 
12.25 
12.45 
12.22 
11.99 
12.95 
11.74 
12.49 
12.26 
9.58 
13.34 
3.78 
8.12 
12.64 
14.00 
14.23 
10.27 
9.06 
14.09 
13.14 
12.77 
12.03 
14.06 
11.12 
9.13 
4.38 
13.02 
15.37 
9.19 
4.57 
4.61 
5.56 
9.50 
4.75 
9.00 
4.85 
4.90 
17.90 
17.89 
17.61 
16.78 
5.14 
19.35 
18.23 
17.38 
13.16 
10.58 
15.04 
10.03 
17.24 
5.58 
5.63 
5.68 
5.72 
5.77 
5.82 
21.23 
21.20 
20.57 
21.13 
19.89 
6.10 
6.15 
16.25 
12.97 
23.01 
22.97 
19.67 
10.15 
21.26 
23.39 
24.59 
20.60 
22.42 
12.86 
9.59 
23.97 
25.18 
6.85 
18.62 
22.88 
20.05 
21.58 
25.06 
16.20 
23.92 
7.16 
25.54 
26.44 
26.02 
25.93 
25.67 
22.92 
20.50 
26.86 
23.10 
26.32 
26.55 
25.60 
25.16 
24.71 
7.66 
24.14 
23.35 
7.75 
28.99 
27.86 
29.09 
11.57 
27.14 
26.34 
28.24 
27.94 
16.61 
18.51 
8.01 
8.03 
25.21 
27.45 
28.67 
26.65 
27.53 
27.38 
20.25 
8.16 
8.18 
9.73 
16.56 
25.45 
25.30 
23.09 
25.83 
27.90 
27.74 
27.06 
22.80 
12.05 
18.03 
25.21 
26.24 
24.37 
23.52 
8.31 
8.32 
8.32 
18.57 
8.32 
8.32 
11.39 
27.09 
26.40 
8.31 
24.51 
8.30 
8.29 
16.30 
26.01 
20.20 
25.47 
26.31 
25.62 
25.94 
14.18 
18.42 
25.04 
25.36 
23.47 
21.07 
21.89 
8.12 
22.70 
24.88 
8.07 
25.33 
8.04 
25.44 
24.73 
24.86 
18.25 
19.74 
7.91 
21.02 
11.39 
14.56 
18.72 
7.79 
20.99 
12.42 
19.74 
21.03 
10.98 
7.62 
9.92 
15.36 
17.48 
7.50 
22.67 
17.99 
22.06 
24.96 
16.85 
9.76 
18.05 
17.67 
20.70 
19.99 
22.68 
24.87 
24.31 
23.74 
18.20 
6.93 
11.68 
11.31 
22.53 
21.97 
17.94 
18.02 
14.49 
17.71 
22.78 
18.02 
20.88 
20.63 
21.46 
21.05 
19.12 
20.09 
15.60 
6.16 
6.11 
18.34 
17.50 
5.97 
6.96 
14.41 
15.94 
19.64 
17.93 
18.26 
13.26 
9.46 
5.55 
5.50 
10.10 
5.40 
5.35 
5.31 
8.29 
9.60 
13.76 
5.11 
5.07 
5.02 
11.24 
4.92 
4.87 
4.83 
10.64 
7.06 
17.55 
14.86 
14.63 
11.99 
14.91 
16.04 
15.92 
13.96 
14.21 
12.65 
4.23 
7.30 
4.14 
4.10 
11.22 
11.59 
9.88 
12.44 
14.29 
13.50 
11.48 
12.73 
11.41 
8.23 
3.66 
7.22 
13.33 
12.16 
11.74 
4.44 
3.45 
3.42 
3.39 
11.12 
11.04 
11.27 
11.39 
11.62 
10.74 
3.18 
8.02 
8.86 
3.10 
10.12 
10.94 
10.30 
10.14 
10.09 
3.83 
9.80 
10.80 
9.90 
9.11 
9.73 
9.32 
9.38 
2.85 
2.84 
9.85 
5.95 
9.34 
7.21 
10.22 
7.73 
8.18 
7.62 
2.78 
2.78 
9.16 
2.78 
9.07 
3.24 
2.78 
2.79 
2.79 
5.55 
9.32 
10.08 
10.29 
10.13 
9.69 
10.19 
6.40 
8.86 
5.52 
6.39 
8.97 
10.62 
4.77 
9.96 
9.72 
8.42 
10.70 
3.06 
11.41 
3.11 
7.59 
3.16 
9.09 
10.06 
3.24 
11.52 
11.70 
7.45 
11.76 
11.33 
9.41 
11.92 
12.54 
12.63 
13.05 
13.15 
13.04 
12.37 
11.80 
13.90 
13.67 
14.35 
14.12 
14.57 
14.57 
15.04 
14.45 
14.68 
15.16 
15.52 
14.67 
6.19 
14.54 
15.64 
14.15 
13.27 
16.25 
4.52 
4.57 
17.52 
17.39 
17.65 
18.04 
12.54 
14.21 
18.83 
18.30 
18.02 
19.50 
18.95 
14.71 
15.64 
18.23 
15.99 
5.34 
20.56 
16.60 
21.11 
19.67 
18.35 
5.63 
19.59 
15.05 
12.65 
16.41 
20.49 
21.50 
21.77 
22.03 
19.74 
6.10 
6.15 
19.29 
21.22 
6.29 
22.82 
22.61 
22.87 
15.34 
11.51 
17.06 
6.60 
19.27 
10.64 
10.86 
13.46 
23.74 
22.07 
24.08 
22.07 
22.64 
21.10 
15.00 
7.09 
7.13 
12.23 
23.58 
21.84 
14.84 
23.29 
25.50 
23.75 
24.14 
25.20 
20.44 
7.51 
7.54 
27.11 
25.66 
24.37 
7.66 
26.15 
11.25 
27.93 
7.77 
7.80 
26.22 
18.49 
20.38 
15.17 
7.92 
26.92 
27.46 
23.60 
26.17 
23.49 
23.68 
20.65 
23.06 
25.97 
23.44 
28.41 
25.53 
28.96 
25.57 
27.64 
23.73 
13.00 
18.47 
26.68 
8.25 
17.48 
22.27 
27.57 
22.29 
29.13 
24.35 
8.30 
8.31 
21.63 
8.31 
8.31 
24.20 
11.05 
20.27 
23.35 
22.49 
21.80 
19.75 
8.31 
13.26 
8.30 
10.51 
10.68 
8.28 
8.28 
18.33 
23.60 
25.63 
8.24 
28.15 
16.39 
8.21 
12.79 
22.13 
8.17 
28.54 
28.69 
8.12 
9.63 
19.11 
15.36 
15.34 
22.59 
15.97 
27.26 
26.22 
22.47 
25.13 
20.38 
24.05 
26.03 
24.30 
12.34 
8.96 
15.13 
10.58 
26.26 
26.71 
24.99 
24.60 
12.74 
21.84 
19.63 
21.24 
8.95 
7.43 
7.40 
9.01 
7.33 
20.24 
21.65 
7.23 
22.01 
22.10 
24.95 
7.08 
24.47 
24.71 
20.13 
19.26 
15.03 
14.49 
10.46 
20.55 
6.72 
24.32 
24.69 
23.34 
17.63 
18.17 
20.72 
13.99 
6.38 
17.83 
6.29 
19.48 
20.60 
22.76 
21.15 
20.59 
20.63 
17.11 
19.23 
15.74 
5.83 
19.20 
10.96 
16.24 
5.64 
5.59 
15.94 
16.97 
8.41 
7.78 
10.10 
18.35 
10.91 
18.11 
14.30 
5.11 
5.07 
18.57 
15.91 
16.32 
9.88 
18.06 
16.50 
16.38 
15.36 
13.71 
14.63 
14.77 
13.90 
4.46 
14.93 
9.53 
4.32 
4.28 
15.68 
15.08 
15.09 
14.85 
15.21 
12.06 
3.98 
4.74 
14.06 
13.27 
13.50 
13.62 
13.30 
12.97 
12.77 
12.45 
3.59 
12.37 
12.17 
9.43 
7.67 
9.71 
8.59 
11.32 
11.14 
12.09 
11.19 
11.62 
11.75 
11.27 
10.01 
4.51 
9.79 
10.90 
6.85 
10.78 
10.82 
11.05 
9.47 
8.95 
9.76 
4.71 
10.90 
10.67 
10.44 
9.10 
9.63 
6.91 
2.83 
5.58 
4.01 
9.87 
9.67 
9.65 
7.90 
10.00 
9.90 
6.70 
4.33 
8.07 
9.62 
9.35 
9.54 
10.10 
8.74 
6.83 
3.54 
9.99 
10.29 
10.13 
10.22 
8.86 
2.85 
2.86 
10.07 
9.45 
7.80 
2.92 
10.90 
10.38 
11.01 
10.68 
10.25 
11.18 
10.17 
8.96 
3.50 
11.15 
10.52 
3.78 
9.25 
7.90 
11.42 
11.91 
12.51 
12.49 
11.85 
10.99 
10.65 
3.49 
11.46 
3.56 
3.60 
11.83 
9.39 
11.91 
9.33 
10.86 
3.82 
10.59 
13.20 
13.99 
3.99 
13.16 
11.62 
14.80 
13.60 
4.20 
4.25 
5.51 
15.64 
12.30 
14.26 
13.62 
5.78 
13.20 
11.51 
11.48 
15.58 
16.74 
10.31 
16.59 
4.90 
15.23 
18.56 
17.74 
17.19 
17.85 
15.91 
11.60 
5.84 
19.45 
19.02 
6.85 
19.54 
19.67 
19.07 
20.05 
18.43 
6.89 
21.29 
20.38 
16.65 
21.50 
18.04 
18.59 
20.64 
7.61 
20.56 
20.96 
23.21 
19.48 
17.58 
12.10 
23.34 
24.22 
22.14 
23.80 
23.43 
21.00 
12.70 
17.68 
15.53 
18.15 
24.95 
24.56 
24.33 
21.67 
7.01 
21.49 
26.28 
25.06 
7.16 
14.73 
25.95 
27.17 
26.09 
24.35 
21.43 
22.65 
9.77 
22.77 
26.65 
25.71 
25.44 
25.33 
26.05 
25.43 
12.22 
7.72 
14.14 
22.76 
24.66 
7.83 
7.85 
25.79 
27.86 
28.24 
25.90 
26.62 
11.89 
23.80 
28.58 
25.21 
28.64 
27.31 
21.04 
8.12 
26.87 
28.43 
28.96 
29.83 
29.68 
29.87 
27.67 
28.88 
8.24 
26.18 
8.26 
28.25 
30.99 
28.27 
29.81 
27.09 
26.92 
21.63 
8.31 
14.63 
9.34 
8.32 
29.33 
24.71 
30.52 
26.93 
29.83 
26.92 
21.45 
13.43 
29.29 
29.97 
30.98 
29.26 
30.44 
26.68 
26.67 
9.62 
9.26 
23.73 
8.22 
28.97 
25.04 
9.03 
22.45 
9.85 
21.55 
23.91 
8.11 
8.09 
27.22 
21.09 
16.67 
19.52 
8.00 
9.16 
18.25 
24.96 
22.40 
13.27 
13.41 
7.84 
15.37 
15.84 
7.76 
13.92 
21.24 
11.18 
13.48 
7.62 
20.56 
16.19 
21.79 
12.46 
25.48 
26.24 
23.87 
24.79 
23.41 
7.30 
7.26 
15.55 
7.19 
26.49 
7.12 
11.45 
20.27 
7.00 
6.97 
12.21 
18.87 
21.18 
18.40 
24.35 
23.78 
20.22 
6.64 
8.32 
6.55 
6.51 
6.47 
6.42 
6.38 
17.99 
13.01 
19.18 
22.72 
19.44 
18.59 
20.59 
20.18 
18.00 
13.17 
5.88 
13.45 
20.52 
20.69 
17.68 
12.97 
14.75 
11.24 
5.50 
11.65 
16.20 
12.61 
15.85 
18.09 
18.93 
19.22 
18.82 
14.64 
13.47 
8.70 
13.27 
10.94 
7.58 
10.77 
18.19 
17.80 
15.37 
11.96 
16.91 
9.52 
15.67 
15.80 
15.18 
14.82 
13.86 
10.50 
6.82 
13.90 
13.91 
8.17 
8.33 
3.98 
8.65 
3.89 
13.38 
13.50 
12.51 
8.18 
3.70 
3.66 
3.62 
3.59 
3.55 
3.52 
3.48 
10.73 
12.22 
11.92 
11.63 
11.55 
10.25 
11.90 
10.61 
10.94 
9.87 
8.12 
3.13 
3.10 
3.08 
9.67 
3.04 
7.93 
5.49 
4.03 
4.10 
6.54 
3.39 
10.33 
9.45 
5.86 
6.96 
2.85 
2.84 
2.83 
8.99 
9.52 
2.80 
10.22 
9.84 
10.10 
9.90 
9.90 
9.62 
8.52 
8.98 
8.34 
2.78 
10.00 
10.01 
10.39 
10.04 
6.02 
10.17 
10.38 
2.83 
2.84 
2.85 
10.22 
10.63 
10.11 
8.65 
2.92 
8.72 
3.72 
10.82 
10.87 
10.83 
9.82 
10.47 
6.80 
3.11 
3.13 
3.16 
3.18 
10.06 
11.54 
11.82 
11.70 
11.58 
11.97 
9.55 
6.05 
11.71 
11.48 
12.31 
11.44 
4.57 
11.18 
11.27 
8.14 
3.75 
3.78 
3.82 
5.57 
6.20 
3.95 
13.64 
12.81 
4.07 
13.97 
13.12 
14.55 
8.61 
15.15 
13.67 
14.52 
13.51 
5.85 
4.52 
12.31 
14.45 
4.66 
4.71 
14.78 
14.24 
9.47 
11.27 
9.62 
13.32 
15.72 
5.09 
18.26 
17.42 
6.34 
16.96 
15.12 
5.38 
7.98 
18.12 
17.10 
8.16 
5.63 
6.69 
15.78 
7.82 
18.03 
5.87 
20.61 
20.27 
20.68 
20.94 
9.12 
6.15 
10.46 
20.92 
21.33 
18.04 
21.07 
6.42 
23.13 
22.29 
20.82 
6.60 
18.32 
6.69 
12.92 
23.65 
8.89 
11.18 
12.51 
6.93 
18.76 
7.01 
18.57 
7.09 
7.13 
25.14 
25.71 
13.64 
13.69 
25.10 
25.17 
24.91 
26.79 
26.69 
21.27 
7.51 
9.21 
14.59 
27.67 
21.03 
24.59 
16.75 
27.04 
28.94 
27.64 
27.02 
7.83 
25.25 
7.87 
7.90 
22.31 
29.46 
28.99 
13.76 
24.82 
26.20 
26.91 
28.81 
25.95 
8.10 
8.12 
27.55 
25.19 
11.57 
11.42 
13.99 
23.73 
26.13 
21.54 
9.26 
18.49 
25.68 
21.42 
8.28 
10.84 
18.71 
21.45 
24.19 
23.51 
23.00 
8.31 
8.31 
13.61 
27.45 
17.88 
14.81 
25.91 
23.00 
24.02 
26.58 
19.23 
21.61 
24.51 
8.29 
8.28 
29.25 
27.19 
21.73 
29.04 
27.49 
16.92 
25.58 
11.61 
8.20 
8.18 
8.17 
8.15 
8.14 
8.12 
23.55 
9.28 
8.07 
8.05 
13.28 
15.29 
22.19 
25.37 
17.24 
24.46 
18.86 
14.45 
22.33 
26.15 
8.48 
16.17 
7.76 
21.12 
24.25 
7.68 
20.32 
26.60 
18.73 
7.56 
22.28 
12.96 
7.47 
23.77 
7.40 
18.55 
24.89 
25.81 
18.54 
10.33 
7.19 
7.16 
7.12 
19.37 
10.75 
20.36 
24.47 
14.93 
20.62 
21.34 
20.78 
18.65 
11.94 
6.68 
13.70 
6.60 
12.48 
16.93 
14.99 
6.42 
19.00 
6.95 
21.72 
22.22 
22.27 
21.25 
19.79 
15.65 
6.02 
5.97 
5.92 
13.97 
5.83 
5.78 
21.56 
19.27 
18.01 
18.90 
17.51 
18.25 
19.12 
16.90 
14.70 
9.33 
11.33 
18.25 
18.26 
17.46 
14.38 
15.62 
15.91 
15.53 
8.83 
17.53 
11.42 
15.86 
16.39 
16.40 
15.64 
4.55 
4.50 
4.46 
9.48 
4.36 
5.05 
4.76 
4.23 
14.37 
12.83 
13.32 
14.27 
13.81 
13.70 
13.48 
14.17 
13.27 
13.05 
11.72 
11.85 
10.77 
9.58 
11.91 
8.89 
10.87 
9.93 
11.55 
12.41 
4.36 
11.61 
11.12 
9.60 
3.29 
6.92 
9.80 
9.44 
10.37 
8.92 
9.35 
10.67 
8.36 
10.84 
9.81 
3.50 
2.99 
2.97 
6.66 
9.95 
7.54 
8.73 
10.38 
8.57 
9.38 
7.58 
9.50 
9.85 
7.70 
6.49 
9.32 
9.21 
8.56 
9.82 
7.90 
5.15 
7.61 
4.42 
6.88 
5.97 
9.53 
8.54 
9.83 
9.84 
9.85 
9.60 
9.53 
9.09 
9.20 
9.51 
6.10 
7.61 
9.79 
9.92 
8.83 
9.63 
10.24 
9.91 
10.72 
9.82 
9.77 
10.70 
11.15 
9.84 
9.90 
10.26 
10.62 
10.49 
11.26 
9.42 
11.42 
10.68 
11.27 
11.35 
3.39 
10.46 
11.60 
11.79 
11.88 
12.08 
12.39 
11.61 
8.51 
5.37 
13.68 
3.78 
9.14 
11.38 
3.90 
13.19 
12.01 
4.03 
13.86 
13.73 
4.16 
6.97 
11.03 
11.61 
7.04 
9.57 
10.65 
7.86 
13.47 
14.34 
4.61 
4.66 
11.05 
17.52 
17.65 
18.04 
18.17 
16.43 
18.56 
18.42 
18.95 
18.95 
18.80 
17.13 
14.88 
10.51 
5.38 
19.85 
19.83 
18.81 
14.76 
5.63 
5.68 
20.29 
20.70 
20.53 
21.68 
20.46 
21.47 
21.73 
16.88 
21.81 
21.77 
18.07 
6.24 
21.33 
22.66 
22.46 
21.32 
10.36 
19.17 
23.18 
21.07 
13.59 
24.42 
23.56 
22.86 
21.03 
23.83 
24.08 
18.37 
24.41 
23.85 
18.57 
7.09 
15.28 
14.19 
26.52 
9.70 
19.44 
26.09 
19.56 
7.38 
19.67 
24.37 
26.43 
24.16 
9.54 
7.57 
25.49 
23.87 
7.66 
7.69 
13.60 
25.24 
28.32 
27.52 
26.05 
26.09 
28.50 
16.70 
20.79 
23.87 
7.97 
27.67 
27.87 
28.58 
23.34 
26.60 
21.01 
25.80 
26.85 
18.18 
20.59 
27.26 
29.66 
29.00 
25.95 
11.46 
28.37 
8.24 
28.74 
28.75 
24.15 
19.04 
10.33 
30.67 
29.14 
26.07 
13.26 
8.31 
16.34 
23.52 
25.23 
13.61 
22.67 
8.32 
8.32 
8.32 
26.58 
19.24 
20.94 
25.20 
12.39 
8.29 
8.28 
8.28 
25.49 
28.71 
21.71 
9.95 
24.92 
28.82 
30.16 
14.66 
24.17 
20.58 
21.92 
11.20 
18.14 
24.90 
14.70 
8.07 
8.05 
8.04 
9.71 
23.21 
22.84 
20.27 
19.90 
24.59 
19.67 
7.86 
7.84 
23.76 
23.21 
9.94 
15.09 
26.59 
24.87 
11.98 
10.28 
8.92 
15.53 
23.94 
25.70 
10.77 
12.88 
12.01 
7.37 
7.33 
12.70 
14.13 
18.97 
16.96 
25.67 
21.38 
23.90 
13.34 
22.62 
19.33 
14.77 
6.89 
18.79 
16.02 
16.74 
14.62 
17.55 
20.77 
6.60 
21.53 
20.04 
21.19 
16.31 
11.46 
19.52 
6.29 
13.85 
6.20 
6.16 
13.78 
15.35 
6.02 
10.72 
8.59 
20.16 
21.66 
21.10 
20.84 
18.98 
19.30 
18.90 
16.79 
18.81 
5.45 
17.88 
11.35 
18.07 
19.19 
18.38 
7.75 
15.43 
18.02 
16.42 
10.17 
4.92 
4.87 
12.42 
6.99 
10.43 
16.26 
16.65 
16.28 
16.66 
14.28 
4.46 
7.26 
10.27 
7.13 
4.28 
15.32 
14.25 
4.14 
12.73 
4.06 
11.36 
3.98 
3.93 
10.63 
6.69 
3.81 
3.78 
3.74 
9.88 
6.18 
3.62 
10.73 
10.97 
5.98 
11.55 
12.41 
11.28 
4.43 
3.35 
3.32 
3.80 
11.50 
11.62 
9.64 
7.18 
11.20 
3.13 
7.13 
3.08 
7.14 
4.10 
3.01 
8.37 
8.32 
2.96 
6.44 
2.92 
2.91 
2.89 
2.88 
10.59 
8.88 
9.32 
8.92 
9.54 
4.19 
10.14 
10.31 
10.20 
9.46 
8.99 
8.98 
7.70 
9.52 
8.98 
9.44 
9.35 
9.18 
8.36 
7.64 
7.29 
2.80 
2.81 
8.44 
9.85 
7.66 
9.82 
10.32 
9.79 
3.64 
2.91 
4.43 
4.74 
2.96 
10.63 
9.24 
10.64 
9.63 
8.71 
3.08 
3.11 
3.13 
3.16 
3.18 
11.77 
11.04 
11.21 
11.39 
11.99 
10.52 
12.48 
6.37 
10.01 
4.13 
12.31 
12.51 
12.83 
12.49 
8.62 
9.03 
13.34 
13.67 
13.67 
9.10 
14.11 
13.53 
5.15 
4.03 
10.09 
12.31 
14.92 
15.16 
15.40 
15.27 
11.71 
14.77 
4.43 
15.63 
4.52 
15.74 
14.71 
15.46 
14.41 
12.18 
4.80 
5.64 
4.90 
8.55 
5.00 
17.47 
18.41 
10.88 
16.74 
17.68 
18.77 
17.22 
18.03 
17.87 
11.02 
5.53 
5.58 
15.72 
5.68 
11.99 
16.90 
11.70 
14.73 
21.50 
21.47 
19.49 
20.79 
19.85 
13.43 
20.05 
22.90 
14.57 
6.33 
23.69 
22.56 
23.13 
24.17 
22.86 
24.22 
18.64 
8.27 
21.50 
20.47 
23.74 
22.71 
22.96 
24.01 
21.67 
14.14 
7.05 
7.09 
7.13 
16.15 
20.96 
7.24 
24.87 
25.10 
22.53 
11.68 
22.32 
14.08 
14.62 
24.16 
24.21 
26.27 
24.82 
25.71 
14.37 
25.31 
20.66 
7.75 
7.77 
11.51 
20.82 
26.93 
24.61 
28.20 
28.24 
26.58 
24.75 
7.99 
8.01 
8.03 
21.81 
23.71 
19.14 
28.02 
26.68 
24.15 
10.19 
28.62 
25.57 
8.19 
22.88 
8.22 
26.49 
24.80 
18.66 
10.82 
24.32 
19.21 
18.19 
28.62 
26.57 
18.72 
17.87 
29.66 
29.32 
27.45 
17.71 
18.40 
8.32 
18.05 
10.54 
8.32 
17.02 
8.65 
12.91 
11.54 
8.30 
8.29 
24.49 
26.35 
27.53 
26.33 
12.51 
8.24 
10.79 
8.22 
8.21 
8.20 
15.49 
26.70 
25.99 
18.84 
21.70 
25.41 
26.23 
23.83 
23.97 
18.53 
13.26 
8.00 
19.97 
23.14 
21.76 
7.91 
9.57 
11.06 
12.37 
23.93 
7.79 
7.76 
7.73 
19.07 
7.68 
20.99 
9.62 
13.91 
24.49 
7.53 
22.39 
26.14 
7.43 
8.88 
17.07 
7.33 
25.15 
24.26 
13.92 
7.19 
10.89 
14.25 
16.30 
26.24 
21.81 
24.15 
24.22 
6.89 
6.85 
21.26 
19.91 
14.62 
6.68 
6.64 
6.60 
22.93 
24.23 
23.36 
6.42 
6.38 
11.24 
15.00 
16.44 
8.93 
21.40 
22.05 
22.84 
21.23 
21.27 
20.71 
21.04 
16.53 
17.45 
10.09 
8.72 
18.44 
19.19 
10.39 
18.53 
11.51 
21.11 
20.42 
20.15 
19.47 
17.15 
15.81 
15.29 
5.07 
16.29 
14.71 
5.19 
10.15 
18.32 
16.89 
15.60 
17.29 
9.75 
4.59 
7.70 
16.54 
13.55 
5.52 
11.37 
4.32 
14.59 
15.20 
13.29 
14.25 
5.28 
8.17 
15.09 
6.29 
14.17 
13.49 
13.27 
10.01 
3.78 
3.74 
13.31 
12.11 
9.94 
12.90 
9.14 
3.52 
12.72 
12.41 
12.85 
12.55 
10.60 
4.66 
8.20 
3.26 
11.62 
9.34 
9.67 
3.15 
10.84 
9.49 
3.08 
10.06 
9.81 
10.82 
9.23 
11.09 
3.81 
2.94 
10.37 
10.05 
10.38 
5.21 
8.54 
10.00 
10.15 
4.77 
7.89 
4.93 
2.80 
2.80 
2.79 
2.79 
9.63 
9.99 
2.78 
2.78 
7.06 
9.62 
9.72 
9.36 
9.46 
9.20 
2.80 
2.80 
9.34 
9.73 
9.48 
9.39 
9.97 
10.28 
8.64 
10.17 
10.20 
2.91 
5.94 
9.96 
9.43 
2.98 
3.00 
3.02 
3.04 
8.22 
8.86 
11.38 
8.48 
3.16 
3.18 
3.21 
3.24 
3.27 
11.70 
11.16 
11.56 
9.34 
3.42 
3.46 
3.49 
3.52 
13.27 
13.05 
3.63 
13.80 
3.71 
7.99 
11.88 
12.08 
13.89 
8.72 
3.95 
12.71 
14.22 
9.73 
15.63 
4.16 
4.20 
13.46 
13.56 
15.39 
5.25 
16.88 
15.50 
7.67 
4.57 
9.47 
10.96 
6.52 
17.52 
7.82 
17.12 
18.70 
17.63 
6.07 
15.85 
16.37 
16.08 
19.62 
16.30 
5.29 
20.43 
9.32 
17.02 
12.30 
13.81 
13.47 
12.55 
17.42 
15.92 
20.70 
12.14 
21.68 
21.05 
19.38 
14.69 
15.23 
15.47 
11.91 
17.16 
18.62 
22.55 
21.74 
7.93 
6.42 
24.53 
23.70 
15.81 
23.12 
22.27 
25.21 
24.51 
17.60 
24.06 
21.59 
21.67 
22.07 
25.70 
7.01 
23.60 
18.31 
10.55 
14.84 
23.74 
27.42 
24.21 
22.14 
10.98 
26.56 
28.12 
26.03 
23.93 
17.83 
27.05 
23.10 
23.15 
15.00 
7.66 
7.69 
27.71 
29.28 
26.80 
7.80 
28.41 
28.62 
24.27 
10.10 
19.10 
23.19 
30.01 
19.86 
24.65 
21.62 
18.76 
25.24 
8.08 
8.10 
8.12 
28.75 
30.98 
26.06 
26.59 
16.21 
24.41 
8.22 
20.00 
15.75 
11.15 
8.26 
8.27 
8.28 
23.14 
28.10 
28.11 
25.04 
24.19 
8.31 
8.31 
17.88 
26.59 
8.32 
8.32 
8.32 
13.95 
22.15 
8.31 
22.99 
27.59 
23.66 
19.56 
12.90 
8.28 
29.76 
27.70 
17.63 
30.91 
27.49 
9.08 
8.22 
8.21 
8.20 
8.18 
17.18 
20.39 
13.23 
8.12 
28.46 
23.18 
8.07 
8.05 
25.81 
29.16 
18.14 
22.33 
28.37 
24.12 
7.91 
7.89 
26.70 
9.18 
26.11 
25.56 
7.76 
17.10 
23.58 
10.18 
25.82 
11.95 
7.59 
21.01 
24.93 
25.70 
8.95 
13.37 
20.91 
23.81 
7.99 
22.37 
25.90 
23.05 
25.59 
23.08 
12.31 
7.08 
16.40 
19.08 
25.59 
23.42 
9.60 
6.85 
24.76 
21.81 
24.41 
24.00 
19.36 
19.43 
6.55 
15.84 
13.91 
14.92 
6.38 
6.95 
20.95 
23.44 
13.63 
11.74 
16.94 
17.74 
7.81 
7.60 
18.20 
9.85 
15.94 
8.41 
5.74 
5.69 
20.17 
21.19 
20.78 
17.54 
17.43 
8.49 
10.24 
6.97 
19.33 
16.87 
16.90 
18.00 
14.78 
16.29 
16.31 
15.53 
14.10 
18.45 
12.59 
4.73 
4.69 
17.42 
15.64 
15.90 
12.40 
5.45 
15.80 
14.57 
12.14 
15.44 
15.44 
15.20 
14.14 
9.77 
8.05 
13.46 
12.54 
4.74 
3.89 
3.85 
13.84 
13.85 
6.29 
8.34 
13.31 
12.78 
3.59 
12.91 
12.71 
12.72 
4.51 
8.24 
10.57 
11.32 
12.17 
11.78 
11.39 
10.51 
10.64 
7.88 
5.04 
3.13 
11.56 
11.20 
10.84 
11.07 
11.20 
10.28 
9.85 
7.24 
10.04 
8.58 
10.43 
10.01 
4.84 
2.86 
10.18 
9.78 
10.03 
10.19 
9.06 
9.04 
9.03 
2.79 
2.79 
10.36 
9.90 
9.53 
9.34 
6.24 
7.89 
2.78 
4.06 
10.19 
9.20 
9.58 
10.33 
9.99 
9.73 
9.94 
8.03 
9.72 
9.10 
9.70 
4.02 
6.95 
9.91 
9.86 
9.62 
2.98 
10.68 
7.94 
8.47 
7.35 
3.08 
6.45 
8.97 
4.05 
11.19 
11.16 
10.43 
5.00 
3.30 
11.68 
11.35 
9.55 
11.73 
12.02 
10.73 
3.52 
3.56 
11.31 
12.27 
11.16 
8.03 
10.22 
3.78 
9.93 
13.78 
13.31 
13.53 
13.76 
10.82 
4.07 
4.11 
4.16 
8.66 
13.34 
11.86 
6.67 
4.38 
4.43 
4.47 
4.52 
4.57 
9.85 
17.65 
11.57 
15.83 
14.76 
4.85 
17.77 
17.10 
18.43 
14.91 
9.58 
17.85 
15.50 
15.19 
16.69 
19.31 
20.28 
18.57 
16.99 
13.53 
16.34 
8.66 
21.48 
21.02 
20.12 
17.44 
20.35 
15.86 
17.14 
13.50 
6.06 
17.88 
21.77 
8.02 
20.61 
13.19 
22.51 
21.53 
23.18 
24.38 
20.89 
21.76 
22.02 
6.64 
6.69 
21.81 
21.26 
23.74 
12.78 
15.57 
9.19 
19.24 
8.15 
24.41 
23.68 
24.57 
22.52 
22.76 
19.87 
11.38 
20.49 
26.66 
25.07 
25.14 
23.87 
26.59 
21.66 
28.21 
27.94 
19.81 
24.04 
26.44 
18.94 
11.92 
7.75 
27.48 
24.66 
25.88 
25.08 
27.31 
24.82 
26.88 
18.96 
24.75 
25.29 
27.87 
27.39 
8.05 
14.87 
27.82 
27.68 
29.23 
29.09 
27.23 
19.24 
14.66 
12.97 
28.51 
19.31 
26.49 
13.19 
30.61 
17.14 
30.13 
14.42 
24.17 
27.76 
26.06 
28.46 
17.87 
19.07 
11.56 
8.31 
8.32 
12.76 
19.42 
21.81 
28.47 
28.29 
8.31 
25.55 
27.59 
30.83 
22.63 
26.54 
14.08 
8.28 
12.53 
14.57 
12.00 
21.70 
8.23 
10.94 
13.31 
26.23 
23.49 
23.47 
28.88 
23.93 
25.95 
10.65 
20.30 
24.85 
23.80 
28.01 
11.06 
8.00 
10.85 
7.95 
21.08 
26.44 
24.89 
25.35 
23.63 
11.34 
18.52 
20.16 
20.78 
12.89 
7.68 
12.82 
13.28 
27.37 
25.49 
23.94 
24.55 
25.15 
20.80 
7.40 
26.27 
25.06 
24.01 
11.35 
18.32 
25.10 
22.91 
15.06 
7.08 
7.04 
19.88 
23.98 
25.02 
24.14 
6.85 
13.16 
8.03 
11.46 
7.78 
6.64 
24.44 
24.49 
21.59 
14.68 
9.98 
22.38 
22.74 
23.40 
8.98 
6.20 
17.78 
6.11 
15.35 
13.32 
7.01 
19.08 
19.57 
9.20 
11.03 
5.74 
5.69 
11.68 
19.47 
5.55 
19.24 
5.45 
13.81 
10.37 
5.31 
14.64 
9.05 
5.16 
17.33 
18.83 
14.14 
13.11 
11.55 
12.39 
11.38 
4.78 
17.80 
16.39 
16.01 
16.53 
15.40 
14.03 
4.46 
4.41 
4.36 
4.32 
4.28 
4.23 
4.19 
9.38 
14.50 
12.51 
9.50 
3.98 
3.93 
3.89 
14.63 
14.52 
12.51 
11.85 
12.20 
7.61 
11.58 
11.49 
7.64 
9.18 
12.61 
11.99 
12.53 
3.39 
7.08 
11.45 
6.36 
3.26 
3.24 
3.21 
10.57 
3.15 
9.95 
8.71 
3.08 
3.06 
8.07 
3.01 
6.64 
11.00 
10.09 
8.24 
10.37 
10.52 
7.95 
8.38 
9.94 
2.85 
4.14 
10.12 
9.73 
10.17 
9.59 
8.66 
10.11 
9.73 
8.44 
9.17 
9.25 
9.62 
9.80 
7.79 
9.90 
10.00 
6.99 
5.17 
5.18 
8.04 
9.62 
10.38 
