20050101
9.12 
8.20 
9.09 
9.73 
2.62 
8.32 
9.68 
9.64 
8.80 
9.47 
9.96 
9.75 
8.90 
8.41 
10.02 
9.25 
6.55 
7.99 
9.72 
9.79 
9.67 
8.22 
9.34 
6.61 
5.31 
9.17 
8.85 
4.26 
11.09 
9.88 
10.97 
11.68 
11.57 
3.39 
11.97 
5.56 
3.50 
12.50 
3.58 
13.58 
13.26 
13.92 
11.72 
9.81 
11.14 
3.88 
12.59 
3.97 
8.99 
11.05 
11.85 
11.01 
13.13 
4.25 
14.68 
16.02 
15.66 
17.02 
8.46 
15.80 
14.16 
6.03 
13.24 
17.97 
17.85 
17.59 
16.94 
15.08 
16.13 
17.85 
18.78 
19.72 
16.33 
19.18 
16.42 
12.80 
20.26 
20.53 
20.10 
15.71 
21.49 
11.64 
22.04 
21.60 
21.87 
20.68 
22.56 
22.39 
22.36 
7.97 
12.79 
14.06 
19.54 
20.54 
15.96 
14.53 
16.43 
6.42 
21.97 
23.77 
18.00 
24.29 
21.28 
25.43 
25.53 
19.82 
23.37 
16.98 
17.21 
24.90 
26.58 
25.88 
21.32 
26.37 
26.29 
23.63 
25.16 
26.69 
22.07 
25.54 
25.94 
21.60 
24.44 
15.01 
22.93 
19.70 
25.84 
25.90 
28.92 
21.22 
26.89 
27.60 
26.00 
23.56 
20.61 
20.82 
17.02 
29.22 
26.93 
28.81 
10.80 
28.89 
30.60 
24.94 
28.15 
27.68 
18.32 
29.92 
13.00 
22.42 
21.43 
15.24 
30.72 
30.91 
26.39 
10.08 
30.46 
21.39 
8.26 
14.17 
30.86 
29.35 
22.45 
26.67 
24.66 
30.73 
21.63 
24.34 
30.41 
20.29 
30.07 
29.06 
26.02 
24.17 
11.19 
12.87 
8.32 
15.56 
14.54 
27.83 
30.18 
30.34 
15.86 
28.79 
30.63 
31.11 
26.39 
19.32 
18.46 
21.80 
20.44 
25.12 
29.95 
20.38 
28.39 
26.86 
24.49 
23.79 
24.93 
21.56 
21.36 
8.00 
9.98 
14.44 
19.40 
29.00 
14.68 
21.12 
24.06 
22.19 
15.38 
21.94 
19.42 
19.05 
14.07 
21.25 
22.02 
27.04 
24.36 
22.84 
7.47 
19.95 
22.33 
8.66 
14.77 
16.98 
7.26 
7.22 
20.17 
26.98 
25.14 
21.40 
18.46 
24.10 
23.06 
12.42 
18.18 
23.90 
25.06 
24.19 
21.76 
24.46 
15.71 
11.18 
25.07 
24.50 
24.24 
20.18 
18.88 
15.32 
21.84 
22.78 
14.03 
8.77 
6.05 
14.67 
21.02 
5.91 
18.47 
22.69 
14.81 
19.86 
5.66 
21.46 
21.05 
7.33 
19.96 
16.50 
13.36 
18.07 
16.99 
5.21 
13.25 
16.64 
18.79 
18.13 
18.00 
17.34 
4.86 
16.83 
18.12 
17.48 
16.84 
5.50 
7.70 
13.97 
15.83 
16.69 
16.55 
16.54 
15.21 
13.42 
7.26 
15.19 
15.65 
15.18 
14.25 
13.21 
11.29 
10.40 
6.40 
11.55 
13.88 
12.34 
13.21 
12.67 
10.74 
12.88 
5.18 
10.78 
9.76 
12.56 
12.25 
12.36 
11.65 
9.95 
11.77 
11.57 
11.09 
10.71 
10.73 
6.89 
9.99 
10.02 
10.79 
10.44 
10.36 
9.74 
9.67 
9.61 
4.17 
9.67 
9.35 
6.78 
8.88 
2.70 
8.62 
9.19 
4.06 
7.71 
9.42 
8.95 
2.60 
9.14 
9.55 
9.09 
9.41 
9.39 
9.20 
7.22 
9.25 
8.99 
8.47 
4.22 
7.62 
7.70 
8.89 
8.56 
9.07 
9.09 
7.99 
8.69 
9.22 
3.24 
6.95 
9.29 
5.78 
2.60 
2.61 
9.51 
9.55 
9.42 
8.49 
8.00 
9.29 
6.92 
2.74 
9.45 
6.23 
9.47 
8.52 
5.62 
9.56 
2.90 
2.93 
10.34 
10.51 
10.59 
3.43 
10.07 
10.83 
9.83 
3.17 
10.89 
7.87 
10.67 
11.68 
11.88 
11.56 
11.14 
8.71 
6.78 
11.64 
13.03 
13.14 
11.08 
13.15 
12.71 
8.25 
12.60 
13.05 
13.96 
14.53 
14.08 
14.20 
11.74 
10.54 
14.32 
15.04 
9.13 
14.08 
15.66 
4.44 
12.07 
15.17 
17.05 
14.91 
16.94 
17.71 
17.85 
17.98 
16.02 
16.93 
8.30 
13.04 
18.11 
12.57 
19.04 
17.26 
18.07 
7.42 
19.57 
18.30 
19.26 
14.72 
19.65 
16.63 
21.04 
21.31 
14.77 
7.45 
17.44 
18.72 
21.33 
15.23 
17.25 
20.48 
16.99 
20.09 
17.17 
13.62 
23.75 
11.47 
22.74 
22.23 
6.56 
21.34 
23.15 
17.62 
23.02 
14.01 
13.44 
8.92 
23.23 
25.22 
19.57 
24.92 
24.36 
20.91 
16.16 
14.44 
20.64 
23.29 
12.82 
25.06 
25.29 
24.38 
22.16 
9.93 
25.22 
12.80 
18.60 
7.61 
14.07 
27.00 
11.51 
7.73 
26.33 
28.37 
28.92 
16.99 
27.18 
25.89 
25.26 
15.95 
23.50 
29.22 
28.09 
8.03 
8.05 
8.07 
22.01 
29.25 
21.05 
15.37 
23.95 
21.29 
14.24 
26.03 
27.23 
28.09 
10.43 
29.13 
27.63 
19.39 
26.14 
18.57 
15.38 
26.34 
25.33 
29.72 
25.01 
30.91 
19.62 
8.33 
21.31 
25.35 
15.74 
20.63 
16.08 
24.33 
28.03 
28.36 
8.31 
18.07 
21.26 
20.58 
27.29 
12.48 
30.63 
25.23 
30.09 
24.19 
8.22 
18.78 
18.93 
29.64 
22.58 
28.75 
25.71 
28.19 
25.82 
8.08 
9.73 
19.89 
29.53 
26.83 
26.62 
13.61 
19.40 
9.57 
14.35 
21.61 
25.05 
16.73 
23.96 
7.75 
23.21 
14.77 
23.93 
9.76 
22.35 
22.95 
18.48 
7.50 
11.38 
9.06 
7.40 
9.31 
7.33 
23.91 
23.68 
24.09 
20.97 
20.74 
9.82 
18.05 
27.04 
25.05 
25.75 
16.36 
11.89 
15.13 
21.31 
6.74 
18.03 
19.19 
23.27 
13.79 
20.77 
6.47 
21.35 
19.12 
23.56 
19.99 
13.44 
9.63 
23.56 
17.81 
20.95 
20.55 
9.03 
11.44 
19.92 
21.39 
20.84 
16.43 
18.18 
20.61 
20.49 
19.24 
7.41 
20.52 
20.80 
16.01 
19.85 
19.18 
12.71 
17.58 
12.39 
18.92 
18.52 
15.38 
14.10 
15.93 
11.96 
16.71 
14.55 
17.34 
17.21 
13.59 
15.21 
15.46 
15.46 
16.30 
15.57 
16.40 
9.40 
4.14 
4.09 
12.16 
4.00 
13.90 
14.35 
3.87 
14.56 
13.77 
13.44 
14.09 
13.75 
13.31 
10.31 
8.95 
13.20 
12.77 
12.87 
13.08 
12.87 
12.56 
12.26 
12.06 
8.78 
10.59 
11.68 
6.52 
7.53 
10.74 
9.90 
10.59 
10.60 
6.21 
5.05 
6.86 
2.85 
8.51 
2.81 
9.49 
9.71 
10.19 
8.97 
9.90 
10.12 
9.01 
8.18 
6.05 
5.85 
8.17 
9.52 
9.58 
8.69 
7.03 
9.07 
9.22 
7.41 
8.25 
8.06 
8.90 
6.69 
7.28 
8.72 
9.40 
8.64 
8.56 
7.71 
7.72 
7.91 
8.77 
3.40 
2.56 
2.57 
8.69 
9.06 
8.57 
4.26 
2.62 
7.36 
8.45 
9.11 
7.29 
9.38 
9.79 
10.11 
8.99 
7.32 
9.29 
10.26 
10.42 
10.49 
8.04 
10.54 
10.71 
9.75 
10.68 
9.99 
5.60 
9.27 
6.49 
11.50 
10.69 
10.48 
12.39 
12.49 
12.29 
12.39 
11.45 
12.60 
11.65 
3.54 
3.58 
12.39 
14.24 
13.70 
13.38 
13.05 
14.39 
14.29 
13.27 
14.30 
15.00 
14.55 
15.38 
14.20 
15.63 
14.92 
12.75 
14.93 
13.58 
9.62 
8.71 
5.41 
12.77 
4.64 
8.51 
18.10 
17.97 
18.63 
17.33 
10.74 
19.31 
17.45 
17.30 
18.37 
18.77 
18.49 
17.93 
20.13 
5.39 
12.43 
16.31 
20.65 
19.36 
8.36 
19.89 
15.54 
21.14 
16.17 
19.63 
19.89 
8.21 
16.26 
15.76 
18.54 
23.14 
20.09 
9.16 
20.30 
19.94 
24.78 
23.51 
19.30 
13.05 
13.12 
19.72 
24.80 
20.99 
23.12 
23.68 
18.08 
13.40 
17.44 
20.05 
18.37 
16.52 
27.01 
26.77 
26.86 
25.65 
21.67 
25.47 
15.14 
28.22 
19.16 
28.04 
16.97 
28.01 
24.46 
25.18 
16.84 
27.77 
22.37 
22.42 
29.26 
28.32 
28.04 
13.80 
25.14 
23.35 
30.22 
28.93 
20.96 
27.51 
7.99 
12.69 
18.75 
30.67 
27.68 
25.87 
29.42 
30.12 
8.14 
19.25 
30.20 
28.37 
18.13 
30.93 
30.61 
28.61 
29.30 
29.48 
19.22 
23.11 
19.07 
8.63 
8.30 
15.89 
18.76 
24.67 
12.71 
8.33 
8.33 
11.53 
29.40 
20.63 
11.36 
26.86 
21.46 
29.21 
9.50 
24.64 
18.74 
13.35 
29.66 
23.76 
21.56 
22.05 
27.25 
16.14 
22.34 
31.39 
20.63 
29.33 
24.95 
22.91 
19.21 
11.32 
17.32 
25.49 
24.96 
16.41 
29.57 
17.19 
23.00 
13.80 
7.95 
13.91 
26.84 
25.47 
27.25 
19.09 
24.18 
7.78 
10.72 
25.85 
20.36 
13.58 
20.43 
13.83 
14.28 
10.48 
26.75 
28.80 
27.59 
17.14 
21.94 
25.60 
25.85 
25.61 
25.54 
23.38 
22.98 
20.19 
19.65 
24.34 
24.26 
21.48 
26.29 
19.91 
7.92 
25.69 
14.22 
21.60 
25.23 
24.20 
15.64 
12.50 
24.81 
24.70 
19.88 
22.66 
22.10 
23.94 
21.13 
19.24 
18.40 
18.59 
7.33 
7.27 
21.63 
18.04 
13.60 
5.76 
22.29 
22.16 
21.89 
21.19 
20.36 
19.68 
16.92 
5.36 
16.56 
17.26 
18.50 
15.41 
10.61 
16.12 
13.09 
10.89 
4.91 
9.80 
12.18 
18.76 
15.05 
14.55 
16.71 
17.08 
7.13 
17.43 
16.93 
16.31 
14.61 
16.77 
16.16 
15.91 
15.78 
15.65 
12.74 
14.48 
13.67 
12.08 
11.64 
14.34 
14.22 
12.11 
13.87 
14.08 
13.31 
13.85 
12.24 
12.35 
10.36 
9.45 
11.22 
11.54 
12.56 
12.16 
6.45 
3.20 
3.17 
11.39 
11.30 
11.79 
8.91 
8.85 
10.40 
10.98 
10.34 
10.83 
10.57 
8.75 
10.53 
10.37 
9.58 
9.98 
10.37 
5.22 
9.90 
9.68 
9.63 
7.92 
9.63 
9.68 
9.03 
8.74 
2.59 
8.94 
8.57 
9.75 
6.14 
9.45 
8.93 
7.72 
9.41 
8.56 
9.32 
8.12 
8.80 
8.89 
2.53 
4.65 
2.53 
2.54 
2.54 
2.55 
9.24 
8.23 
9.46 
7.25 
9.35 
9.13 
9.25 
7.97 
9.42 
9.81 
10.13 
2.70 
9.16 
10.11 
5.83 
5.78 
10.20 
10.08 
4.42 
9.75 
2.90 
5.94 
2.96 
10.70 
10.97 
10.09 
3.08 
11.12 
10.03 
8.82 
9.50 
12.09 
12.29 
12.29 
12.08 
11.98 
7.70 
12.39 
13.03 
11.64 
13.46 
9.03 
13.15 
13.04 
13.82 
14.61 
14.62 
14.74 
14.53 
14.53 
13.85 
14.90 
15.02 
9.83 
15.63 
15.16 
4.29 
11.40 
16.03 
16.90 
16.29 
14.67 
12.52 
6.41 
17.70 
17.58 
17.97 
18.37 
18.51 
8.76 
17.85 
13.98 
15.96 
6.76 
18.91 
16.99 
18.48 
11.42 
17.90 
17.60 
19.40 
5.54 
15.67 
7.50 
20.61 
20.01 
12.75 
21.70 
18.61 
5.94 
11.16 
21.60 
15.61 
15.25 
20.14 
22.05 
22.31 
14.98 
19.18 
22.18 
6.47 
22.07 
6.56 
17.62 
9.76 
24.49 
23.49 
19.50 
21.16 
23.77 
24.65 
12.03 
6.99 
7.03 
10.11 
24.92 
19.38 
21.05 
25.32 
25.24 
20.28 
20.34 
26.76 
20.14 
24.93 
7.48 
26.37 
26.93 
20.74 
13.38 
25.79 
7.67 
23.08 
20.15 
18.37 
24.55 
23.10 
22.48 
24.68 
18.06 
23.10 
24.64 
16.49 
22.53 
26.75 
27.95 
29.66 
29.53 
22.01 
28.92 
24.75 
19.23 
24.12 
20.61 
17.27 
23.34 
8.22 
26.07 
22.38 
23.74 
27.80 
31.18 
23.61 
25.98 
21.95 
20.10 
8.31 
8.32 
8.32 
14.90 
8.33 
24.51 
22.49 
15.91 
30.24 
16.59 
26.52 
28.88 
20.62 
17.92 
12.35 
17.06 
20.75 
16.03 
18.04 
25.26 
29.62 
14.31 
9.42 
28.89 
30.05 
26.50 
25.47 
25.95 
13.36 
30.43 
24.54 
8.12 
18.13 
26.46 
25.93 
21.56 
25.36 
24.50 
25.79 
28.25 
29.54 
27.17 
27.96 
26.75 
24.88 
10.62 
28.42 
18.47 
7.72 
20.69 
26.73 
25.85 
21.53 
21.64 
19.79 
10.28 
17.73 
7.44 
7.40 
17.73 
11.70 
17.78 
10.96 
23.61 
23.38 
10.18 
12.05 
21.87 
20.85 
8.89 
25.43 
20.93 
15.35 
23.75 
16.00 
25.59 
23.93 
12.53 
6.61 
25.02 
24.76 
22.67 
10.84 
20.49 
20.54 
17.28 
13.74 
21.13 
11.65 
22.69 
22.73 
22.90 
19.71 
14.35 
20.06 
17.93 
20.70 
15.29 
11.92 
20.33 
9.65 
5.51 
7.00 
5.41 
19.43 
19.85 
8.54 
19.99 
19.05 
19.05 
18.79 
17.99 
18.13 
4.91 
11.37 
17.87 
17.48 
17.73 
6.19 
17.46 
16.96 
15.71 
17.31 
15.21 
15.94 
15.33 
13.89 
16.04 
15.20 
9.20 
11.57 
4.05 
9.30 
13.44 
14.24 
14.23 
14.22 
8.55 
11.23 
12.34 
13.64 
9.97 
13.42 
13.20 
12.98 
12.88 
12.87 
12.56 
5.29 
12.56 
11.85 
3.24 
3.20 
12.07 
11.48 
11.59 
10.34 
11.42 
6.27 
11.06 
10.89 
10.81 
10.36 
2.88 
9.30 
10.25 
8.55 
10.22 
6.37 
10.19 
10.14 
9.99 
9.23 
3.55 
5.72 
5.96 
7.68 
5.04 
5.37 
3.10 
4.98 
9.09 
5.47 
8.79 
8.52 
8.84 
7.72 
9.16 
8.90 
7.87 
4.81 
8.72 
9.06 
8.39 
8.56 
9.09 
7.99 
7.32 
2.55 
7.10 
9.26 
9.38 
9.20 
8.02 
8.23 
8.52 
8.99 
9.46 
9.33 
6.02 
9.60 
7.86 
8.00 
9.84 
9.99 
10.14 
9.93 
9.62 
5.35 
9.75 
6.73 
8.76 
5.70 
7.37 
10.30 
9.89 
11.52 
11.32 
11.21 
9.91 
9.70 
10.08 
11.38 
11.37 
9.10 
9.08 
4.05 
10.60 
11.33 
8.87 
11.53 
12.93 
12.93 
12.27 
3.75 
9.48 
10.13 
14.06 
14.07 
10.97 
7.83 
11.17 
15.02 
14.80 
12.18 
8.21 
14.20 
14.93 
14.32 
16.16 
16.17 
16.42 
4.59 
4.64 
14.26 
15.78 
17.46 
12.77 
17.72 
17.72 
16.39 
11.18 
10.86 
18.91 
17.96 
17.13 
16.70 
18.88 
16.65 
19.97 
18.84 
8.51 
19.79 
19.34 
21.04 
21.02 
20.27 
21.99 
21.09 
11.08 
13.81 
14.34 
22.46 
20.03 
9.49 
23.41 
24.13 
22.57 
23.60 
22.64 
22.13 
6.51 
14.60 
19.79 
20.97 
18.71 
24.59 
24.84 
23.68 
6.87 
17.68 
8.06 
26.42 
17.73 
8.19 
15.14 
26.13 
24.28 
26.61 
25.88 
13.95 
25.06 
20.08 
26.34 
26.08 
23.85 
25.22 
26.43 
26.33 
21.45 
7.64 
23.86 
18.12 
28.60 
25.83 
7.79 
16.29 
19.32 
27.85 
27.89 
18.76 
24.80 
7.96 
30.39 
28.59 
19.92 
23.80 
28.02 
20.67 
8.11 
28.27 
30.15 
30.51 
27.00 
31.06 
30.41 
18.31 
30.28 
15.82 
24.42 
15.51 
14.17 
30.69 
29.86 
29.36 
26.17 
25.33 
26.85 
10.51 
23.66 
13.38 
22.15 
29.40 
25.86 
29.56 
29.22 
31.07 
25.51 
20.28 
25.83 
30.87 
31.03 
23.62 
28.99 
30.83 
27.95 
13.98 
8.26 
30.42 
30.24 
8.22 
30.87 
25.98 
13.88 
28.78 
12.34 
30.23 
28.03 
25.49 
8.08 
25.43 
11.38 
27.53 
28.66 
22.46 
25.59 
17.74 
28.50 
24.64 
7.86 
23.23 
21.70 
16.53 
21.44 
7.72 
29.41 
25.58 
19.28 
18.58 
24.75 
23.38 
24.47 
7.47 
28.73 
28.34 
28.26 
27.22 
24.07 
23.52 
7.22 
20.81 
11.46 
16.36 
23.31 
13.06 
25.21 
25.43 
9.90 
6.86 
24.37 
17.72 
20.45 
23.16 
13.31 
20.03 
16.41 
6.52 
19.00 
9.62 
6.38 
6.33 
15.02 
16.59 
18.59 
19.39 
15.73 
22.58 
18.79 
22.63 
21.93 
20.06 
21.97 
13.95 
13.43 
21.16 
20.47 
21.33 
20.92 
18.28 
12.34 
19.01 
20.26 
19.17 
18.50 
10.82 
19.72 
18.79 
18.39 
19.05 
18.78 
18.26 
7.01 
13.50 
9.69 
17.09 
4.62 
14.95 
17.45 
16.57 
12.39 
4.37 
15.82 
6.08 
15.44 
15.20 
10.72 
14.95 
14.71 
14.71 
9.67 
14.69 
14.12 
13.66 
13.77 
3.74 
12.45 
3.66 
14.18 
13.85 
13.41 
12.88 
12.56 
12.15 
4.41 
3.34 
11.75 
8.42 
3.24 
9.58 
10.19 
9.91 
9.93 
11.31 
9.30 
10.47 
10.97 
9.94 
10.06 
10.18 
9.65 
5.07 
10.07 
9.73 
5.68 
5.20 
5.97 
2.72 
5.55 
6.14 
2.67 
9.24 
9.11 
2.62 
9.12 
8.31 
2.59 
9.03 
5.57 
2.56 
5.80 
8.94 
7.56 
8.15 
8.82 
8.81 
8.72 
8.72 
8.72 
2.52 
2.53 
8.65 
2.53 
8.33 
7.49 
4.52 
5.81 
4.63 
3.78 
8.89 
2.60 
6.35 
8.46 
8.85 
8.89 
2.67 
8.89 
4.57 
9.34 
2.74 
9.35 
2.78 
10.38 
10.45 
10.61 
10.40 
10.66 
7.54 
10.62 
2.99 
10.87 
5.94 
11.23 
11.42 
9.83 
11.90 
12.09 
11.69 
11.88 
10.55 
11.88 
12.29 
11.35 
12.29 
3.50 
11.64 
4.55 
4.49 
6.72 
3.71 
13.04 
13.71 
10.57 
13.95 
13.04 
12.24 
10.72 
14.78 
10.80 
15.03 
14.44 
14.44 
13.96 
15.90 
10.27 
10.98 
4.49 
11.54 
16.30 
15.67 
4.69 
17.58 
17.20 
4.84 
4.89 
17.72 
18.12 
11.98 
13.95 
18.10 
5.19 
12.89 
17.93 
19.44 
14.84 
9.63 
12.80 
15.43 
13.40 
17.34 
18.89 
12.95 
21.58 
13.26 
21.39 
15.49 
5.99 
12.12 
18.89 
23.62 
20.59 
21.60 
22.46 
24.09 
19.63 
12.69 
13.53 
22.07 
9.96 
20.41 
24.55 
21.21 
14.25 
25.16 
19.43 
18.72 
21.80 
18.86 
6.99 
16.13 
25.16 
25.89 
10.69 
9.29 
15.31 
21.84 
22.07 
26.52 
26.76 
26.83 
18.56 
23.85 
8.17 
24.14 
26.17 
18.65 
21.66 
21.22 
13.66 
29.09 
29.15 
7.79 
23.93 
7.84 
22.19 
14.23 
27.60 
29.64 
16.49 
25.21 
21.90 
29.29 
29.33 
8.07 
8.09 
22.37 
28.78 
15.70 
26.98 
27.17 
20.97 
30.24 
27.40 
28.76 
27.60 
27.28 
19.88 
8.27 
18.39 
20.76 
25.65 
19.93 
31.06 
19.44 
18.10 
14.90 
18.94 
25.18 
31.92 
13.39 
30.74 
27.87 
28.71 
29.21 
26.68 
22.29 
27.51 
24.30 
9.98 
16.37 
28.81 
23.41 
24.07 
30.95 
29.25 
8.24 
30.55 
8.21 
10.55 
27.30 
28.78 
18.54 
21.19 
14.48 
23.82 
22.62 
30.10 
8.04 
27.53 
27.66 
27.79 
22.43 
27.88 
26.17 
17.67 
14.65 
26.87 
19.21 
15.21 
7.75 
29.31 
7.69 
7.66 
12.72 
25.46 
25.24 
7.54 
25.12 
27.01 
28.08 
22.66 
21.78 
20.91 
23.11 
27.22 
22.16 
17.93 
7.15 
25.30 
21.40 
7.03 
25.52 
26.38 
25.82 
25.09 
19.52 
20.06 
23.10 
21.76 
22.91 
19.42 
17.79 
19.24 
19.61 
21.80 
21.55 
21.75 
6.29 
6.99 
8.29 
20.13 
23.58 
23.17 
22.61 
22.48 
9.11 
5.86 
5.81 
10.93 
18.86 
5.66 
8.02 
21.05 
19.80 
20.23 
14.84 
20.25 
19.98 
19.58 
19.45 
19.05 
7.26 
5.06 
17.33 
18.79 
18.65 
18.65 
17.22 
15.81 
13.90 
4.66 
4.62 
16.08 
17.20 
15.46 
16.69 
16.55 
13.16 
4.28 
14.25 
15.56 
5.31 
7.13 
4.05 
4.35 
13.10 
12.53 
9.27 
13.66 
14.33 
12.44 
13.65 
13.54 
13.64 
13.52 
13.73 
13.30 
10.78 
4.87 
9.67 
5.49 
7.07 
4.28 
3.24 
12.16 
9.70 
11.58 
10.81 
10.92 
7.95 
6.55 
10.97 
9.47 
10.81 
7.10 
9.92 
10.23 
5.67 
10.37 
9.13 
10.07 
10.01 
9.78 
8.93 
9.68 
9.45 
2.65 
9.54 
6.54 
8.51 
7.27 
4.83 
5.67 
4.11 
6.33 
6.40 
6.81 
8.42 
8.83 
8.82 
8.81 
8.89 
8.89 
8.46 
8.72 
8.56 
9.07 
9.00 
6.37 
9.37 
2.55 
3.84 
9.18 
9.20 
7.42 
6.58 
7.56 
9.42 
9.37 
8.54 
8.84 
9.68 
9.82 
9.96 
9.93 
8.27 
7.05 
10.29 
10.36 
9.96 
10.68 
10.75 
10.83 
10.81 
10.22 
11.06 
9.80 
11.23 
11.32 
3.83 
7.83 
11.19 
11.79 
11.48 
11.78 
11.05 
11.98 
12.08 
7.77 
13.24 
3.54 
13.57 
8.28 
7.81 
13.70 
4.85 
11.60 
14.17 
13.95 
3.92 
14.08 
13.15 
14.78 
14.79 
4.15 
7.30 
14.92 
14.20 
13.35 
6.96 
4.44 
15.42 
16.67 
14.41 
17.19 
15.92 
16.68 
15.52 
17.07 
18.38 
18.51 
18.91 
17.18 
15.83 
12.70 
7.09 
16.58 
19.99 
17.92 
15.54 
11.17 
16.03 
17.97 
20.36 
11.49 
21.75 
20.30 
22.01 
22.28 
22.56 
22.24 
21.33 
19.08 
6.09 
22.87 
23.59 
23.56 
19.89 
14.22 
22.38 
22.18 
12.15 
24.69 
24.65 
24.13 
20.97 
24.80 
23.49 
22.33 
17.85 
25.98 
25.13 
19.18 
17.82 
10.54 
15.88 
25.89 
12.62 
11.86 
25.32 
16.17 
9.09 
14.82 
26.43 
27.97 
21.66 
10.75 
24.08 
26.43 
27.32 
16.84 
11.27 
29.15 
14.32 
23.13 
29.48 
21.40 
27.42 
20.82 
15.36 
12.89 
21.76 
22.97 
30.02 
30.22 
28.92 
28.96 
22.79 
24.16 
31.07 
24.72 
8.13 
28.97 
11.02 
30.03 
16.09 
23.17 
27.90 
21.53 
24.23 
15.66 
28.98 
27.64 
14.68 
14.02 
29.19 
29.03 
20.11 
15.06 
20.46 
28.04 
28.89 
26.70 
25.86 
12.71 
13.05 
22.31 
14.39 
29.55 
29.88 
15.22 
28.35 
15.04 
22.27 
9.30 
21.74 
29.80 
28.11 
21.87 
23.03 
21.34 
19.30 
29.86 
19.44 
24.61 
24.93 
30.09 
22.70 
17.82 
20.31 
24.46 
18.08 
18.39 
16.03 
14.16 
28.29 
19.43 
7.93 
14.05 
23.14 
18.80 
22.07 
7.80 
27.76 
27.88 
27.82 
15.92 
14.89 
25.19 
9.24 
10.84 
24.53 
26.91 
25.87 
27.11 
27.20 
25.67 
15.09 
7.29 
7.26 
22.81 
7.18 
25.22 
19.08 
26.01 
21.32 
23.78 
25.12 
21.56 
12.52 
9.80 
21.47 
23.10 
19.43 
19.35 
20.65 
22.41 
18.63 
16.86 
23.93 
23.98 
21.15 
11.41 
7.14 
17.85 
6.15 
23.44 
12.84 
18.79 
18.10 
13.19 
11.80 
22.11 
20.41 
22.43 
21.73 
21.18 
21.05 
19.66 
20.37 
16.92 
14.60 
12.03 
6.90 
19.59 
19.99 
19.59 
19.19 
18.92 
16.42 
18.00 
18.00 
15.80 
14.78 
16.58 
13.92 
12.93 
9.20 
10.36 
6.82 
4.42 
15.94 
16.54 
16.17 
15.44 
10.70 
12.61 
8.53 
6.60 
14.82 
14.81 
3.91 
14.79 
12.99 
12.77 
12.55 
7.09 
4.85 
3.61 
3.57 
3.53 
3.50 
3.46 
9.65 
9.47 
3359.16 
11.75 
5.49 
11.46 
11.27 
11.08 
11.39 
10.91 
3.07 
10.26 
8.75 
9.54 
9.75 
5.56 
11.48 
2.88 
8.11 
8.14 
7.45 
8.68 
2.76 
10.01 
6.74 
6.08 
9.23 
9.28 
3.44 
2.64 
8.46 
7.56 
9.26 
8.28 
9.37 
9.26 
8.55 
8.70 
6.47 
9.18 
9.34 
9.07 
8.98 
8.89 
8.55 
8.89 
8.98 
6.35 
9.33 
9.17 
9.10 
9.37 
9.13 
7.78 
9.52 
6.54 
6.04 
6.15 
9.47 
9.60 
9.20 
8.45 
9.99 
10.04 
9.47 
10.05 
10.11 
10.26 
9.50 
6.46 
9.07 
10.79 
9.10 
4.49 
7.44 
11.09 
11.36 
11.45 
11.53 
7.93 
11.03 
11.80 
9.62 
12.09 
12.09 
9.25 
12.80 
12.60 
11.87 
8.64 
12.50 
10.59 
13.14 
13.36 
13.47 
13.80 
14.03 
8.73 
8.36 
14.28 
13.16 
11.90 
14.19 
15.35 
15.01 
15.61 
14.80 
13.37 
15.28 
13.60 
14.20 
16.52 
16.28 
15.05 
6.66 
4.59 
6.54 
4.69 
4.74 
4.79 
17.98 
18.24 
17.59 
15.86 
15.31 
19.18 
19.32 
19.45 
19.59 
12.85 
20.27 
9.84 
18.99 
19.68 
20.94 
5.60 
13.35 
16.16 
21.60 
21.72 
21.85 
22.12 
18.13 
21.92 
17.74 
22.75 
15.40 
18.19 
22.35 
22.46 
21.97 
23.44 
19.73 
24.43 
16.68 
7.18 
23.20 
23.92 
17.31 
21.30 
20.60 
23.52 
23.46 
15.78 
19.50 
20.69 
20.92 
25.32 
16.90 
7.15 
22.67 
10.94 
25.56 
19.31 
24.89 
16.17 
16.38 
28.37 
27.62 
28.34 
27.91 
25.67 
16.51 
26.28 
18.90 
19.78 
7.73 
25.67 
22.23 
24.93 
16.99 
28.68 
29.72 
21.26 
24.80 
27.85 
9.83 
28.42 
27.79 
28.32 
22.65 
28.05 
29.42 
28.44 
13.35 
30.84 
17.42 
28.70 
30.91 
18.48 
28.60 
28.78 
8.25 
25.95 
25.45 
27.15 
30.36 
27.84 
21.45 
11.68 
10.51 
19.11 
24.84 
24.00 
17.60 
16.25 
11.03 
15.91 
27.37 
20.63 
13.21 
18.09 
8.32 
8.31 
8.31 
26.65 
31.34 
31.33 
28.12 
30.80 
28.09 
21.02 
28.05 
8.22 
17.10 
15.41 
21.60 
24.09 
18.37 
11.15 
18.49 
30.34 
30.31 
28.94 
27.90 
23.36 
13.83 
7.98 
27.58 
26.05 
26.01 
10.04 
22.28 
18.10 
13.76 
25.45 
8.90 
10.85 
12.96 
25.58 
23.71 
22.68 
25.90 
26.16 
12.56 
16.75 
28.57 
22.33 
7.69 
23.66 
27.95 
7.26 
19.43 
24.18 
13.86 
12.05 
26.97 
16.08 
24.57 
27.01 
26.76 
26.04 
23.75 
21.94 
14.22 
24.09 
24.61 
22.81 
8.25 
6.52 
7.39 
7.49 
23.22 
24.02 
23.15 
18.54 
21.73 
20.13 
11.29 
9.89 
14.38 
13.12 
18.14 
19.19 
19.95 
20.84 
22.15 
17.04 
20.19 
6.69 
17.98 
16.33 
5.97 
5.36 
16.42 
11.40 
19.99 
19.86 
19.59 
19.45 
14.28 
18.92 
12.11 
16.83 
18.26 
16.07 
13.26 
8.85 
13.69 
17.08 
15.46 
17.06 
16.07 
10.10 
9.29 
16.29 
13.77 
15.91 
15.31 
4.09 
8.92 
15.17 
15.27 
15.26 
7.47 
14.56 
13.44 
11.56 
12.78 
10.93 
13.75 
12.67 
3.53 
3.50 
9.63 
12.67 
9.47 
12.56 
10.53 
3.27 
6.55 
11.37 
12.07 
11.39 
11.01 
10.34 
11.03 
7.22 
10.87 
10.60 
10.72 
9.34 
10.39 
10.23 
7.59 
10.37 
9.40 
10.16 
10.01 
10.14 
2.70 
4.90 
9.72 
5.81 
9.37 
5.24 
5.47 
8.92 
9.32 
4.38 
8.83 
7.87 
6.57 
2.54 
5.26 
2.53 
9.07 
8.47 
8.55 
2.52 
8.12 
7.28 
9.07 
8.90 
8.92 
8.93 
8.94 
2.55 
5.73 
9.35 
6.36 
8.09 
9.32 
9.53 
9.47 
9.60 
9.64 
9.68 
9.73 
9.77 
9.64 
6.48 
9.93 
10.08 
9.41 
7.19 
9.90 
10.15 
9.84 
6.55 
2.93 
9.49 
10.22 
10.59 
11.05 
11.43 
11.61 
11.70 
11.90 
12.09 
10.58 
6.11 
12.29 
12.49 
6.90 
12.91 
12.18 
13.45 
13.35 
11.31 
13.79 
12.06 
8.54 
14.26 
14.38 
14.51 
14.40 
13.73 
9.83 
13.96 
15.25 
15.61 
15.74 
15.75 
16.00 
16.13 
4.34 
16.64 
16.90 
14.92 
17.05 
8.87 
17.69 
17.96 
14.24 
15.13 
12.51 
13.79 
14.56 
19.18 
13.04 
8.04 
19.72 
19.86 
18.49 
17.80 
19.57 
16.51 
5.44 
20.80 
19.95 
21.07 
15.49 
21.61 
21.45 
18.25 
22.28 
18.76 
8.29 
22.22 
6.93 
17.84 
23.02 
22.09 
6.23 
17.32 
23.94 
14.45 
16.98 
10.00 
18.38 
25.11 
19.32 
18.94 
22.15 
20.83 
19.35 
7.77 
21.88 
8.97 
21.72 
16.55 
7.03 
13.16 
20.11 
26.13 
19.44 
25.16 
17.95 
27.74 
27.82 
24.80 
26.50 
27.06 
24.18 
28.67 
25.61 
16.95 
10.90 
20.34 
28.49 
28.54 
27.77 
25.83 
29.53 
26.43 
16.32 
23.52 
28.22 
24.43 
27.31 
22.17 
28.22 
22.23 
13.05 
29.66 
24.00 
9.77 
15.66 
30.96 
30.99 
29.16 
19.61 
29.38 
30.58 
8.22 
15.30 
10.94 
17.18 
18.54 
17.87 
29.85 
31.37 
28.69 
26.67 
26.17 
11.69 
8.32 
18.77 
30.91 
26.36 
8.33 
20.30 
9.17 
21.13 
18.77 
25.00 
30.89 
29.54 
13.53 
24.64 
13.18 
8.29 
31.33 
30.48 
18.69 
31.45 
26.90 
18.14 
24.68 
10.39 
8.20 
14.55 
29.28 
30.43 
18.01 
8.12 
31.17 
28.47 
24.76 
22.89 
24.86 
23.50 
11.64 
29.25 
30.70 
27.83 
17.34 
7.86 
28.36 
19.55 
26.28 
23.09 
25.68 
19.87 
24.59 
20.27 
27.76 
24.26 
7.54 
19.90 
23.10 
25.48 
13.41 
18.54 
21.88 
20.53 
15.79 
15.25 
26.26 
27.30 
18.44 
7.07 
26.09 
13.96 
27.01 
25.34 
24.15 
26.25 
10.84 
13.59 
6.69 
24.15 
23.58 
20.41 
25.22 
21.44 
8.86 
19.88 
21.45 
23.75 
17.49 
12.92 
23.56 
22.84 
20.22 
18.79 
22.92 
21.63 
21.08 
16.20 
5.76 
20.29 
17.04 
21.18 
13.03 
12.80 
17.59 
20.52 
19.84 
19.16 
18.08 
19.45 
5.16 
17.04 
19.59 
18.79 
17.47 
17.21 
9.67 
13.99 
16.71 
16.71 
4.66 
16.83 
8.45 
13.10 
12.87 
17.05 
16.31 
11.70 
13.05 
4.23 
15.08 
11.90 
9.00 
12.86 
4.92 
13.10 
14.92 
12.65 
9.30 
12.99 
13.88 
6.98 
3.66 
8.14 
12.78 
13.09 
5.29 
12.88 
12.87 
7.09 
5.90 
12.36 
12.26 
12.06 
7.09 
11.57 
11.19 
9.64 
10.44 
11.32 
10.95 
10.87 
11.17 
10.44 
8.69 
6.96 
10.41 
10.07 
10.10 
10.31 
9.98 
9.83 
9.69 
8.75 
9.50 
8.13 
9.85 
9.46 
9.16 
3.48 
8.74 
4.48 
4.98 
9.18 
9.15 
9.05 
8.94 
7.82 
8.91 
8.90 
9.07 
9.06 
8.63 
8.72 
8.64 
7.62 
6.69 
9.17 
5.69 
9.11 
9.22 
9.07 
8.75 
9.29 
8.80 
9.09 
8.86 
9.25 
8.32 
7.40 
9.28 
9.42 
9.47 
9.70 
9.84 
9.90 
9.87 
7.92 
10.17 
10.33 
9.10 
9.44 
8.10 
10.24 
10.32 
7.52 
3.05 
10.94 
11.12 
11.11 
11.50 
8.90 
11.79 
10.67 
11.68 
9.51 
12.49 
11.56 
11.76 
7.63 
3.54 
12.50 
13.47 
13.26 
13.48 
13.93 
5.02 
11.47 
12.71 
13.16 
11.32 
4.01 
13.50 
15.26 
13.97 
10.39 
8.45 
7.07 
12.74 
4.39 
16.78 
4.49 
17.55 
17.68 
10.98 
18.09 
16.81 
15.39 
16.81 
17.85 
18.25 
17.59 
5.04 
17.84 
15.27 
19.04 
18.90 
15.73 
19.44 
13.87 
9.36 
20.80 
20.65 
21.21 
19.48 
20.89 
20.59 
20.85 
14.86 
19.93 
17.69 
20.59 
10.63 
19.33 
21.83 
22.39 
23.11 
23.22 
21.81 
23.60 
20.19 
23.97 
6.51 
11.97 
18.39 
24.70 
22.15 
20.99 
6.78 
15.49 
16.35 
18.16 
24.58 
26.11 
24.92 
20.68 
22.68 
7.15 
26.05 
26.13 
26.86 
27.09 
26.52 
13.24 
17.36 
18.89 
24.51 
27.52 
15.92 
27.65 
22.11 
12.26 
7.67 
7.70 
28.43 
24.84 
27.21 
26.76 
29.30 
18.69 
21.39 
28.93 
29.64 
26.51 
28.39 
16.71 
15.73 
22.29 
29.02 
27.21 
22.88 
29.11 
27.46 
13.70 
8.18 
25.51 
27.21 
10.91 
20.35 
14.81 
30.65 
25.78 
21.92 
22.60 
29.01 
27.17 
22.97 
29.71 
16.91 
19.78 
17.93 
30.74 
22.99 
24.68 
21.81 
17.09 
29.90 
24.16 
12.87 
30.22 
29.70 
30.20 
26.15 
22.94 
8.29 
20.40 
20.39 
29.96 
27.59 
28.58 
8.24 
25.85 
16.60 
17.93 
27.63 
27.94 
27.08 
17.68 
15.48 
24.49 
24.62 
26.10 
27.23 
22.36 
8.00 
7.98 
15.77 
27.88 
28.17 
25.14 
28.24 
24.55 
11.77 
29.25 
27.05 
25.68 
15.10 
12.59 
17.64 
18.74 
28.02 
27.63 
26.75 
16.10 
26.78 
23.79 
13.52 
15.41 
23.91 
27.22 
25.70 
14.56 
25.70 
23.86 
21.87 
21.32 
6.99 
23.70 
24.40 
25.88 
25.78 
22.41 
7.83 
19.27 
6.65 
22.81 
6.56 
14.95 
24.96 
24.70 
23.98 
17.82 
19.24 
23.49 
22.03 
21.03 
6.10 
6.05 
11.44 
12.83 
22.07 
11.22 
18.36 
19.83 
16.86 
21.16 
19.76 
5.56 
5.51 
15.22 
20.11 
14.46 
20.40 
12.76 
16.33 
13.12 
6.59 
5.60 
8.72 
12.73 
18.00 
16.57 
18.26 
17.09 
16.71 
12.27 
4.62 
4.57 
16.95 
15.71 
15.95 
16.31 
16.30 
16.29 
9.12 
16.03 
12.96 
14.72 
13.90 
14.59 
14.47 
14.46 
13.55 
7.29 
9.89 
3.74 
3.70 
6.15 
13.31 
13.42 
13.09 
13.20 
8.69 
3.42 
12.56 
12.66 
5.75 
4.79 
11.86 
11.77 
11.47 
8.44 
9.74 
10.92 
11.32 
10.09 
9.92 
10.51 
10.53 
9.71 
9.92 
9.77 
2.83 
2.81 
9.49 
2.76 
6.96 
9.96 
9.99 
5.08 
10.16 
10.03 
6.22 
8.29 
9.38 
2.60 
8.97 
7.31 
8.57 
9.41 
8.62 
6.64 
5.43 
9.42 
5.42 
8.05 
9.23 
2.52 
9.57 
8.72 
5.84 
9.33 
5.51 
9.35 
9.29 
9.65 
5.13 
9.01 
