20050101
11.17 
10.53 
11.53 
10.98 
3.04 
7.93 
11.69 
11.83 
11.39 
11.24 
11.89 
11.64 
10.90 
12.17 
12.43 
12.09 
12.57 
12.85 
12.82 
13.21 
8.90 
11.06 
10.29 
13.01 
8.93 
3.51 
9.06 
11.30 
14.12 
13.67 
14.65 
14.98 
14.75 
8.08 
12.35 
6.26 
3.90 
3.94 
3.97 
9.06 
10.79 
14.45 
14.56 
13.46 
4.22 
4.26 
12.79 
4.35 
17.34 
17.60 
16.97 
16.58 
16.32 
14.77 
4.66 
18.77 
18.90 
17.05 
17.17 
13.16 
17.95 
18.75 
19.29 
19.83 
19.82 
19.67 
19.11 
20.07 
5.31 
19.76 
21.16 
20.30 
11.53 
21.70 
12.41 
20.79 
21.93 
13.53 
16.57 
10.43 
20.93 
22.70 
23.42 
22.93 
22.14 
21.80 
22.37 
21.25 
23.20 
19.60 
18.91 
20.10 
24.41 
24.36 
21.95 
23.46 
19.60 
6.64 
24.07 
18.40 
17.04 
25.80 
26.38 
26.47 
24.94 
25.35 
26.74 
23.23 
25.11 
26.17 
28.23 
27.48 
26.90 
27.47 
29.20 
28.12 
29.02 
22.25 
26.32 
24.71 
28.29 
26.50 
23.70 
14.32 
24.14 
29.93 
30.16 
29.70 
29.59 
27.26 
29.85 
24.46 
15.31 
26.75 
20.31 
7.89 
11.16 
29.80 
20.95 
26.45 
29.91 
30.11 
31.17 
24.34 
22.82 
22.84 
20.81 
25.63 
13.98 
28.94 
30.16 
31.38 
32.26 
31.42 
27.48 
8.22 
30.08 
30.96 
8.25 
19.10 
27.55 
26.35 
23.60 
27.57 
31.01 
31.53 
27.92 
23.11 
23.28 
23.62 
29.82 
31.20 
24.83 
22.93 
22.93 
8.30 
8.30 
25.15 
10.53 
20.67 
28.57 
25.63 
8.27 
28.36 
28.86 
28.16 
30.38 
28.65 
26.40 
27.93 
24.31 
28.40 
24.10 
22.37 
18.92 
25.24 
15.12 
12.88 
12.52 
20.53 
17.26 
20.30 
8.00 
7.98 
16.14 
27.85 
25.43 
14.52 
30.11 
28.71 
25.62 
21.35 
25.54 
23.13 
20.55 
28.94 
25.52 
18.75 
7.62 
25.54 
22.64 
24.59 
26.54 
13.64 
19.26 
20.87 
24.63 
7.34 
18.39 
28.23 
28.49 
24.63 
27.84 
24.65 
7.10 
25.48 
23.45 
18.34 
23.13 
19.50 
16.05 
24.65 
25.68 
24.47 
6.71 
25.56 
24.35 
25.04 
25.73 
19.67 
24.89 
23.70 
24.22 
20.71 
18.46 
16.53 
9.26 
6.16 
17.03 
22.53 
18.96 
5.98 
5.93 
16.43 
12.20 
18.89 
19.96 
13.14 
18.43 
18.03 
5.56 
5.52 
10.74 
5.42 
5.38 
14.58 
19.50 
20.49 
5.19 
20.78 
20.64 
19.70 
19.70 
12.87 
4.91 
16.00 
18.78 
18.65 
18.01 
17.88 
8.11 
7.53 
6.45 
4.50 
12.99 
17.13 
17.01 
15.53 
13.58 
15.91 
16.64 
16.28 
16.16 
15.93 
15.22 
15.34 
14.65 
14.43 
11.34 
14.79 
14.80 
14.81 
13.92 
14.26 
13.28 
3.64 
11.90 
13.22 
13.35 
11.76 
13.07 
10.44 
3.42 
9.78 
13.05 
13.08 
12.28 
12.72 
12.65 
12.07 
11.30 
12.45 
12.19 
11.83 
11.77 
10.04 
8.62 
11.82 
11.58 
11.44 
11.40 
11.17 
9.97 
8.30 
9.82 
11.14 
11.21 
11.29 
11.46 
11.54 
11.62 
11.61 
11.22 
10.93 
11.49 
11.30 
11.21 
11.12 
11.04 
11.05 
8.10 
2.96 
8.99 
6.81 
5.57 
9.63 
4.06 
3.01 
3.02 
8.49 
11.94 
11.88 
11.04 
11.49 
9.65 
3.13 
3.15 
3.17 
10.55 
11.42 
4.87 
3.26 
3.29 
3.31 
10.92 
5.46 
9.91 
8.49 
8.87 
10.75 
12.44 
11.87 
3.58 
3.61 
4.53 
10.22 
6.61 
13.63 
13.95 
13.60 
3.86 
13.80 
15.41 
15.64 
15.88 
15.88 
15.16 
15.51 
10.69 
11.01 
4.26 
14.39 
16.47 
15.10 
17.22 
16.72 
4.52 
17.73 
14.77 
16.30 
4.70 
4.75 
4.80 
16.51 
19.16 
18.62 
18.62 
18.20 
18.60 
17.62 
14.56 
11.75 
13.79 
15.56 
13.69 
19.89 
20.87 
19.70 
19.39 
20.81 
5.64 
21.64 
20.00 
17.45 
5.83 
22.57 
21.50 
22.52 
20.97 
21.84 
14.79 
23.28 
24.16 
20.89 
21.92 
13.01 
23.37 
21.91 
6.47 
21.00 
22.83 
24.51 
20.64 
16.41 
21.93 
11.90 
17.91 
22.50 
24.04 
23.64 
22.58 
23.31 
17.34 
27.07 
26.66 
23.94 
27.15 
24.25 
27.14 
10.44 
25.45 
18.52 
27.26 
27.32 
27.05 
19.90 
15.25 
23.19 
11.79 
12.84 
26.89 
22.72 
20.56 
7.72 
27.60 
7.77 
17.15 
27.73 
29.31 
29.18 
27.51 
22.26 
26.39 
21.46 
7.98 
9.20 
29.25 
30.48 
18.17 
8.07 
10.49 
30.93 
31.30 
27.37 
23.44 
27.58 
27.60 
13.69 
14.91 
28.85 
26.80 
25.10 
25.62 
30.11 
18.76 
31.68 
30.65 
23.95 
8.29 
29.46 
31.88 
28.96 
29.47 
29.30 
21.21 
8.31 
17.77 
22.07 
29.99 
26.20 
21.89 
30.14 
24.63 
12.42 
29.09 
25.47 
16.35 
8.27 
8.26 
25.43 
25.76 
28.49 
18.18 
13.02 
8.20 
23.45 
18.81 
24.96 
8.15 
11.05 
8.12 
19.40 
23.65 
8.08 
8.06 
21.70 
23.38 
13.46 
22.81 
21.41 
7.94 
7.92 
19.96 
20.44 
18.37 
21.38 
13.39 
24.69 
19.24 
7.73 
17.14 
23.84 
21.60 
22.90 
7.59 
9.07 
16.06 
13.51 
22.15 
7.44 
7.41 
26.62 
25.40 
10.12 
7.28 
22.06 
11.81 
7.17 
8.77 
24.41 
22.87 
7.03 
18.50 
21.51 
6.91 
6.87 
6.83 
14.96 
20.48 
19.93 
11.43 
6.63 
25.52 
24.47 
16.07 
23.64 
25.57 
24.37 
23.34 
23.85 
20.98 
6.20 
22.14 
20.67 
20.72 
21.22 
20.66 
15.93 
5.89 
19.29 
18.75 
5.75 
8.47 
7.98 
9.37 
19.94 
15.10 
16.43 
17.32 
19.75 
19.34 
18.25 
17.58 
17.32 
5.14 
13.42 
19.56 
18.49 
7.37 
12.64 
17.45 
16.54 
10.27 
4.73 
4.68 
4.64 
14.69 
4.55 
4.50 
17.13 
15.89 
4.37 
14.30 
10.53 
14.21 
15.43 
15.32 
9.96 
14.86 
15.22 
14.41 
15.47 
15.58 
15.36 
15.13 
15.25 
14.58 
13.25 
13.82 
14.05 
13.30 
13.64 
13.66 
13.46 
13.26 
11.90 
3.45 
5.95 
9.47 
11.49 
3.34 
3.31 
3.29 
3.26 
3.24 
3.22 
11.34 
11.39 
11.13 
11.48 
11.82 
11.67 
9.36 
5.51 
3.05 
3.04 
3.02 
11.13 
10.62 
10.97 
5.38 
10.25 
10.81 
10.50 
11.06 
10.76 
10.27 
9.98 
10.26 
10.73 
9.59 
8.26 
4.08 
4.66 
2.95 
2.95 
8.02 
2.96 
2.97 
2.98 
9.15 
8.98 
7.07 
3.02 
11.11 
11.54 
11.20 
10.16 
10.99 
8.27 
9.80 
11.25 
11.60 
10.35 
3.22 
11.99 
11.75 
11.82 
11.06 
10.51 
12.04 
3.40 
8.49 
5.68 
9.89 
11.15 
11.22 
13.15 
12.48 
13.78 
13.43 
13.86 
13.96 
13.39 
12.69 
12.67 
12.19 
3.94 
8.18 
14.35 
14.46 
14.69 
13.12 
11.41 
16.35 
14.64 
12.05 
11.40 
11.12 
14.71 
16.09 
15.19 
16.96 
11.17 
14.88 
16.81 
14.44 
4.80 
4.84 
6.62 
4.94 
4.98 
7.47 
19.42 
18.72 
19.54 
18.55 
14.07 
20.20 
19.76 
17.05 
11.16 
5.50 
5.55 
5.60 
5.64 
10.96 
10.30 
14.35 
18.89 
14.38 
5.93 
21.61 
21.88 
21.54 
21.19 
21.91 
21.71 
6.25 
17.90 
21.56 
23.53 
23.16 
21.54 
14.07 
21.88 
24.67 
22.86 
24.23 
18.72 
14.15 
19.20 
24.92 
19.67 
6.92 
25.02 
25.43 
23.72 
16.75 
25.84 
24.77 
22.70 
7.22 
25.81 
26.22 
23.13 
24.52 
22.41 
21.13 
17.67 
27.11 
23.81 
26.56 
26.45 
27.51 
25.37 
26.61 
17.34 
28.06 
24.20 
19.49 
29.39 
28.75 
27.60 
24.75 
30.07 
29.08 
30.32 
29.16 
20.12 
8.00 
8.02 
24.14 
26.05 
29.85 
28.68 
29.73 
29.07 
27.37 
8.15 
10.57 
24.68 
23.49 
27.81 
13.37 
27.15 
19.93 
24.42 
26.15 
9.98 
25.48 
23.59 
17.58 
8.29 
24.13 
27.40 
23.10 
23.62 
8.30 
8.31 
8.31 
12.78 
8.31 
9.85 
31.19 
27.91 
17.59 
14.66 
25.83 
8.29 
8.28 
30.10 
18.75 
21.83 
19.25 
20.61 
8.24 
25.90 
24.17 
29.64 
30.65 
30.29 
20.50 
8.15 
8.14 
10.69 
21.62 
18.52 
14.06 
21.55 
9.24 
23.38 
8.00 
7.98 
7.96 
16.96 
16.08 
14.01 
15.51 
7.85 
7.83 
24.22 
25.03 
10.29 
24.27 
19.84 
9.86 
15.55 
23.41 
19.00 
20.79 
24.76 
26.71 
26.98 
25.09 
25.03 
23.80 
22.25 
22.19 
23.45 
23.88 
23.32 
11.93 
23.18 
26.21 
20.75 
7.03 
6.99 
10.83 
6.91 
6.87 
6.83 
18.00 
14.58 
10.22 
10.48 
21.03 
23.31 
22.59 
20.61 
23.49 
23.23 
22.51 
21.94 
17.22 
6.25 
16.75 
22.45 
16.27 
9.69 
23.17 
22.90 
22.79 
21.48 
21.07 
20.51 
20.69 
17.08 
5.66 
5.61 
5.56 
5.52 
5.47 
5.42 
20.59 
5.33 
5.28 
5.24 
5.19 
5.42 
5.91 
5.05 
8.37 
4.96 
4.91 
14.01 
18.52 
18.00 
17.48 
17.36 
13.77 
17.37 
17.25 
17.13 
14.75 
4.42 
13.66 
15.29 
12.12 
4.25 
16.28 
14.24 
14.49 
15.10 
15.34 
14.41 
13.96 
9.81 
10.43 
10.46 
11.97 
13.46 
12.35 
10.04 
9.30 
3.64 
3.60 
3.57 
3.54 
9.94 
11.36 
11.18 
12.27 
12.30 
12.12 
11.11 
11.66 
9.34 
7.65 
10.55 
11.61 
9.03 
10.18 
10.13 
5.12 
10.24 
11.08 
9.46 
7.66 
10.56 
9.74 
3.02 
3.01 
3.00 
2.99 
6.05 
11.02 
9.85 
9.93 
8.20 
8.00 
9.04 
9.22 
4.84 
2.94 
5.88 
4.93 
2.94 
2.94 
2.95 
2.95 
10.70 
10.91 
10.54 
11.24 
9.73 
9.95 
10.27 
7.00 
10.72 
6.27 
11.00 
8.49 
8.03 
3.12 
5.32 
3.15 
3.17 
3.20 
3.22 
3.24 
3.26 
3.29 
3.31 
3.34 
3.37 
3.40 
12.40 
8.76 
3.48 
12.01 
9.60 
3.58 
12.59 
10.25 
11.99 
12.19 
12.28 
12.26 
9.28 
13.70 
13.80 
10.66 
14.59 
14.23 
13.39 
14.09 
14.92 
13.58 
14.90 
14.64 
15.12 
11.77 
4.39 
15.97 
15.71 
15.95 
14.28 
9.76 
4.66 
4.70 
17.33 
18.24 
17.57 
17.43 
10.57 
19.16 
19.42 
18.46 
16.94 
18.02 
15.50 
5.27 
18.51 
19.62 
16.62 
5.46 
16.12 
14.92 
21.10 
16.71 
16.81 
9.86 
17.31 
5.83 
17.36 
20.15 
22.36 
22.03 
22.75 
21.80 
17.62 
6.20 
15.03 
18.20 
17.21 
23.21 
23.16 
20.91 
19.90 
15.72 
22.45 
20.00 
6.68 
21.29 
6.76 
6.80 
18.63 
22.42 
25.10 
20.96 
16.79 
22.41 
7.07 
7.11 
7.15 
8.50 
23.59 
25.15 
25.39 
23.29 
18.36 
25.42 
25.48 
24.71 
24.60 
20.96 
7.55 
7.58 
27.18 
25.88 
20.86 
7.69 
21.79 
13.51 
25.44 
20.21 
28.07 
27.60 
26.62 
17.28 
11.67 
7.94 
26.93 
25.08 
29.05 
28.91 
16.09 
26.05 
23.16 
25.76 
22.18 
18.42 
30.12 
21.90 
29.30 
31.04 
28.82 
23.85 
10.28 
28.18 
10.47 
17.88 
29.25 
25.82 
13.26 
8.27 
21.71 
8.29 
8.29 
8.30 
8.30 
8.30 
8.30 
14.67 
26.03 
16.05 
27.75 
19.83 
29.29 
27.57 
21.54 
24.29 
16.03 
19.81 
8.28 
8.28 
22.19 
29.05 
25.43 
20.09 
17.16 
29.68 
27.26 
20.04 
24.82 
18.98 
8.17 
29.22 
23.72 
8.12 
25.90 
24.33 
8.08 
8.06 
16.92 
21.33 
25.90 
23.15 
26.52 
24.96 
22.20 
7.90 
18.23 
8.87 
13.93 
7.81 
12.01 
23.63 
27.64 
26.75 
23.33 
17.74 
7.62 
20.51 
19.62 
15.23 
15.52 
9.97 
11.60 
7.41 
7.38 
7.34 
12.60 
22.46 
22.23 
20.36 
7.17 
14.66 
27.03 
24.50 
21.82 
22.07 
21.67 
15.14 
19.91 
11.01 
8.87 
25.59 
25.50 
20.48 
19.61 
17.32 
23.37 
11.83 
6.46 
8.13 
6.38 
22.72 
22.31 
22.05 
21.18 
18.49 
20.67 
16.79 
18.36 
5.98 
13.24 
19.55 
5.84 
12.57 
5.75 
5.70 
5.66 
6.48 
5.56 
16.67 
17.71 
18.03 
18.34 
19.20 
10.02 
5.24 
5.19 
15.70 
8.91 
17.66 
11.61 
18.10 
14.78 
16.79 
16.54 
15.90 
11.63 
14.65 
13.64 
15.33 
14.96 
4.50 
4.46 
7.78 
16.51 
16.15 
15.17 
14.94 
15.19 
4.16 
8.41 
14.27 
15.10 
14.41 
14.19 
14.08 
12.38 
13.54 
13.89 
9.63 
3.74 
13.37 
8.31 
3.64 
3.60 
10.95 
3.54 
12.83 
11.68 
12.14 
12.06 
11.77 
11.70 
11.42 
10.53 
3.29 
6.83 
11.77 
11.30 
11.65 
10.48 
11.73 
11.58 
9.64 
11.28 
3.08 
10.40 
11.14 
10.13 
11.26 
8.04 
10.91 
5.30 
10.85 
9.97 
8.03 
10.12 
10.68 
11.05 
9.89 
10.36 
8.55 
5.41 
9.88 
10.17 
10.17 
8.66 
10.19 
7.53 
7.16 
4.69 
10.45 
10.57 
10.69 
9.54 
9.08 
3.01 
3.02 
3.04 
6.17 
9.73 
10.45 
11.09 
11.64 
11.19 
10.95 
11.50 
11.06 
10.81 
9.04 
10.22 
11.51 
3.31 
3.34 
10.89 
10.12 
11.45 
12.06 
12.14 
11.68 
12.20 
13.04 
12.26 
3.64 
6.01 
3.71 
3.75 
3.78 
10.53 
11.53 
3.90 
6.60 
3.97 
14.11 
14.10 
13.50 
4.14 
14.30 
13.68 
13.54 
13.03 
4.35 
4.39 
12.33 
15.83 
14.30 
15.94 
7.70 
4.66 
4.70 
4.75 
15.87 
15.05 
10.23 
4.94 
13.22 
5.03 
17.91 
18.03 
13.46 
18.41 
17.42 
5.31 
5.36 
15.06 
16.73 
19.42 
18.52 
18.78 
19.33 
20.76 
19.26 
12.88 
5.83 
20.19 
17.75 
11.54 
22.03 
21.54 
10.98 
17.93 
13.26 
16.11 
23.00 
23.57 
14.17 
21.44 
19.34 
23.68 
24.41 
21.50 
23.50 
23.27 
6.72 
22.17 
22.26 
24.76 
13.84 
6.92 
19.65 
23.97 
8.34 
7.07 
26.83 
27.40 
16.26 
16.81 
23.82 
25.39 
26.62 
26.52 
26.25 
22.81 
21.02 
18.73 
28.35 
27.23 
22.40 
25.49 
27.23 
26.61 
19.54 
14.33 
7.75 
7.77 
26.67 
16.50 
7.85 
7.87 
23.25 
29.77 
28.44 
28.13 
27.65 
10.05 
29.25 
29.63 
24.00 
28.14 
29.02 
15.83 
8.12 
28.58 
31.17 
30.33 
28.98 
29.68 
24.20 
29.20 
28.52 
17.35 
24.25 
14.28 
30.46 
32.19 
29.79 
26.18 
24.30 
24.82 
23.62 
12.26 
8.30 
8.30 
15.88 
30.68 
23.11 
31.37 
29.47 
30.84 
23.44 
22.75 
15.52 
29.44 
30.64 
31.83 
31.31 
31.29 
28.36 
25.60 
11.68 
8.24 
19.90 
8.21 
28.79 
26.02 
18.81 
26.50 
13.12 
29.88 
23.01 
8.11 
8.09 
25.85 
19.33 
19.14 
10.75 
27.27 
24.68 
7.96 
26.66 
26.11 
7.90 
25.19 
13.96 
19.69 
16.27 
18.94 
28.20 
19.37 
7.70 
7.68 
16.56 
15.35 
20.51 
7.56 
23.92 
27.71 
26.81 
26.92 
25.36 
24.80 
7.34 
7.31 
10.58 
19.76 
17.73 
7.17 
8.44 
25.07 
10.65 
13.69 
15.91 
25.88 
15.46 
11.54 
25.29 
23.60 
18.73 
11.01 
12.86 
6.63 
6.59 
6.55 
6.51 
6.46 
22.14 
11.65 
23.18 
17.99 
22.97 
17.05 
22.60 
20.37 
21.63 
18.36 
5.98 
19.80 
21.92 
21.96 
18.01 
16.88 
17.81 
19.15 
17.60 
13.76 
15.67 
15.01 
20.29 
20.17 
18.78 
19.50 
19.52 
18.84 
5.14 
13.01 
5.05 
5.00 
4.96 
17.17 
18.51 
18.52 
14.73 
17.48 
17.36 
15.05 
17.25 
16.49 
16.88 
16.25 
16.26 
14.78 
13.44 
12.48 
12.02 
15.56 
14.36 
4.12 
14.03 
14.52 
15.11 
15.00 
14.43 
14.33 
13.99 
13.89 
8.28 
3.74 
3.71 
3.67 
10.44 
13.32 
12.46 
12.81 
7.15 
12.85 
11.92 
10.48 
12.30 
12.64 
12.25 
11.77 
10.88 
11.22 
8.82 
3.22 
3.19 
10.48 
10.43 
11.18 
11.62 
11.47 
8.68 
11.77 
11.44 
4.88 
10.29 
9.97 
3.96 
6.16 
2.98 
8.91 
2.96 
2.96 
9.72 
11.05 
11.03 
10.84 
10.83 
10.92 
10.16 
6.27 
8.08 
9.61 
2.95 
10.01 
11.17 
10.72 
10.93 
10.47 
10.59 
9.47 
3.01 
11.37 
7.42 
3.05 
3.07 
3.08 
3.10 
3.12 
10.30 
11.35 
11.70 
11.76 
10.41 
10.26 
10.32 
9.25 
3.31 
3.34 
11.93 
12.53 
12.61 
13.01 
13.21 
11.90 
12.84 
12.28 
13.46 
13.67 
11.66 
11.63 
10.71 
12.71 
12.46 
3.86 
3.90 
11.35 
9.69 
4.01 
4.05 
4.09 
13.24 
11.89 
4.22 
10.00 
6.52 
15.61 
15.85 
16.47 
16.21 
15.06 
16.45 
16.83 
5.56 
7.57 
4.75 
12.97 
4.84 
6.49 
17.01 
4.98 
14.26 
12.59 
10.62 
5.17 
8.00 
20.35 
20.62 
15.95 
9.24 
18.15 
5.50 
17.66 
19.80 
15.69 
13.01 
19.70 
21.15 
19.93 
9.01 
18.65 
11.24 
22.33 
22.14 
17.84 
22.67 
6.20 
10.72 
8.30 
22.33 
23.99 
18.16 
19.50 
14.23 
23.94 
23.09 
22.55 
9.07 
14.24 
6.76 
18.55 
22.99 
14.81 
21.53 
22.42 
7.00 
22.57 
7.07 
7.11 
7.15 
24.84 
27.73 
24.82 
8.78 
22.96 
20.69 
26.75 
27.82 
27.39 
27.78 
24.32 
15.96 
13.14 
27.01 
27.91 
26.10 
19.88 
26.53 
28.28 
28.66 
25.99 
21.95 
7.85 
14.52 
7.89 
10.99 
29.12 
28.81 
29.53 
16.56 
27.20 
26.54 
29.65 
28.65 
8.09 
8.11 
28.55 
29.26 
30.31 
25.52 
24.16 
20.23 
8.20 
26.10 
24.05 
18.90 
21.84 
8.25 
8.26 
19.28 
27.90 
25.15 
22.40 
26.02 
29.64 
24.65 
27.06 
23.11 
30.17 
30.68 
28.10 
17.43 
25.68 
26.03 
20.86 
17.24 
28.07 
26.17 
24.79 
8.28 
8.28 
31.29 
27.50 
21.65 
25.93 
30.04 
9.43 
19.02 
8.20 
21.91 
21.89 
20.16 
17.23 
13.27 
10.18 
26.58 
14.93 
27.73 
8.06 
29.04 
24.23 
15.68 
12.24 
20.56 
24.11 
22.88 
22.00 
22.13 
26.51 
23.93 
19.82 
7.78 
18.57 
22.92 
9.56 
20.98 
10.67 
18.70 
20.67 
10.07 
7.53 
7.50 
23.81 
7.44 
20.21 
29.28 
26.39 
23.51 
7.28 
9.22 
9.18 
7.17 
24.65 
10.86 
24.50 
26.86 
15.10 
15.20 
24.02 
22.49 
17.91 
10.32 
17.93 
8.31 
17.78 
6.63 
7.85 
6.55 
6.51 
6.46 
16.54 
22.20 
23.03 
18.76 
20.36 
18.28 
8.29 
6.11 
13.32 
6.02 
5.98 
5.93 
5.89 
21.36 
22.43 
11.02 
17.95 
5.66 
20.78 
16.34 
6.80 
15.43 
8.54 
19.46 
21.30 
20.34 
20.21 
19.81 
17.49 
9.46 
13.59 
5.00 
19.30 
11.31 
17.06 
17.07 
18.00 
13.71 
4.68 
6.18 
12.90 
4.55 
9.81 
11.61 
11.02 
4.37 
15.04 
12.85 
12.27 
16.04 
14.96 
15.09 
13.20 
14.16 
10.32 
14.77 
15.01 
15.13 
13.20 
13.33 
14.24 
11.12 
12.82 
13.39 
13.19 
13.86 
13.01 
13.35 
13.15 
12.96 
6.31 
13.01 
12.61 
12.22 
11.73 
7.23 
11.90 
11.43 
10.75 
10.70 
11.24 
10.99 
10.33 
10.88 
10.24 
10.98 
11.03 
9.52 
11.14 
10.52 
8.35 
10.74 
10.14 
10.88 
9.51 
2.97 
9.09 
10.60 
10.77 
10.09 
9.80 
10.27 
9.40 
8.83 
10.07 
2.94 
6.46 
2.94 
10.86 
10.39 
10.51 
9.95 
9.78 
11.24 
10.79 
3.00 
6.01 
8.75 
9.85 
10.18 
7.47 
3.08 
11.29 
6.39 
11.19 
11.45 
10.20 
5.11 
11.62 
10.47 
9.81 
8.33 
8.89 
3.34 
3.79 
9.80 
12.40 
11.85 
12.24 
3.51 
3.55 
7.28 
12.91 
12.12 
12.99 
12.86 
12.17 
10.56 
12.80 
3.86 
13.57 
3.94 
7.94 
4.01 
4.05 
14.57 
4.14 
7.31 
15.87 
14.89 
12.42 
7.56 
4.39 
4.43 
4.48 
4.52 
4.57 
15.41 
4.66 
4.70 
4.75 
4.80 
4.84 
16.63 
14.73 
18.75 
16.03 
9.86 
16.94 
17.74 
18.14 
18.67 
18.65 
15.53 
17.90 
16.01 
5.50 
19.68 
20.81 
20.35 
17.25 
5.74 
5.79 
15.77 
21.23 
20.30 
22.06 
22.03 
22.60 
22.41 
21.91 
22.63 
20.12 
18.36 
6.33 
7.47 
22.22 
22.17 
15.65 
17.62 
15.16 
21.91 
21.52 
15.36 
25.54 
24.19 
16.69 
22.26 
23.48 
22.26 
25.43 
26.01 
22.65 
21.24 
13.24 
23.52 
18.46 
26.14 
20.74 
18.97 
26.02 
24.92 
13.78 
18.68 
18.73 
24.49 
19.83 
19.71 
21.61 
24.87 
22.38 
7.69 
7.72 
15.38 
24.93 
29.22 
28.92 
27.94 
23.89 
28.36 
15.43 
21.09 
22.15 
7.98 
23.75 
25.49 
29.11 
16.11 
23.85 
20.96 
21.66 
25.81 
11.23 
21.21 
29.30 
29.84 
29.51 
27.46 
16.47 
20.09 
16.84 
24.07 
27.01 
8.26 
26.00 
31.00 
31.18 
24.98 
13.80 
15.53 
8.30 
8.30 
28.27 
28.27 
24.66 
21.90 
8.31 
21.38 
8.30 
12.60 
28.94 
21.88 
27.38 
17.05 
18.60 
8.28 
8.27 
15.65 
19.76 
16.49 
10.47 
28.30 
30.35 
27.07 
23.97 
27.21 
24.10 
21.85 
21.66 
23.01 
21.62 
14.93 
8.08 
17.96 
16.58 
20.82 
14.99 
21.44 
13.41 
28.19 
27.64 
26.58 
17.04 
7.85 
28.16 
22.02 
7.78 
7.76 
27.30 
21.86 
7.68 
18.07 
19.04 
24.03 
22.97 
21.25 
16.85 
18.31 
19.43 
12.73 
7.38 
7.34 
8.30 
7.28 
12.02 
26.93 
25.87 
24.81 
15.92 
11.46 
7.84 
6.99 
6.95 
20.47 
19.27 
17.11 
21.36 
6.75 
15.95 
6.67 
21.98 
22.36 
9.85 
22.96 
20.83 
6.42 
6.38 
6.33 
14.76 
9.78 
20.26 
15.75 
6.11 
8.64 
6.02 
22.75 
20.85 
21.92 
21.96 
21.69 
19.52 
19.26 
16.54 
11.39 
5.56 
19.53 
9.74 
15.05 
5.38 
16.54 
5.28 
18.68 
18.43 
16.80 
12.73 
13.32 
5.00 
4.96 
6.51 
18.51 
16.94 
14.33 
18.01 
16.97 
14.41 
13.16 
12.30 
11.57 
4.46 
7.66 
13.42 
14.42 
7.47 
14.82 
13.26 
12.68 
10.20 
5.74 
4.04 
4.00 
3.96 
3.93 
3.89 
3.85 
3.81 
3.78 
12.24 
12.93 
7.54 
3.64 
12.99 
12.03 
10.44 
3.51 
3.48 
6.63 
12.90 
12.30 
9.51 
12.04 
12.18 
10.47 
3.26 
8.32 
8.37 
3.19 
3.17 
4.85 
8.70 
4.99 
8.62 
3.08 
3.06 
3.05 
8.77 
10.97 
10.26 
10.91 
10.69 
10.47 
9.49 
10.23 
10.31 
10.87 
8.09 
8.85 
2.94 
7.31 
10.35 
10.54 
9.79 
9.51 
10.27 
2.95 
2.95 
2.96 
2.96 
2.97 
6.05 
7.80 
10.24 
10.27 
10.30 
10.43 
3.05 
3.07 
6.42 
9.61 
10.05 
10.59 
10.45 
10.90 
9.65 
7.17 
3.24 
7.97 
3.29 
3.31 
3.34 
3.37 
11.27 
11.77 
12.48 
12.99 
12.01 
10.90 
3.58 
3.61 
9.48 
6.23 
8.06 
13.07 
13.39 
5.07 
11.07 
14.61 
14.14 
13.31 
6.72 
14.22 
14.09 
4.14 
4.18 
4.22 
7.93 
15.74 
15.86 
15.97 
15.59 
14.32 
6.94 
12.49 
14.13 
4.66 
6.27 
4.75 
13.89 
4.84 
4.89 
4.94 
4.98 
5.03 
5.08 
9.79 
17.88 
17.86 
5.27 
13.88 
18.07 
18.32 
17.44 
20.13 
18.38 
5.60 
18.89 
18.13 
5.74 
5.79 
15.63 
8.71 
5.93 
22.82 
22.78 
21.38 
23.63 
22.06 
17.26 
19.50 
21.92 
21.71 
19.16 
6.42 
24.36 
25.26 
24.57 
24.51 
24.45 
24.23 
22.73 
14.47 
14.05 
21.86 
23.88 
22.18 
19.82 
22.66 
22.57 
15.43 
19.60 
17.19 
21.54 
24.09 
18.19 
7.29 
26.45 
27.85 
24.92 
25.15 
24.71 
24.76 
22.13 
25.89 
25.94 
25.49 
25.88 
26.61 
21.75 
24.84 
7.75 
22.55 
7.80 
23.99 
18.07 
28.84 
29.05 
27.72 
27.75 
26.08 
17.90 
13.48 
8.02 
22.60 
22.11 
26.59 
23.36 
28.36 
25.12 
24.11 
18.29 
28.10 
17.29 
19.71 
24.20 
8.21 
30.42 
26.30 
11.34 
22.36 
28.74 
27.55 
22.22 
30.31 
28.08 
20.34 
31.71 
28.61 
30.51 
29.13 
26.89 
20.18 
19.32 
21.90 
24.65 
17.94 
8.30 
16.21 
8.30 
8.29 
8.29 
13.44 
27.87 
30.26 
25.44 
25.08 
14.94 
28.15 
24.70 
8.21 
10.95 
8.19 
27.89 
27.70 
28.88 
8.14 
8.12 
20.77 
26.90 
21.06 
23.09 
22.55 
8.02 
8.00 
26.55 
27.54 
12.54 
10.64 
10.45 
17.38 
23.96 
25.45 
7.81 
7.78 
14.85 
27.13 
17.14 
23.50 
7.65 
14.00 
20.67 
7.56 
21.41 
23.20 
16.81 
7.44 
8.57 
7.38 
26.89 
24.34 
7.28 
7.24 
23.15 
22.10 
24.49 
27.19 
20.59 
21.50 
18.67 
10.83 
6.91 
22.49 
24.49 
20.08 
8.67 
6.71 
16.83 
24.19 
25.04 
6.55 
6.51 
23.49 
18.56 
23.29 
13.60 
16.92 
22.36 
22.10 
24.28 
16.88 
22.23 
17.76 
16.01 
14.73 
15.84 
5.84 
20.37 
19.08 
11.39 
5.66 
18.90 
20.23 
20.96 
20.98 
20.43 
20.17 
17.52 
18.94 
5.24 
17.32 
19.41 
14.92 
9.39 
18.89 
18.77 
15.57 
16.26 
17.33 
15.90 
4.73 
14.26 
17.37 
14.43 
16.87 
16.50 
4.46 
16.26 
10.20 
15.90 
15.42 
4.25 
14.59 
13.88 
10.56 
15.33 
14.16 
14.76 
11.17 
6.00 
3.89 
13.65 
13.67 
7.49 
12.35 
3.71 
6.76 
13.30 
13.32 
13.55 
12.81 
7.58 
10.72 
12.35 
10.58 
12.30 
3.36 
6.34 
3.31 
12.21 
11.73 
3.85 
11.81 
11.85 
11.69 
10.43 
10.68 
3.11 
4.67 
11.03 
9.91 
11.34 
10.23 
10.68 
10.94 
11.10 
7.03 
2.98 
2.97 
2.96 
2.96 
7.91 
2.95 
6.08 
9.89 
2.94 
2.94 
6.84 
10.93 
9.79 
10.56 
9.24 
2.95 
8.21 
2.96 
7.48 
10.76 
9.73 
10.69 
11.20 
10.75 
10.40 
10.53 
10.28 
9.53 
10.45 
10.80 
10.94 
11.59 
11.94 
9.70 
9.04 
11.12 
9.35 
11.75 
11.72 
4.66 
3.34 
3.37 
6.55 
11.87 
12.38 
12.89 
12.76 
13.17 
12.82 
12.48 
6.40 
3.68 
12.30 
10.26 
3.78 
3.82 
3.86 
14.15 
7.41 
11.44 
14.11 
4.05 
4.09 
15.75 
16.23 
7.74 
13.91 
6.15 
14.49 
4.39 
15.09 
16.21 
15.32 
16.96 
15.80 
11.52 
4.70 
16.67 
10.86 
8.56 
9.96 
15.81 
18.48 
18.20 
16.96 
10.62 
16.91 
18.14 
18.26 
18.65 
11.71 
5.41 
6.45 
11.81 
18.81 
5.60 
19.77 
17.10 
17.79 
19.97 
17.56 
18.70 
21.50 
21.46 
18.71 
20.47 
19.36 
20.68 
10.65 
18.58 
11.09 
22.49 
22.43 
19.88 
7.72 
12.02 
25.20 
23.72 
21.59 
25.03 
24.81 
24.74 
23.55 
22.02 
24.69 
23.64 
22.58 
18.58 
7.04 
7.07 
25.18 
23.61 
12.30 
23.26 
25.81 
27.54 
26.29 
19.85 
18.74 
23.64 
26.05 
22.92 
12.89 
18.65 
20.89 
25.83 
14.56 
15.95 
7.69 
21.79 
28.45 
28.32 
28.20 
19.90 
25.56 
27.81 
24.95 
7.91 
25.36 
29.33 
29.36 
25.46 
15.55 
8.04 
9.94 
15.96 
8.09 
19.43 
11.90 
26.86 
29.45 
13.15 
21.07 
23.15 
25.74 
13.55 
18.89 
12.54 
8.24 
8.25 
8.26 
17.73 
22.22 
30.49 
29.80 
25.68 
24.65 
20.18 
8.30 
19.66 
8.31 
8.31 
8.31 
8.31 
27.92 
21.04 
28.77 
28.60 
31.00 
28.24 
22.73 
23.75 
13.43 
31.29 
28.02 
21.31 
29.71 
26.43 
25.39 
8.21 
8.20 
8.19 
8.18 
8.17 
8.15 
8.14 
11.89 
29.15 
19.38 
8.08 
22.92 
25.11 
22.52 
8.00 
28.60 
25.50 
7.94 
7.92 
7.90 
25.36 
7.85 
29.01 
25.24 
20.63 
18.57 
28.32 
26.08 
25.86 
20.76 
7.62 
22.02 
25.32 
25.93 
12.68 
22.65 
22.26 
20.37 
22.31 
23.58 
28.31 
27.74 
26.51 
23.64 
10.94 
7.14 
11.51 
11.14 
17.43 
26.45 
11.97 
8.20 
26.03 
20.96 
25.52 
23.99 
18.49 
14.13 
10.90 
24.26 
23.06 
19.36 
6.46 
21.68 
22.04 
14.68 
17.38 
22.20 
20.72 
8.29 
6.11 
6.07 
14.30 
11.67 
10.26 
5.89 
5.84 
5.79 
15.13 
21.60 
22.06 
20.49 
18.36 
5.52 
5.47 
13.35 
20.87 
15.28 
19.36 
10.64 
10.29 
12.14 
5.10 
16.17 
18.49 
18.63 
10.38 
4.87 
4.82 
14.46 
14.62 
13.22 
13.64 
16.48 
16.23 
10.31 
13.49 
15.89 
15.27 
15.53 
14.07 
12.15 
14.83 
4.16 
4.12 
4.08 
4.04 
13.82 
15.00 
13.16 
5.84 
13.54 
13.78 
11.88 
3.74 
13.71 
12.51 
12.97 
3.60 
12.46 
12.60 
11.76 
12.75 
11.71 
11.85 
10.62 
11.18 
10.70 
3.31 
6.57 
11.94 
10.75 
11.81 
11.75 
11.69 
11.13 
11.28 
8.36 
11.38 
10.44 
10.01 
10.85 
10.62 
3.02 
10.74 
7.24 
10.11 
10.08 
10.25 
10.14 
9.64 
8.96 
2.95 
8.27 
10.65 
10.26 
9.12 
2.94 
9.31 
7.70 
6.85 
10.86 
10.68 
10.60 
10.24 
9.78 
10.86 
10.50 
6.18 
10.07 
10.69 
9.95 
3.05 
3.07 
9.67 
10.60 
10.84 
8.51 
11.35 
11.30 
10.75 
10.91 
10.47 
11.65 
10.89 
9.51 
12.59 
12.56 
12.64 
11.56 
3.45 
12.14 
10.61 
10.68 
11.08 
11.93 
12.24 
3.68 
10.52 
10.93 
9.21 
3.82 
3.86 
3.90 
3.94 
6.89 
12.00 
13.63 
12.42 
4.14 
4.18 
13.56 
12.20 
4.30 
4.35 
7.88 
12.83 
9.40 
12.01 
4.57 
4.61 
4.66 
8.09 
11.04 
14.68 
4.84 
15.69 
17.68 
11.33 
17.66 
15.59 
17.07 
5.17 
14.52 
17.14 
15.42 
14.54 
5.41 
19.58 
20.56 
19.97 
18.93 
10.16 
7.89 
14.85 
22.18 
21.56 
20.64 
18.50 
19.66 
15.68 
20.63 
12.81 
21.75 
22.94 
18.73 
6.29 
20.62 
9.65 
21.91 
23.89 
23.21 
20.94 
22.93 
20.64 
21.36 
6.72 
6.76 
11.79 
19.60 
23.88 
6.92 
6.96 
13.20 
7.04 
7.07 
17.46 
7.15 
21.71 
17.80 
22.66 
12.60 
20.63 
25.52 
17.91 
24.98 
25.71 
16.21 
27.85 
28.07 
27.46 
28.53 
27.06 
26.77 
18.87 
15.86 
7.75 
15.58 
28.71 
24.16 
10.57 
26.79 
24.61 
24.65 
22.12 
20.61 
27.65 
25.46 
27.88 
21.06 
25.88 
23.68 
29.88 
27.84 
29.24 
26.86 
23.61 
8.16 
13.16 
8.19 
26.77 
14.23 
25.60 
14.08 
30.44 
24.08 
30.98 
28.92 
22.91 
28.42 
14.31 
15.00 
15.53 
22.07 
22.93 
10.54 
8.31 
30.16 
18.46 
23.97 
24.82 
20.86 
11.05 
23.78 
23.09 
28.24 
9.66 
28.22 
13.60 
23.22 
20.11 
10.66 
13.05 
25.92 
14.75 
20.22 
8.20 
22.59 
26.52 
24.27 
19.11 
20.64 
28.66 
25.73 
18.52 
25.16 
20.01 
27.33 
20.13 
8.00 
14.46 
14.77 
29.55 
27.13 
27.43 
24.51 
15.32 
26.13 
25.24 
17.76 
23.63 
23.08 
7.70 
10.37 
7.65 
22.90 
12.79 
24.48 
23.25 
18.19 
9.47 
15.26 
26.19 
25.46 
20.59 
9.95 
22.95 
25.19 
23.81 
22.26 
13.52 
20.66 
20.91 
26.70 
25.48 
16.82 
17.24 
14.60 
6.83 
16.72 
6.75 
8.31 
25.24 
24.51 
20.79 
8.75 
11.21 
11.31 
21.52 
6.38 
6.33 
6.29 
13.30 
6.20 
7.38 
6.11 
6.07 
23.17 
21.86 
20.10 
15.09 
6.73 
5.79 
19.37 
5.70 
17.12 
14.71 
5.56 
18.68 
5.47 
5.42 
18.20 
5.33 
16.16 
19.52 
17.88 
15.70 
5.10 
5.73 
5.00 
7.77 
4.91 
17.19 
18.12 
17.48 
17.88 
17.75 
10.55 
4.59 
7.47 
9.18 
13.12 
15.14 
15.89 
15.53 
13.95 
15.67 
9.52 
4.16 
4.72 
4.08 
8.16 
14.99 
15.00 
14.43 
13.64 
13.65 
3.81 
6.03 
13.02 
8.04 
12.62 
13.74 
13.32 
12.57 
6.34 
12.83 
12.54 
12.35 
11.53 
10.83 
9.72 
3.34 
3.31 
3.29 
3.26 
10.75 
3.22 
9.53 
3.17 
11.53 
11.48 
10.53 
11.08 
11.72 
11.38 
6.76 
10.81 
10.10 
3.01 
10.33 
8.86 
10.56 
10.64 
4.49 
7.73 
10.68 
10.76 
9.42 
9.79 
9.50 
11.11 
10.26 
10.07 
10.08 
10.18 
2.95 
5.72 
8.88 
10.72 
9.87 
10.47 
