20050101
10.54 
11.07 
10.70 
10.53 
3.53 
8.86 
9.82 
10.57 
11.54 
11.59 
10.08 
10.55 
11.75 
6.44 
11.34 
11.29 
10.60 
11.84 
10.40 
12.19 
3.55 
10.15 
10.21 
9.72 
12.68 
3.70 
10.14 
10.77 
12.33 
12.52 
13.64 
13.51 
13.02 
12.05 
4.00 
4.04 
4.08 
7.36 
4.15 
8.93 
7.90 
5.01 
4.31 
4.35 
4.39 
4.43 
5.24 
4.52 
10.73 
15.72 
17.39 
16.99 
13.55 
4.78 
4.82 
17.19 
15.96 
15.93 
14.68 
10.25 
15.57 
14.98 
18.84 
19.94 
19.08 
18.92 
16.90 
17.86 
5.46 
16.06 
20.66 
21.22 
11.95 
19.25 
5.73 
20.07 
21.67 
5.87 
17.98 
5.96 
8.89 
13.38 
22.97 
22.78 
21.96 
20.82 
19.21 
19.30 
23.78 
22.63 
6.44 
22.35 
22.45 
24.14 
21.83 
22.72 
9.91 
6.73 
9.69 
22.91 
12.72 
20.29 
25.61 
24.71 
19.52 
23.55 
23.29 
22.70 
20.44 
23.34 
26.75 
25.82 
21.86 
22.93 
25.51 
22.88 
26.31 
26.54 
11.53 
22.42 
24.17 
27.62 
23.42 
9.32 
8.84 
28.34 
22.58 
28.10 
27.46 
17.72 
24.45 
24.14 
18.16 
26.11 
12.37 
7.91 
7.93 
25.90 
22.99 
23.19 
25.98 
28.26 
28.80 
25.36 
25.39 
23.50 
19.02 
26.83 
18.01 
25.83 
10.59 
27.94 
29.00 
28.84 
27.29 
8.21 
20.54 
11.70 
22.13 
8.25 
18.50 
21.28 
26.67 
26.67 
25.81 
26.68 
20.26 
26.86 
22.87 
24.78 
24.95 
27.55 
29.11 
27.55 
24.07 
8.28 
8.28 
11.75 
8.28 
25.61 
10.35 
11.38 
8.25 
15.35 
13.44 
22.09 
21.55 
23.10 
8.20 
12.69 
8.18 
23.04 
9.20 
18.17 
25.75 
19.34 
16.39 
9.30 
8.08 
26.85 
22.52 
19.39 
15.93 
7.99 
7.97 
22.73 
18.92 
8.94 
23.83 
23.63 
11.27 
12.10 
7.80 
13.58 
11.68 
11.65 
13.66 
7.68 
16.99 
11.70 
13.36 
14.68 
21.40 
24.72 
24.33 
18.22 
17.00 
14.60 
7.36 
24.88 
20.98 
19.09 
14.71 
20.80 
7.16 
19.52 
23.42 
22.36 
21.30 
19.92 
6.95 
22.39 
23.13 
21.59 
12.78 
24.33 
20.39 
17.90 
22.14 
22.54 
22.45 
19.50 
20.84 
18.71 
13.76 
15.88 
12.38 
6.27 
7.00 
18.96 
12.73 
6.09 
6.05 
9.34 
21.05 
18.39 
17.25 
13.28 
5.78 
5.74 
5.70 
5.65 
5.61 
5.56 
10.27 
5.47 
16.28 
18.88 
5.33 
17.10 
17.97 
17.72 
17.61 
16.12 
5.06 
5.02 
9.04 
16.51 
16.27 
13.76 
4.80 
5.81 
4.71 
10.13 
16.00 
15.64 
14.00 
14.66 
15.06 
4.42 
15.10 
14.75 
14.77 
14.91 
12.01 
11.32 
14.12 
13.67 
4.06 
13.36 
13.15 
12.36 
13.78 
9.77 
10.50 
3.82 
3.79 
12.55 
13.14 
6.48 
6.32 
11.68 
3.60 
3.58 
8.11 
4.93 
10.38 
12.35 
12.39 
11.91 
6.67 
12.10 
12.26 
11.16 
11.21 
10.44 
10.50 
11.79 
11.96 
10.69 
11.16 
9.81 
10.59 
3.19 
8.12 
10.61 
9.18 
8.77 
11.15 
10.34 
10.73 
9.72 
10.41 
3.13 
10.50 
10.60 
10.90 
10.71 
8.82 
3.14 
3.14 
3.15 
3.15 
3.16 
3.17 
3.18 
3.19 
3.20 
3.21 
3.23 
11.62 
11.46 
10.68 
10.92 
8.28 
5.20 
3.34 
3.36 
9.70 
8.06 
3.43 
3.45 
3.48 
3.50 
8.94 
10.09 
5.44 
8.45 
11.05 
7.01 
7.17 
8.00 
3.76 
3.79 
3.83 
3.86 
3.90 
6.73 
3.97 
12.02 
4.04 
5.39 
14.44 
13.82 
13.92 
14.02 
13.38 
4.31 
4.35 
9.91 
12.76 
15.39 
15.75 
14.07 
15.72 
16.48 
4.69 
14.74 
4.78 
17.07 
4.87 
13.00 
4.96 
9.63 
17.25 
18.60 
17.61 
18.01 
14.06 
17.25 
16.23 
5.37 
14.72 
5.46 
5.50 
18.77 
20.20 
17.38 
11.44 
20.55 
16.64 
18.98 
19.24 
12.40 
5.96 
14.68 
20.57 
19.29 
21.24 
16.39 
17.72 
21.86 
21.80 
21.74 
17.43 
13.87 
22.35 
6.52 
6.56 
19.27 
19.67 
21.68 
16.59 
17.31 
22.10 
19.24 
6.88 
21.68 
21.42 
20.34 
19.26 
20.31 
15.40 
25.76 
25.34 
7.21 
20.96 
26.05 
26.12 
7.34 
20.35 
17.37 
20.29 
25.08 
25.81 
7.53 
19.63 
19.85 
17.84 
7.64 
25.95 
23.77 
23.30 
9.12 
20.64 
7.80 
11.08 
27.62 
27.14 
28.21 
27.21 
25.52 
24.52 
23.85 
11.44 
8.01 
22.20 
27.94 
17.92 
15.52 
8.09 
8.80 
29.09 
28.24 
26.52 
26.02 
23.09 
26.57 
18.60 
10.46 
17.06 
22.11 
17.26 
28.03 
23.70 
30.82 
27.35 
24.93 
8.27 
26.50 
27.37 
28.59 
27.03 
27.38 
26.34 
14.54 
8.29 
8.29 
18.87 
26.68 
26.32 
27.19 
25.62 
13.65 
22.49 
13.64 
8.26 
8.25 
8.25 
13.44 
8.23 
14.63 
22.06 
23.78 
8.19 
13.89 
8.17 
16.63 
21.97 
22.30 
12.78 
9.14 
8.09 
8.08 
14.61 
8.04 
14.57 
8.01 
9.02 
21.72 
11.56 
7.93 
10.66 
14.75 
12.67 
24.96 
7.82 
17.54 
16.66 
7.75 
7.73 
9.41 
12.44 
14.78 
17.12 
20.30 
15.69 
12.61 
24.05 
22.48 
7.45 
8.43 
24.67 
24.44 
23.04 
23.98 
22.59 
7.23 
12.17 
11.80 
7.13 
10.39 
7.06 
12.60 
7.80 
6.95 
6.91 
6.87 
10.08 
13.75 
14.98 
6.72 
20.31 
21.19 
6.60 
14.98 
23.46 
23.68 
22.32 
19.88 
16.35 
6.31 
6.27 
10.86 
18.04 
17.95 
12.21 
9.25 
6.01 
14.56 
19.44 
19.19 
5.83 
5.78 
5.74 
13.78 
9.60 
5.61 
10.34 
17.05 
11.21 
16.56 
16.74 
16.22 
15.98 
8.04 
15.36 
17.33 
12.82 
5.06 
10.33 
11.88 
10.45 
10.91 
4.84 
4.80 
14.36 
4.71 
4.67 
16.52 
15.12 
4.54 
10.09 
15.31 
14.45 
11.24 
12.02 
13.41 
13.69 
13.96 
13.37 
14.12 
14.62 
14.17 
13.36 
13.39 
12.59 
11.46 
5.85 
10.96 
12.71 
11.72 
12.89 
10.45 
7.93 
6.43 
3.63 
5.80 
5.21 
3.55 
3.52 
3.50 
3.47 
3.45 
3.43 
5.20 
10.74 
8.38 
5.43 
6.75 
11.58 
11.53 
6.97 
3.97 
3.24 
3.23 
3.21 
9.37 
8.04 
9.43 
7.90 
5.17 
6.96 
10.65 
10.44 
11.13 
9.92 
9.91 
9.31 
8.71 
9.51 
3.13 
3.13 
5.03 
3.14 
4.14 
10.56 
8.57 
3.16 
3.17 
3.18 
3.19 
3.20 
3.21 
4.04 
11.82 
11.76 
10.98 
10.62 
8.48 
6.65 
10.96 
11.23 
9.91 
3.41 
3.43 
10.07 
10.34 
3.50 
10.78 
4.21 
11.68 
7.57 
7.51 
3.67 
12.42 
12.16 
12.81 
13.24 
13.55 
12.26 
14.20 
13.95 
13.34 
13.08 
13.05 
11.48 
4.11 
7.05 
9.78 
15.61 
14.49 
12.73 
11.08 
16.68 
6.83 
4.47 
4.52 
10.73 
13.26 
13.75 
15.16 
16.32 
11.66 
6.42 
12.10 
15.96 
16.61 
5.00 
5.05 
5.09 
5.14 
5.88 
19.52 
19.79 
18.49 
17.18 
13.71 
20.56 
20.11 
10.20 
8.95 
5.64 
5.69 
5.73 
5.78 
5.82 
8.57 
15.72 
19.75 
19.39 
6.05 
17.14 
21.39 
16.85 
20.51 
20.76 
20.39 
6.35 
16.96 
13.24 
23.62 
24.67 
22.54 
14.30 
21.60 
23.62 
24.03 
24.28 
16.73 
20.55 
14.24 
20.53 
22.41 
7.00 
24.38 
22.47 
25.36 
23.60 
18.17 
12.39 
19.29 
17.67 
23.60 
26.69 
17.66 
25.30 
25.02 
22.54 
24.80 
23.15 
27.45 
15.42 
27.90 
26.42 
28.17 
26.51 
24.33 
27.11 
26.64 
7.80 
28.44 
28.65 
27.31 
18.05 
28.07 
28.45 
29.69 
29.38 
18.87 
12.33 
8.02 
10.46 
23.98 
26.43 
27.14 
27.51 
27.18 
26.85 
8.15 
8.16 
8.17 
14.43 
26.06 
20.52 
26.61 
21.59 
26.63 
23.69 
26.82 
23.18 
10.00 
20.42 
8.27 
24.42 
27.55 
25.47 
26.16 
8.29 
8.29 
8.29 
8.29 
9.33 
11.24 
23.55 
27.02 
25.63 
16.43 
26.65 
21.10 
13.47 
15.89 
28.18 
11.19 
20.36 
15.50 
19.30 
23.79 
8.20 
21.34 
27.21 
9.55 
20.26 
8.15 
12.97 
8.12 
27.09 
23.62 
17.56 
8.92 
8.04 
25.59 
8.01 
14.18 
7.97 
7.95 
7.93 
16.83 
24.01 
14.89 
14.35 
22.36 
22.67 
7.78 
26.34 
23.75 
12.13 
7.68 
13.93 
8.30 
7.60 
8.92 
25.28 
19.16 
26.02 
21.42 
20.53 
7.39 
13.89 
23.21 
10.80 
18.92 
19.53 
22.13 
26.04 
14.73 
7.09 
10.84 
7.02 
20.90 
6.95 
6.91 
6.87 
22.72 
18.92 
6.76 
23.92 
21.27 
23.58 
22.22 
19.59 
23.30 
21.79 
20.59 
8.12 
6.35 
16.58 
17.90 
21.06 
12.34 
19.79 
21.68 
21.27 
21.77 
21.51 
15.24 
16.05 
15.22 
5.78 
5.74 
5.70 
5.65 
5.61 
5.56 
18.64 
5.47 
5.42 
5.38 
5.33 
6.84 
8.74 
5.20 
5.15 
5.11 
5.06 
8.29 
17.30 
17.45 
15.33 
15.89 
10.36 
16.20 
17.01 
14.55 
14.71 
8.05 
4.54 
9.96 
12.03 
5.29 
13.73 
15.37 
14.89 
8.18 
15.29 
15.55 
14.72 
13.67 
13.81 
13.12 
12.45 
6.06 
7.29 
10.00 
13.03 
3.82 
6.05 
3.75 
3.72 
10.83 
11.87 
12.79 
12.27 
12.42 
12.13 
11.19 
6.29 
3.47 
3.45 
11.91 
12.48 
11.58 
10.89 
4.70 
4.26 
5.89 
11.22 
11.49 
11.44 
6.91 
9.64 
4.84 
7.35 
3.19 
3.18 
8.50 
11.39 
11.17 
11.35 
8.74 
5.53 
3.13 
3.13 
3.13 
3.13 
3.13 
7.91 
3.13 
11.12 
3.14 
3.14 
6.15 
10.57 
11.20 
11.62 
11.35 
11.07 
10.80 
10.83 
10.36 
7.84 
4.59 
3.99 
3.29 
3.31 
3.32 
3.34 
3.36 
11.81 
3.41 
9.06 
3.45 
3.48 
3.50 
3.53 
10.30 
3.58 
5.37 
8.95 
8.45 
11.30 
11.15 
3.76 
7.66 
14.24 
13.53 
7.95 
6.61 
13.34 
12.73 
11.27 
13.15 
13.72 
14.06 
14.77 
14.02 
13.87 
15.21 
14.44 
16.43 
14.53 
14.76 
14.48 
6.23 
13.00 
15.05 
16.07 
12.50 
12.72 
4.82 
4.87 
17.44 
18.24 
17.81 
18.75 
10.88 
15.67 
19.26 
19.24 
17.25 
14.53 
18.89 
17.86 
15.38 
18.23 
18.48 
5.59 
19.44 
17.93 
13.58 
19.03 
19.28 
13.38 
19.64 
7.17 
14.98 
18.27 
21.90 
22.16 
22.58 
20.98 
21.86 
6.31 
6.35 
11.60 
16.09 
6.48 
23.40 
21.90 
17.50 
12.59 
19.43 
19.18 
6.77 
12.66 
19.08 
6.88 
12.33 
18.96 
20.67 
18.60 
22.63 
23.37 
14.62 
7.18 
7.21 
7.25 
12.64 
26.46 
25.85 
25.91 
24.29 
25.53 
25.42 
24.80 
25.19 
24.56 
24.27 
13.75 
27.61 
26.29 
27.37 
13.20 
7.75 
22.01 
26.00 
16.07 
21.60 
28.52 
26.14 
25.49 
7.93 
11.40 
22.82 
25.61 
26.33 
24.11 
23.26 
24.67 
25.91 
26.97 
10.88 
12.63 
27.72 
13.35 
29.49 
28.98 
23.62 
28.14 
12.37 
25.57 
28.01 
8.23 
27.68 
24.39 
27.70 
8.26 
28.40 
12.09 
8.28 
8.28 
24.25 
8.29 
11.76 
24.25 
15.06 
13.84 
15.75 
24.42 
20.43 
19.39 
23.02 
25.10 
25.27 
26.82 
14.68 
8.26 
11.37 
26.44 
26.95 
17.06 
11.17 
22.06 
17.55 
8.19 
12.33 
18.55 
21.64 
14.37 
19.71 
8.12 
8.11 
23.96 
11.52 
8.06 
8.04 
10.61 
21.43 
7.99 
10.21 
27.02 
24.93 
21.98 
21.61 
15.92 
23.94 
14.15 
7.80 
20.07 
28.22 
22.55 
20.30 
12.61 
7.65 
23.91 
25.05 
24.49 
21.90 
10.89 
20.12 
7.45 
7.42 
20.47 
18.75 
9.00 
24.32 
11.59 
7.23 
7.20 
23.39 
26.13 
12.53 
18.24 
18.18 
19.76 
19.04 
21.58 
6.87 
18.67 
24.74 
22.56 
20.39 
21.59 
23.10 
20.30 
9.89 
16.02 
11.84 
6.44 
20.19 
23.54 
22.03 
19.45 
21.68 
20.81 
22.24 
9.15 
6.05 
19.65 
11.24 
5.92 
6.32 
5.83 
5.78 
9.43 
5.70 
7.11 
12.59 
16.14 
20.37 
18.10 
16.99 
5.38 
5.33 
18.37 
14.62 
15.08 
8.89 
16.67 
13.69 
18.50 
16.08 
17.45 
13.72 
14.83 
17.11 
11.07 
14.92 
4.67 
4.63 
4.58 
16.68 
16.69 
16.70 
16.46 
13.48 
4.34 
4.30 
9.89 
13.23 
13.86 
14.72 
15.10 
13.93 
8.04 
11.86 
8.74 
13.55 
14.04 
13.72 
12.14 
11.95 
3.75 
3.72 
10.05 
11.54 
12.46 
12.93 
12.85 
13.00 
12.49 
10.59 
3.47 
8.35 
12.54 
6.04 
12.42 
12.05 
12.51 
12.25 
11.47 
11.63 
3.27 
11.44 
11.91 
12.08 
11.23 
7.86 
10.66 
3.18 
9.71 
3.16 
9.07 
10.65 
10.54 
11.03 
11.42 
11.51 
11.10 
3.13 
10.90 
10.81 
10.81 
11.12 
10.63 
5.34 
9.76 
3.15 
10.19 
11.42 
11.75 
11.35 
10.87 
4.62 
3.21 
3.23 
3.24 
10.64 
3.27 
11.34 
11.28 
11.95 
12.22 
11.96 
12.12 
11.13 
11.50 
11.88 
11.63 
5.12 
3.53 
12.81 
10.48 
13.29 
14.15 
13.34 
13.65 
13.18 
11.23 
12.33 
3.83 
3.86 
3.90 
3.93 
13.69 
10.84 
4.04 
4.08 
4.11 
4.15 
10.39 
15.24 
13.13 
4.31 
13.45 
12.29 
13.26 
4.47 
4.52 
4.56 
4.60 
16.74 
16.33 
15.13 
9.15 
4.82 
13.71 
4.91 
8.21 
5.00 
5.05 
5.09 
14.84 
6.72 
14.34 
19.65 
18.07 
17.47 
8.27 
5.46 
14.61 
5.55 
19.03 
21.05 
21.76 
16.40 
20.66 
21.37 
18.03 
19.49 
5.96 
22.59 
20.72 
10.54 
22.93 
20.88 
14.76 
22.17 
17.58 
13.11 
19.00 
21.94 
14.42 
17.03 
19.66 
19.11 
23.53 
22.81 
23.38 
24.28 
19.66 
17.28 
20.95 
21.35 
6.96 
12.93 
24.87 
24.62 
18.39 
7.14 
23.51 
25.91 
18.29 
15.83 
7.31 
25.85 
26.42 
26.65 
24.51 
24.74 
24.80 
7.53 
24.39 
26.49 
26.71 
26.07 
26.81 
28.05 
26.73 
7.75 
7.77 
9.86 
27.58 
14.89 
7.87 
7.89 
14.80 
27.42 
26.59 
26.79 
24.57 
18.55 
17.71 
31.22 
25.36 
27.12 
27.66 
14.00 
8.12 
22.35 
28.78 
29.49 
28.98 
29.87 
25.02 
28.16 
24.87 
9.09 
23.85 
13.27 
21.79 
30.47 
27.01 
24.24 
27.19 
16.95 
24.77 
24.60 
16.27 
13.84 
10.02 
27.38 
28.94 
30.50 
29.80 
31.01 
30.49 
26.67 
21.46 
17.81 
27.86 
28.55 
28.36 
29.22 
29.73 
26.95 
24.68 
21.90 
19.81 
8.20 
26.88 
12.33 
13.01 
26.83 
8.15 
28.17 
23.31 
11.56 
8.09 
11.87 
24.61 
8.04 
8.03 
24.19 
16.07 
10.55 
23.59 
17.03 
7.91 
19.89 
15.75 
25.31 
23.90 
24.72 
12.39 
12.02 
8.24 
7.70 
12.61 
18.35 
23.91 
22.51 
10.28 
24.44 
25.23 
27.03 
25.29 
21.20 
10.24 
7.36 
14.68 
8.63 
16.92 
8.89 
7.20 
12.13 
7.13 
10.72 
9.36 
25.57 
21.56 
6.95 
24.84 
24.43 
24.02 
14.72 
6.76 
6.72 
6.68 
9.84 
6.60 
6.56 
24.10 
6.48 
11.47 
18.00 
14.16 
10.20 
11.23 
17.66 
14.19 
17.49 
7.01 
6.05 
20.86 
21.20 
20.80 
8.27 
20.13 
17.95 
15.34 
12.46 
13.40 
18.42 
15.99 
20.37 
17.81 
19.56 
19.59 
16.64 
5.29 
8.32 
10.63 
10.97 
5.11 
11.91 
16.32 
17.84 
17.05 
15.33 
17.89 
10.62 
17.91 
16.62 
16.37 
16.65 
16.41 
14.76 
16.31 
14.81 
13.20 
15.35 
14.38 
4.30 
4.26 
12.37 
15.55 
14.72 
14.38 
13.81 
14.30 
12.21 
3.96 
3.92 
3.89 
3.85 
3.82 
3.79 
6.24 
10.45 
5.03 
12.53 
10.69 
11.94 
12.42 
12.67 
11.95 
11.88 
3.47 
5.15 
3.43 
6.57 
3.38 
11.10 
3.34 
3.32 
7.23 
11.53 
5.53 
12.06 
11.10 
7.09 
3.21 
4.82 
3.19 
3.18 
4.17 
9.99 
3.15 
4.55 
3.14 
8.73 
10.92 
10.11 
11.20 
11.50 
10.40 
8.51 
4.43 
11.12 
9.03 
11.14 
10.66 
9.97 
11.60 
10.82 
10.64 
3.19 
3.20 
11.24 
11.58 
9.06 
9.51 
5.84 
5.15 
7.55 
11.02 
11.49 
12.38 
11.81 
11.44 
11.50 
9.96 
9.05 
3.50 
3.53 
12.59 
12.44 
12.96 
9.83 
13.57 
12.87 
11.27 
10.89 
13.12 
7.37 
11.00 
13.16 
6.03 
3.97 
4.00 
4.04 
4.08 
4.11 
4.15 
4.19 
4.23 
10.55 
11.99 
13.45 
10.41 
10.99 
5.36 
16.39 
16.77 
17.53 
16.22 
12.02 
13.68 
15.10 
4.82 
13.98 
14.34 
10.38 
5.00 
11.21 
13.36 
5.14 
12.15 
5.23 
14.57 
14.95 
5.37 
20.30 
20.42 
16.78 
12.96 
9.39 
5.64 
13.65 
18.33 
15.90 
5.82 
9.02 
16.63 
16.57 
6.00 
20.72 
11.00 
17.69 
21.03 
17.40 
21.39 
13.04 
17.19 
8.76 
21.15 
23.62 
22.92 
21.90 
12.21 
20.95 
22.97 
24.52 
16.34 
15.26 
6.85 
6.88 
24.30 
6.96 
21.83 
18.93 
16.01 
21.71 
9.64 
7.18 
7.21 
22.13 
26.89 
25.62 
9.53 
21.36 
23.61 
26.54 
26.77 
25.30 
26.55 
26.94 
23.76 
13.75 
9.86 
28.17 
27.37 
17.14 
23.51 
28.36 
27.88 
23.11 
26.07 
24.56 
28.73 
7.91 
7.93 
22.79 
28.17 
28.03 
10.77 
14.42 
28.28 
29.00 
28.16 
18.31 
8.11 
25.10 
23.04 
27.04 
26.54 
27.25 
27.26 
14.27 
15.49 
26.26 
27.83 
24.72 
12.06 
8.25 
14.16 
24.92 
26.49 
27.37 
25.29 
28.76 
22.17 
21.30 
13.67 
27.21 
29.11 
25.64 
18.53 
15.40 
23.73 
20.43 
23.89 
25.10 
27.35 
26.30 
24.73 
8.26 
11.03 
26.09 
27.12 
24.68 
27.96 
11.16 
21.53 
21.34 
11.12 
27.36 
19.22 
25.08 
15.04 
8.12 
15.53 
8.09 
20.66 
8.06 
28.20 
27.31 
22.81 
21.41 
18.97 
7.95 
26.47 
19.41 
25.03 
26.20 
23.25 
26.64 
7.80 
15.63 
13.89 
16.59 
16.89 
27.74 
11.05 
19.50 
8.61 
7.57 
7.54 
8.86 
7.48 
7.45 
25.40 
25.00 
24.44 
18.19 
7.30 
7.26 
18.87 
7.20 
11.47 
7.13 
7.09 
7.06 
12.27 
22.87 
23.61 
14.08 
6.87 
6.83 
10.35 
8.85 
16.37 
6.68 
6.64 
6.60 
6.56 
9.84 
22.42 
18.71 
20.82 
18.38 
20.32 
18.68 
15.03 
15.88 
6.14 
6.09 
6.66 
6.01 
15.77 
21.10 
8.42 
5.83 
12.76 
19.77 
15.98 
15.74 
7.50 
15.70 
13.45 
19.53 
19.27 
19.73 
18.76 
12.46 
17.41 
16.19 
12.49 
14.74 
6.98 
16.59 
18.24 
17.32 
17.47 
4.84 
4.80 
4.76 
4.71 
4.67 
13.68 
10.75 
4.54 
11.74 
9.25 
14.96 
14.73 
16.73 
13.54 
14.30 
4.22 
13.50 
13.04 
13.55 
14.17 
15.84 
13.97 
14.46 
11.58 
12.65 
10.62 
13.97 
13.20 
4.88 
13.70 
12.50 
12.31 
11.35 
13.26 
14.05 
8.76 
13.03 
11.99 
11.39 
12.50 
10.74 
12.06 
10.95 
11.10 
12.10 
11.63 
9.72 
11.43 
10.77 
10.73 
10.08 
11.57 
10.82 
10.08 
10.46 
10.74 
6.49 
3.16 
10.37 
10.45 
10.64 
10.93 
9.02 
9.61 
10.31 
9.51 
10.50 
6.62 
9.71 
3.13 
11.03 
9.94 
10.96 
7.97 
11.50 
11.72 
11.65 
8.45 
7.46 
9.21 
3.94 
10.90 
10.64 
3.27 
11.65 
9.62 
10.91 
11.07 
12.59 
10.65 
12.08 
11.61 
10.07 
11.52 
11.91 
3.53 
3.55 
3.58 
12.96 
12.82 
8.23 
11.53 
3.73 
3.76 
13.58 
12.87 
12.95 
13.27 
14.76 
8.42 
11.90 
7.36 
14.70 
4.11 
14.30 
4.19 
4.23 
9.32 
15.46 
4.35 
9.78 
14.15 
4.47 
11.92 
11.50 
7.45 
16.09 
16.07 
4.73 
14.44 
4.82 
4.87 
4.91 
4.96 
5.00 
13.13 
10.74 
19.00 
18.01 
7.33 
5.27 
17.78 
16.47 
19.87 
19.99 
14.32 
19.79 
15.38 
8.14 
19.84 
20.99 
20.51 
12.85 
9.92 
5.91 
11.56 
19.24 
20.57 
21.74 
23.08 
20.88 
22.84 
22.32 
22.58 
21.27 
22.31 
8.97 
6.48 
22.60 
22.38 
18.79 
6.65 
13.30 
21.28 
22.99 
14.78 
25.44 
23.73 
23.32 
18.63 
23.64 
24.54 
25.28 
26.19 
24.43 
24.01 
7.21 
20.80 
20.35 
27.29 
12.56 
22.37 
27.33 
27.73 
22.71 
19.71 
19.25 
7.56 
27.51 
26.54 
22.83 
19.97 
17.96 
7.72 
7.75 
7.77 
27.37 
27.58 
27.28 
27.83 
28.56 
28.07 
15.69 
24.00 
21.44 
7.99 
16.13 
8.02 
27.59 
20.17 
22.79 
28.52 
23.18 
27.01 
18.71 
13.52 
23.07 
27.25 
26.92 
29.19 
27.29 
8.21 
8.22 
29.41 
27.85 
13.11 
20.40 
24.06 
26.32 
28.75 
22.51 
23.55 
19.56 
8.29 
23.91 
24.60 
15.93 
25.29 
9.68 
8.29 
12.97 
16.44 
23.37 
10.53 
22.67 
24.57 
25.25 
23.86 
8.25 
9.63 
19.15 
11.52 
8.22 
26.22 
29.83 
22.90 
18.56 
25.29 
15.76 
12.99 
22.82 
24.01 
28.30 
17.06 
14.63 
15.82 
21.14 
14.74 
8.01 
22.09 
23.61 
17.74 
26.47 
20.09 
26.41 
7.87 
20.51 
10.05 
7.80 
7.78 
17.13 
22.38 
7.70 
7.68 
7.65 
17.97 
17.76 
11.97 
20.21 
23.04 
23.15 
21.75 
14.31 
7.39 
10.54 
7.33 
7.30 
16.26 
10.89 
15.33 
19.25 
24.48 
19.95 
16.76 
7.02 
13.37 
12.50 
19.30 
22.97 
17.37 
14.88 
6.76 
8.49 
6.68 
6.64 
6.60 
6.56 
13.01 
6.48 
6.44 
6.39 
6.35 
6.31 
6.27 
16.73 
6.18 
6.14 
22.29 
22.79 
21.16 
21.66 
22.00 
21.88 
20.58 
20.32 
11.06 
5.70 
5.65 
19.15 
6.28 
13.59 
20.54 
7.28 
17.17 
14.80 
16.68 
16.15 
5.20 
5.15 
6.35 
5.06 
11.96 
17.97 
18.12 
18.01 
17.75 
17.50 
15.41 
14.39 
12.86 
11.74 
4.58 
15.02 
16.18 
4.46 
15.83 
11.36 
13.26 
4.30 
7.07 
12.98 
14.22 
4.14 
6.61 
4.06 
10.41 
3.99 
3.96 
10.65 
12.42 
13.26 
3.82 
13.54 
12.66 
8.77 
3.69 
3.66 
3.63 
13.48 
12.85 
4.53 
9.47 
12.74 
12.57 
3.45 
3.43 
8.36 
3.38 
3.36 
10.95 
10.59 
8.99 
3.29 
3.27 
3.25 
3.24 
3.23 
10.82 
11.60 
11.57 
11.64 
11.42 
11.09 
10.47 
11.15 
11.04 
9.43 
10.82 
11.31 
3.13 
10.20 
10.60 
9.71 
11.01 
11.62 
10.93 
7.84 
10.36 
3.15 
3.16 
3.17 
6.71 
3.19 
10.90 
11.04 
10.87 
11.82 
8.69 
3.89 
3.91 
3.31 
11.75 
10.55 
10.49 
4.02 
4.78 
3.43 
3.45 
3.48 
3.50 
3.53 
4.10 
10.69 
3.61 
12.82 
13.79 
12.87 
7.10 
4.44 
3.79 
3.83 
5.93 
11.88 
12.67 
13.22 
8.36 
12.22 
4.08 
15.16 
8.74 
4.19 
13.40 
14.12 
4.31 
4.35 
4.39 
4.43 
14.50 
15.12 
17.02 
16.11 
12.71 
15.16 
10.52 
10.60 
4.82 
8.88 
14.48 
16.34 
16.59 
10.80 
5.09 
5.14 
6.16 
13.64 
5.27 
13.96 
18.89 
5.41 
5.46 
18.23 
20.23 
8.22 
19.29 
5.69 
5.73 
10.69 
15.54 
11.13 
5.91 
11.11 
6.00 
6.05 
19.44 
22.47 
21.65 
21.29 
22.17 
19.30 
14.21 
18.53 
22.89 
22.35 
6.52 
23.82 
23.43 
23.53 
24.91 
24.19 
24.12 
18.68 
6.85 
15.06 
8.07 
23.56 
20.34 
23.72 
23.13 
20.38 
7.14 
23.01 
7.21 
9.59 
22.70 
25.45 
7.34 
26.59 
25.81 
24.35 
7.47 
25.98 
9.23 
21.50 
25.63 
27.73 
27.95 
27.49 
26.00 
10.12 
25.40 
24.41 
15.69 
19.16 
7.84 
20.43 
27.35 
28.07 
27.76 
28.83 
25.23 
28.55 
23.91 
16.15 
8.04 
23.81 
12.92 
26.10 
27.85 
29.95 
26.51 
8.15 
27.23 
26.56 
12.35 
25.54 
24.17 
25.91 
28.87 
8.23 
22.47 
13.28 
12.77 
12.08 
30.66 
29.27 
14.52 
25.12 
30.15 
30.68 
24.08 
27.73 
27.90 
29.46 
29.63 
27.89 
21.99 
23.03 
14.70 
10.71 
19.20 
8.79 
8.27 
19.35 
29.39 
9.81 
29.37 
9.96 
13.76 
27.77 
8.20 
8.19 
8.18 
17.85 
19.39 
28.71 
24.37 
20.03 
29.16 
26.90 
10.66 
23.40 
15.45 
14.91 
12.31 
7.99 
28.43 
24.62 
16.69 
26.10 
21.43 
24.31 
25.14 
14.49 
7.80 
7.78 
7.75 
7.73 
7.70 
7.68 
7.65 
22.38 
20.64 
10.45 
10.92 
15.95 
7.48 
7.45 
7.42 
24.67 
25.44 
10.50 
7.30 
16.92 
7.23 
7.20 
26.20 
24.64 
24.90 
22.85 
10.47 
6.98 
15.12 
21.41 
16.63 
9.27 
6.80 
6.76 
25.05 
25.60 
6.64 
13.77 
6.56 
16.65 
16.89 
13.04 
6.39 
6.35 
23.28 
23.49 
23.22 
19.88 
22.09 
20.61 
16.55 
19.95 
6.26 
13.13 
12.61 
18.64 
13.65 
5.74 
14.51 
22.04 
20.17 
20.49 
19.79 
18.67 
20.42 
19.02 
11.84 
17.94 
8.88 
16.61 
10.97 
19.01 
18.21 
14.82 
15.26 
13.14 
4.89 
7.50 
17.50 
16.99 
7.33 
16.50 
4.63 
15.64 
12.59 
16.18 
15.57 
4.42 
12.11 
11.90 
4.30 
15.40 
15.42 
14.95 
14.36 
4.10 
5.85 
14.42 
14.79 
8.51 
12.16 
3.89 
3.85 
14.20 
11.95 
13.45 
13.81 
13.28 
12.09 
12.79 
11.50 
13.18 
7.02 
5.68 
3.50 
7.65 
11.97 
3.43 
11.95 
12.10 
10.37 
10.01 
3.32 
3.30 
3.29 
11.38 
5.51 
11.61 
9.74 
11.23 
11.30 
11.67 
10.43 
10.61 
8.68 
3.15 
3.15 
3.14 
3.14 
5.43 
11.01 
3.13 
3.13 
3.13 
9.61 
11.41 
11.42 
11.13 
8.34 
3.15 
3.15 
6.48 
11.72 
11.75 
11.05 
11.38 
10.29 
11.34 
11.07 
12.13 
3.26 
3.27 
3.29 
3.31 
3.32 
5.43 
3.36 
3.38 
3.41 
3.43 
11.14 
11.63 
4.15 
3.53 
3.55 
4.79 
3.61 
9.83 
11.79 
3.70 
4.85 
3.76 
3.79 
3.83 
3.86 
10.50 
12.43 
3.97 
12.02 
4.04 
4.08 
5.91 
9.83 
13.92 
4.23 
4.27 
11.99 
13.57 
11.91 
10.24 
4.47 
4.52 
4.56 
4.60 
14.53 
7.83 
12.24 
11.66 
12.15 
4.87 
4.91 
4.96 
5.00 
14.23 
17.50 
17.89 
18.42 
17.70 
11.33 
18.49 
17.75 
18.87 
17.83 
14.18 
5.55 
18.89 
18.85 
18.96 
17.29 
8.90 
16.44 
5.87 
14.21 
19.60 
16.66 
19.80 
16.22 
9.99 
16.54 
20.98 
6.27 
6.31 
6.35 
18.53 
17.98 
23.46 
6.52 
15.67 
6.61 
24.49 
22.81 
13.68 
24.61 
24.70 
23.81 
24.87 
25.78 
25.53 
22.16 
18.76 
17.33 
16.56 
7.14 
13.18 
25.08 
11.60 
14.32 
22.09 
26.02 
26.59 
25.13 
18.77 
19.83 
26.83 
26.89 
24.56 
24.10 
24.15 
26.07 
16.38 
18.47 
7.72 
9.98 
23.21 
28.57 
28.78 
26.24 
16.82 
26.32 
22.04 
9.83 
16.75 
26.44 
29.58 
27.54 
22.89 
25.51 
16.19 
13.27 
8.09 
9.84 
14.36 
22.17 
26.35 
18.56 
24.13 
18.76 
22.25 
26.42 
25.74 
24.54 
8.23 
22.30 
19.88 
8.25 
26.49 
30.83 
30.14 
26.68 
25.81 
14.01 
8.29 
8.29 
15.75 
17.31 
8.29 
8.29 
17.83 
8.29 
27.02 
26.15 
27.35 
29.25 
28.55 
16.93 
8.26 
22.46 
22.63 
8.24 
27.28 
27.27 
25.35 
25.34 
8.19 
8.18 
8.17 
9.20 
8.15 
8.13 
8.12 
27.61 
26.21 
8.08 
8.06 
12.87 
21.97 
13.17 
12.81 
21.21 
7.95 
11.54 
19.92 
21.61 
7.87 
28.22 
24.07 
14.47 
14.09 
17.99 
25.79 
16.55 
24.34 
23.11 
22.89 
26.06 
24.66 
27.48 
15.78 
23.32 
26.63 
24.22 
25.84 
20.25 
25.88 
26.32 
27.75 
26.51 
25.12 
23.72 
19.35 
8.58 
24.33 
10.30 
12.39 
25.57 
17.99 
25.57 
23.21 
24.10 
22.88 
14.76 
9.24 
22.14 
19.83 
6.56 
8.10 
15.79 
20.28 
6.39 
19.01 
16.12 
6.27 
13.95 
21.42 
22.55 
15.26 
11.07 
6.01 
12.15 
5.92 
10.96 
18.19 
18.39 
5.74 
19.07 
18.09 
16.38 
11.94 
17.63 
8.63 
18.85 
18.88 
18.48 
15.84 
12.10 
13.55 
14.56 
18.32 
16.70 
16.59 
4.98 
18.26 
12.92 
17.09 
10.36 
15.81 
16.09 
15.20 
12.77 
15.89 
15.66 
15.29 
16.83 
13.45 
8.99 
4.34 
7.38 
4.26 
4.22 
4.18 
13.04 
14.26 
9.65 
12.53 
13.39 
3.96 
3.92 
12.31 
13.83 
13.51 
8.66 
13.34 
13.14 
12.95 
13.09 
12.90 
13.26 
12.09 
6.05 
11.30 
3.50 
3.47 
11.65 
11.91 
12.16 
11.79 
12.05 
11.68 
12.35 
11.06 
6.58 
10.87 
4.38 
11.20 
3.23 
3.21 
11.91 
8.44 
10.94 
11.32 
11.39 
10.97 
6.55 
3.14 
3.14 
3.13 
3.13 
8.01 
10.60 
9.21 
3.13 
3.13 
3.13 
10.33 
11.14 
10.66 
10.98 
11.30 
11.02 
10.94 
7.43 
9.18 
11.14 
7.61 
3.24 
3.26 
3.27 
10.41 
3.31 
11.02 
11.28 
10.70 
5.38 
6.16 
5.55 
3.45 
10.55 
6.52 
12.95 
12.15 
11.46 
11.20 
3.64 
12.57 
12.53 
11.94 
12.47 
3.79 
3.83 
3.86 
3.90 
3.93 
12.40 
12.02 
4.04 
4.08 
4.11 
4.15 
6.50 
15.24 
13.38 
4.31 
8.96 
11.41 
10.24 
4.47 
4.52 
12.40 
7.70 
8.03 
14.89 
11.97 
13.52 
4.82 
13.84 
4.91 
13.22 
5.00 
12.17 
12.81 
14.15 
5.18 
15.32 
5.27 
5.32 
5.37 
9.85 
10.49 
13.31 
5.55 
18.89 
19.88 
19.55 
19.21 
19.03 
5.82 
5.87 
21.00 
21.11 
20.76 
21.48 
19.60 
10.14 
11.59 
18.49 
8.45 
16.95 
16.09 
10.49 
21.62 
22.03 
19.90 
23.18 
23.75 
23.53 
23.62 
23.38 
23.64 
6.81 
6.85 
6.88 
20.69 
24.71 
7.00 
23.55 
7.07 
7.11 
7.14 
9.34 
7.21 
26.15 
17.67 
25.78 
7.34 
7.38 
21.08 
26.71 
26.60 
23.61 
21.96 
26.77 
22.06 
27.73 
27.27 
26.29 
25.48 
19.71 
23.69 
10.69 
20.50 
28.61 
15.93 
17.33 
26.49 
13.60 
25.52 
26.24 
15.91 
27.16 
26.85 
27.74 
24.99 
8.06 
18.29 
27.66 
27.51 
27.35 
28.76 
24.44 
10.93 
8.17 
8.18 
26.58 
25.90 
19.67 
13.95 
27.15 
27.33 
26.47 
15.02 
17.29 
29.27 
21.98 
8.28 
8.28 
8.28 
15.92 
8.29 
8.29 
8.29 
13.15 
13.32 
26.68 
14.36 
8.28 
28.23 
13.13 
26.13 
8.27 
19.71 
8.26 
20.38 
11.71 
9.28 
10.66 
19.30 
12.37 
21.01 
8.19 
8.18 
25.29 
8.16 
27.84 
23.16 
22.97 
27.44 
28.28 
28.08 
18.92 
28.03 
26.80 
11.11 
13.67 
10.21 
15.85 
26.47 
23.01 
24.35 
20.03 
7.85 
20.14 
18.91 
15.46 
19.52 
21.19 
7.70 
7.68 
15.46 
16.11 
13.02 
26.18 
20.72 
22.36 
7.48 
16.37 
25.40 
14.10 
7.36 
13.68 
10.30 
19.75 
24.52 
7.20 
7.16 
13.41 
23.42 
21.21 
7.02 
21.40 
20.67 
6.91 
15.98 
8.62 
6.80 
21.59 
24.08 
23.67 
6.64 
6.60 
6.56 
6.52 
6.48 
6.44 
6.39 
12.29 
6.31 
6.27 
6.22 
6.18 
6.14 
16.94 
17.92 
19.65 
16.68 
5.92 
5.87 
5.83 
5.78 
5.74 
5.70 
16.62 
15.51 
9.33 
8.54 
8.48 
5.42 
10.07 
18.48 
9.09 
5.24 
5.20 
5.15 
16.12 
5.06 
16.46 
15.81 
15.57 
16.80 
15.09 
16.84 
4.76 
4.71 
7.14 
4.63 
14.61 
15.91 
15.42 
4.46 
14.83 
4.38 
4.34 
4.30 
4.26 
4.22 
14.95 
14.60 
14.38 
4.06 
12.65 
9.51 
5.71 
7.29 
3.89 
10.16 
14.31 
12.97 
11.42 
3.72 
9.49 
13.20 
12.90 
7.77 
7.94 
3.55 
3.52 
3.50 
3.47 
3.45 
3.43 
3.40 
4.64 
3.36 
3.34 
11.83 
12.09 
8.23 
8.71 
11.75 
3.24 
11.67 
8.69 
3.20 
5.31 
3.18 
11.72 
11.29 
9.07 
3.15 
11.24 
11.43 
11.51 
9.81 
5.92 
11.10 
11.00 
9.01 
9.41 
10.52 
4.54 
3.14 
9.76 
10.98 
11.00 
11.22 
