20050101
9.63 
7.08 
10.23 
10.54 
2.74 
9.17 
10.21 
10.25 
10.30 
9.99 
10.50 
10.65 
10.24 
8.71 
9.98 
10.14 
9.63 
10.65 
11.49 
11.47 
9.89 
3.10 
3.13 
8.92 
7.99 
6.64 
3.26 
3.29 
12.35 
9.97 
12.96 
12.85 
12.95 
3.50 
11.24 
10.90 
6.22 
3.65 
3.69 
13.93 
13.94 
14.61 
12.01 
6.41 
5.78 
3.99 
13.71 
8.77 
14.76 
15.72 
15.72 
15.01 
11.72 
4.96 
14.01 
17.11 
16.99 
16.37 
13.20 
7.44 
18.03 
13.39 
15.83 
16.21 
17.12 
17.25 
17.77 
11.20 
16.01 
19.10 
19.78 
20.19 
17.01 
18.24 
5.38 
17.36 
21.00 
18.43 
19.83 
10.79 
20.22 
19.76 
21.77 
21.60 
19.96 
18.01 
22.56 
22.53 
21.76 
18.57 
11.28 
16.34 
22.36 
18.81 
16.76 
11.00 
19.24 
6.48 
23.30 
21.53 
19.12 
22.03 
24.17 
25.69 
23.41 
21.44 
12.92 
20.48 
10.00 
23.69 
25.70 
26.75 
18.11 
27.08 
26.35 
19.27 
24.71 
21.03 
23.54 
18.03 
27.29 
25.71 
23.63 
22.54 
10.52 
27.61 
21.54 
27.90 
28.12 
7.69 
24.23 
24.94 
7.78 
7.81 
19.39 
14.73 
10.90 
29.06 
28.43 
27.63 
9.32 
26.86 
27.57 
27.09 
16.66 
29.01 
19.41 
26.03 
12.53 
25.23 
14.93 
21.89 
29.86 
30.22 
27.70 
18.23 
29.59 
8.25 
8.26 
10.14 
18.79 
26.09 
23.56 
16.10 
25.27 
27.14 
29.01 
17.14 
25.96 
13.92 
27.66 
25.62 
27.32 
24.43 
13.92 
8.32 
8.32 
19.50 
24.41 
23.21 
29.98 
28.78 
23.01 
24.35 
28.40 
30.75 
29.89 
14.15 
12.45 
21.22 
27.95 
19.15 
25.55 
8.15 
17.91 
17.72 
8.10 
10.61 
15.13 
15.95 
21.13 
20.09 
7.99 
7.97 
17.65 
28.83 
21.43 
10.88 
29.36 
26.82 
26.44 
8.60 
21.85 
26.79 
7.68 
22.71 
20.51 
18.48 
19.42 
8.68 
7.50 
17.47 
15.94 
7.40 
11.11 
14.00 
15.58 
7.26 
12.72 
27.20 
27.28 
23.99 
24.07 
25.11 
14.49 
22.87 
23.58 
20.49 
19.30 
18.44 
17.42 
22.20 
6.66 
16.42 
23.32 
24.76 
24.35 
21.94 
23.83 
23.42 
22.85 
21.08 
9.23 
18.02 
6.12 
6.07 
22.62 
5.98 
18.42 
22.70 
19.08 
7.82 
8.77 
20.33 
21.50 
12.99 
17.00 
17.17 
15.81 
17.09 
13.94 
5.30 
9.63 
6.02 
16.12 
17.36 
19.11 
17.78 
7.60 
16.61 
18.58 
16.89 
15.48 
14.08 
4.67 
8.54 
17.03 
16.53 
16.03 
16.77 
15.66 
15.53 
4.29 
16.01 
14.81 
15.17 
14.81 
11.66 
5.88 
7.32 
15.14 
12.86 
14.45 
13.66 
11.99 
11.01 
8.95 
6.15 
3.61 
13.12 
13.34 
13.23 
11.45 
12.40 
12.61 
8.19 
12.01 
11.31 
12.24 
9.84 
10.16 
8.60 
3.13 
10.63 
10.95 
10.87 
11.57 
10.16 
11.04 
10.13 
7.15 
10.57 
10.23 
9.15 
10.12 
5.11 
9.02 
10.61 
10.38 
10.43 
9.67 
10.17 
5.13 
9.93 
9.90 
9.87 
10.02 
10.09 
9.72 
9.61 
9.95 
8.98 
7.91 
7.21 
9.58 
8.70 
8.26 
6.60 
10.03 
9.25 
8.65 
2.66 
2.67 
5.95 
5.43 
7.85 
7.70 
5.13 
2.73 
9.68 
9.62 
9.94 
8.61 
9.48 
7.60 
2.84 
2.86 
7.63 
7.77 
7.06 
2.95 
2.97 
10.36 
5.33 
3.05 
9.21 
9.77 
6.68 
3.16 
11.68 
10.16 
11.55 
3.29 
7.73 
4.70 
9.84 
12.43 
11.79 
12.85 
12.31 
5.94 
3.61 
13.49 
14.04 
13.16 
13.38 
13.04 
7.03 
3.90 
10.26 
7.69 
14.64 
15.46 
15.12 
14.65 
6.25 
4.26 
15.86 
15.25 
4.40 
9.16 
15.74 
5.55 
4.59 
16.49 
18.03 
16.36 
12.97 
14.77 
17.12 
16.32 
13.91 
12.14 
16.01 
16.53 
18.55 
19.23 
19.36 
15.88 
20.03 
12.31 
21.28 
20.56 
18.41 
16.52 
19.21 
22.37 
20.90 
20.58 
15.56 
12.56 
22.26 
19.41 
22.20 
17.97 
13.39 
15.44 
20.53 
16.98 
21.65 
6.39 
22.94 
15.77 
6.53 
6.57 
13.50 
20.78 
24.01 
20.95 
15.81 
17.31 
16.43 
8.99 
24.72 
25.61 
17.65 
24.17 
21.50 
24.97 
14.34 
10.65 
24.88 
23.97 
18.80 
25.41 
21.87 
24.39 
23.63 
7.51 
25.73 
24.47 
20.38 
7.63 
7.66 
27.18 
21.39 
7.75 
27.00 
26.71 
27.26 
25.62 
21.47 
19.66 
10.28 
13.34 
7.98 
23.49 
26.72 
24.40 
11.60 
9.93 
16.37 
29.57 
29.77 
24.21 
18.65 
23.92 
19.70 
11.25 
18.38 
26.70 
21.97 
24.69 
29.45 
22.85 
27.95 
26.94 
16.77 
10.68 
26.80 
28.84 
20.36 
30.37 
28.51 
13.07 
11.89 
23.59 
25.11 
23.59 
13.24 
17.14 
16.79 
23.40 
9.83 
10.84 
25.74 
21.50 
29.61 
20.80 
21.13 
15.02 
23.47 
20.07 
14.48 
8.21 
8.20 
26.41 
19.14 
25.69 
9.15 
15.70 
22.25 
8.09 
8.07 
11.24 
13.74 
29.99 
26.94 
19.02 
9.28 
7.92 
7.90 
15.22 
7.85 
13.65 
19.61 
7.77 
22.19 
23.47 
20.77 
13.94 
10.93 
18.48 
20.08 
15.10 
7.50 
9.10 
13.32 
7.40 
7.36 
14.17 
26.14 
20.71 
21.94 
26.40 
23.74 
14.98 
22.30 
12.95 
24.70 
17.78 
12.79 
13.05 
23.88 
17.34 
21.82 
6.70 
19.92 
20.62 
9.36 
6.53 
19.58 
20.25 
23.37 
13.51 
12.98 
22.89 
22.93 
22.67 
19.87 
21.25 
10.03 
10.41 
17.39 
18.32 
20.25 
17.09 
19.73 
20.33 
19.36 
20.23 
16.15 
7.18 
20.42 
17.93 
19.20 
20.18 
15.94 
16.51 
16.80 
12.38 
18.98 
15.92 
4.96 
15.82 
6.17 
15.59 
14.32 
17.67 
15.88 
4.62 
7.84 
4.52 
4.48 
16.15 
15.04 
15.17 
12.87 
4.24 
14.57 
15.88 
7.05 
10.14 
7.50 
8.93 
13.65 
13.88 
11.29 
13.88 
13.55 
12.78 
12.67 
10.94 
13.77 
13.01 
12.48 
10.48 
11.97 
8.54 
12.41 
7.88 
11.40 
11.11 
12.74 
10.04 
3.19 
10.78 
8.34 
3.10 
9.88 
4.59 
8.59 
9.87 
2.97 
4.93 
8.65 
10.29 
9.86 
10.45 
10.49 
10.53 
10.39 
7.97 
9.84 
2.75 
9.31 
2.73 
9.78 
7.61 
2.69 
2.68 
8.87 
8.23 
9.54 
9.35 
9.34 
8.62 
7.39 
2.64 
2.64 
9.40 
8.96 
8.27 
2.64 
2.65 
9.18 
9.81 
6.82 
2.67 
2.68 
2.69 
9.04 
9.52 
2.73 
2.74 
9.71 
10.03 
10.25 
8.38 
6.49 
10.04 
10.28 
10.52 
7.77 
5.75 
10.61 
10.87 
11.03 
6.68 
3.05 
11.16 
6.53 
10.63 
3.16 
3.19 
10.76 
11.15 
11.85 
10.91 
12.44 
12.23 
12.54 
11.37 
12.63 
12.20 
10.79 
13.05 
8.02 
8.32 
13.05 
14.38 
14.61 
11.22 
9.38 
14.86 
13.02 
13.01 
14.41 
12.99 
12.50 
10.81 
4.26 
14.64 
15.13 
6.25 
4.45 
4.49 
7.18 
14.09 
4.64 
14.31 
4.74 
4.78 
18.44 
14.36 
18.44 
18.57 
12.40 
19.65 
19.51 
17.05 
16.48 
13.42 
5.33 
17.38 
16.94 
9.99 
5.53 
5.58 
18.24 
11.15 
5.73 
16.10 
21.46 
22.17 
21.99 
20.34 
9.74 
6.07 
20.07 
18.52 
23.76 
23.87 
22.01 
6.35 
19.15 
23.09 
24.28 
19.73 
21.38 
8.96 
7.29 
23.38 
24.27 
19.14 
17.94 
24.70 
16.01 
12.24 
26.41 
16.69 
25.30 
14.39 
22.06 
26.84 
26.27 
24.88 
23.64 
22.23 
14.10 
27.45 
25.05 
27.09 
25.84 
26.89 
26.79 
27.01 
12.45 
27.29 
24.51 
10.22 
28.45 
28.50 
28.38 
18.05 
23.28 
21.81 
27.05 
28.94 
24.10 
26.99 
8.00 
8.02 
21.02 
29.65 
25.47 
28.19 
29.74 
29.94 
21.34 
8.16 
8.18 
8.19 
8.21 
29.73 
29.58 
26.03 
23.00 
26.06 
27.43 
26.42 
24.06 
8.29 
8.30 
23.40 
26.46 
22.90 
21.72 
12.56 
8.32 
8.32 
17.65 
14.94 
17.65 
22.06 
26.63 
28.49 
8.31 
26.44 
8.30 
9.48 
23.36 
20.30 
8.27 
27.89 
21.62 
26.00 
10.43 
12.79 
13.45 
29.47 
28.61 
8.17 
15.57 
16.06 
8.12 
19.22 
20.03 
18.83 
28.55 
21.30 
25.29 
26.10 
28.24 
25.02 
22.81 
7.90 
9.71 
7.85 
15.48 
13.79 
7.77 
21.02 
26.45 
25.74 
10.63 
7.62 
7.59 
7.56 
22.33 
22.93 
20.42 
24.62 
22.27 
21.88 
27.03 
25.16 
8.72 
24.53 
21.55 
22.93 
17.72 
24.55 
25.75 
24.54 
21.12 
23.58 
6.87 
18.67 
14.97 
25.27 
20.16 
23.67 
17.35 
18.82 
22.45 
24.35 
22.86 
24.29 
23.87 
22.85 
22.59 
19.92 
15.32 
20.32 
6.07 
6.03 
17.49 
14.60 
14.66 
5.84 
19.70 
15.12 
21.05 
20.07 
19.67 
17.43 
18.44 
5.45 
12.92 
18.64 
15.77 
14.57 
5.20 
14.91 
14.26 
15.36 
6.20 
6.54 
15.30 
17.67 
10.66 
7.99 
10.36 
17.16 
8.42 
17.66 
17.65 
16.90 
14.67 
9.41 
16.51 
15.41 
13.61 
15.77 
13.87 
4.11 
11.66 
4.02 
6.05 
11.60 
13.32 
3.85 
14.44 
14.66 
13.55 
14.10 
12.03 
10.63 
3.57 
3.53 
10.48 
12.39 
12.29 
11.78 
3.35 
4.34 
3.28 
11.13 
11.84 
11.56 
11.38 
10.12 
9.46 
10.65 
3.05 
9.94 
2.99 
2.97 
11.35 
10.82 
9.26 
10.97 
10.08 
9.11 
10.07 
10.57 
10.16 
8.03 
9.71 
10.21 
10.17 
2.71 
2.70 
9.99 
10.31 
9.94 
9.38 
9.89 
7.68 
2.65 
9.50 
8.97 
9.14 
2.64 
2.64 
8.88 
2.64 
6.43 
2.65 
2.65 
4.16 
9.47 
9.58 
9.96 
10.17 
9.84 
9.96 
8.65 
3.91 
9.35 
9.85 
9.89 
10.03 
2.82 
9.58 
10.46 
9.87 
2.90 
8.29 
10.99 
2.97 
8.16 
3.02 
8.57 
9.41 
4.67 
11.81 
10.90 
5.69 
11.27 
10.44 
10.93 
11.73 
12.14 
12.85 
12.43 
12.11 
12.63 
12.31 
10.69 
13.27 
13.27 
12.61 
12.60 
13.27 
13.38 
13.49 
14.06 
14.40 
14.64 
15.11 
12.76 
11.33 
14.05 
13.33 
4.26 
14.15 
15.37 
6.86 
8.91 
16.24 
17.25 
17.25 
16.62 
13.54 
13.90 
18.30 
18.31 
16.20 
18.57 
18.17 
12.94 
12.63 
15.85 
15.28 
5.23 
19.77 
16.16 
20.45 
19.18 
16.34 
6.95 
18.55 
10.93 
8.56 
9.49 
20.17 
21.60 
21.43 
19.34 
22.56 
6.02 
6.07 
20.07 
21.83 
6.21 
23.12 
22.92 
23.03 
17.92 
6.44 
11.59 
6.53 
14.99 
6.62 
22.66 
7.65 
24.11 
22.78 
20.01 
21.04 
22.08 
21.20 
14.70 
7.04 
8.53 
9.86 
24.65 
23.59 
12.44 
21.61 
25.93 
24.36 
20.82 
19.40 
12.71 
7.48 
7.51 
26.89 
27.28 
20.04 
7.63 
24.46 
15.85 
25.06 
7.75 
10.12 
24.37 
12.69 
26.46 
22.31 
9.42 
25.41 
28.13 
20.93 
27.53 
26.22 
21.87 
26.45 
28.33 
14.18 
25.35 
25.04 
27.09 
27.96 
14.61 
27.66 
27.17 
13.98 
23.99 
26.20 
23.34 
19.28 
24.72 
26.76 
25.59 
25.42 
21.02 
8.31 
8.31 
26.97 
23.25 
8.32 
23.25 
22.06 
19.69 
12.90 
21.72 
13.24 
21.54 
10.86 
16.45 
8.31 
10.00 
8.30 
8.29 
8.96 
17.92 
25.53 
8.26 
8.25 
30.72 
16.67 
8.21 
10.90 
20.17 
8.17 
28.73 
26.00 
8.12 
16.19 
21.55 
26.40 
17.63 
25.33 
25.63 
25.93 
27.40 
24.52 
7.92 
19.26 
14.38 
13.18 
15.82 
12.12 
18.41 
9.73 
9.70 
26.40 
27.51 
15.72 
26.07 
18.27 
14.77 
7.50 
7.47 
7.43 
7.40 
15.19 
22.30 
10.54 
26.23 
26.31 
7.67 
16.65 
23.50 
24.07 
7.03 
22.63 
22.07 
13.10 
13.68 
12.51 
22.85 
22.13 
6.70 
6.66 
25.13 
25.33 
24.92 
19.42 
16.26 
23.06 
18.69 
10.86 
22.14 
6.21 
21.92 
23.60 
23.34 
13.58 
19.41 
21.21 
13.34 
11.66 
18.25 
11.08 
20.48 
9.36 
15.97 
12.62 
5.50 
17.21 
20.02 
13.52 
15.36 
12.24 
18.55 
16.80 
15.88 
13.89 
5.01 
7.07 
18.98 
16.75 
17.28 
13.41 
17.29 
18.31 
17.54 
13.88 
16.28 
15.78 
15.90 
13.70 
4.33 
13.72 
14.57 
4.20 
4.15 
15.75 
15.39 
15.04 
15.03 
15.37 
12.86 
3.85 
10.97 
14.33 
13.55 
13.33 
13.77 
13.33 
13.12 
13.34 
12.17 
9.76 
12.71 
11.37 
9.12 
5.57 
8.77 
4.16 
10.54 
11.76 
12.17 
12.18 
11.80 
11.14 
11.84 
10.70 
9.78 
4.30 
10.88 
7.06 
10.94 
9.21 
10.82 
9.47 
9.43 
9.93 
2.78 
10.47 
10.25 
9.85 
7.84 
8.53 
2.70 
2.69 
4.10 
6.57 
9.83 
9.72 
7.68 
2.65 
9.85 
9.58 
7.91 
8.70 
8.61 
9.40 
9.41 
9.42 
9.87 
9.70 
2.66 
3.46 
9.76 
9.61 
10.08 
10.08 
8.06 
8.53 
8.83 
9.95 
10.08 
9.94 
6.88 
10.58 
10.26 
10.68 
10.83 
10.43 
10.95 
10.26 
10.14 
2.97 
11.13 
10.05 
8.28 
7.26 
10.26 
11.51 
11.60 
11.98 
11.77 
10.44 
8.18 
10.71 
10.17 
8.90 
5.73 
9.79 
11.15 
10.60 
11.98 
10.67 
12.83 
11.29 
13.05 
11.26 
12.81 
3.86 
12.34 
11.76 
15.10 
15.11 
4.08 
4.12 
7.26 
15.96 
12.71 
15.73 
9.74 
12.04 
16.36 
14.49 
15.23 
14.85 
17.64 
10.33 
12.61 
4.78 
10.46 
18.31 
15.66 
18.97 
18.04 
17.49 
15.58 
6.68 
19.50 
19.36 
16.16 
19.48 
18.20 
18.18 
20.84 
19.12 
10.64 
21.66 
20.05 
21.33 
22.19 
22.75 
20.67 
20.19 
6.02 
19.22 
19.62 
24.09 
21.19 
14.31 
19.26 
24.41 
24.52 
23.25 
23.20 
22.52 
20.91 
6.62 
17.80 
18.98 
22.06 
25.31 
24.29 
23.59 
6.92 
6.96 
14.70 
26.98 
25.78 
7.12 
13.63 
27.00 
26.43 
22.92 
23.80 
21.91 
22.46 
8.72 
24.23 
28.41 
26.50 
26.56 
25.46 
25.52 
22.92 
17.31 
18.85 
23.40 
29.45 
27.00 
12.32 
7.83 
15.06 
29.36 
28.22 
23.56 
28.30 
18.07 
27.20 
27.57 
24.06 
24.93 
26.14 
23.80 
8.11 
28.59 
30.98 
30.66 
25.61 
27.15 
30.73 
24.82 
25.00 
11.12 
26.05 
8.26 
26.07 
30.32 
30.50 
30.51 
25.94 
26.46 
22.56 
8.32 
24.09 
8.32 
10.87 
28.68 
19.18 
31.22 
28.84 
27.48 
29.34 
26.62 
11.36 
29.49 
27.11 
31.16 
26.07 
30.97 
28.25 
24.17 
11.81 
8.25 
24.63 
8.22 
30.17 
28.12 
12.91 
13.91 
8.15 
20.78 
26.31 
14.50 
8.09 
28.75 
21.16 
24.49 
28.48 
17.04 
13.66 
16.98 
17.12 
27.28 
9.37 
18.52 
14.49 
7.79 
22.40 
7.74 
20.15 
19.28 
13.44 
9.61 
8.91 
13.66 
19.04 
17.02 
14.19 
27.07 
27.98 
27.10 
23.61 
18.50 
7.26 
7.22 
19.29 
8.92 
27.20 
16.85 
22.55 
21.99 
11.09 
6.91 
14.47 
18.67 
24.89 
24.80 
24.39 
22.73 
20.62 
9.83 
18.58 
6.49 
6.44 
6.40 
13.06 
15.26 
23.04 
13.29 
23.27 
23.90 
20.51 
19.36 
23.10 
20.33 
19.19 
11.08 
13.47 
13.96 
21.91 
21.07 
17.53 
15.59 
10.56 
13.71 
8.88 
19.89 
5.30 
5.25 
11.47 
19.65 
19.92 
19.65 
18.72 
18.19 
18.32 
8.39 
12.48 
17.29 
9.33 
15.12 
17.66 
17.78 
16.53 
10.19 
17.14 
8.30 
14.68 
14.93 
16.13 
15.77 
13.98 
12.34 
6.28 
14.92 
9.27 
12.51 
11.61 
3.85 
11.20 
3.77 
14.10 
13.44 
12.03 
12.25 
7.54 
3.53 
3.49 
3.46 
10.52 
10.75 
3.35 
11.60 
12.33 
12.03 
11.44 
11.36 
10.78 
10.90 
10.73 
10.17 
8.17 
8.69 
2.99 
6.01 
2.94 
9.59 
4.12 
5.02 
9.62 
8.74 
2.82 
6.91 
2.78 
9.66 
7.90 
2.74 
7.84 
3.70 
2.70 
9.54 
8.27 
5.33 
7.44 
9.89 
9.35 
9.51 
9.50 
8.97 
9.31 
9.40 
8.35 
4.31 
2.64 
8.54 
7.67 
9.26 
6.81 
3.46 
7.90 
9.70 
5.63 
8.06 
2.71 
7.39 
9.86 
9.08 
9.76 
2.78 
7.74 
4.57 
8.19 
10.09 
9.40 
8.05 
10.08 
5.12 
2.97 
2.99 
3.02 
6.44 
9.80 
10.75 
11.22 
10.90 
10.98 
8.65 
3.26 
8.79 
12.35 
12.14 
12.33 
3.43 
10.84 
11.78 
12.84 
9.07 
7.19 
3.65 
10.85 
5.17 
9.47 
3.82 
11.67 
13.26 
7.85 
14.40 
12.08 
14.53 
8.26 
14.88 
9.01 
13.80 
4.30 
9.86 
4.40 
14.25 
6.99 
4.54 
4.59 
13.69 
15.98 
8.35 
6.08 
17.65 
17.78 
12.75 
7.65 
18.44 
18.57 
11.24 
17.33 
16.62 
5.28 
18.93 
19.20 
20.02 
5.48 
5.53 
8.57 
16.52 
10.29 
17.16 
5.78 
21.31 
20.70 
19.93 
21.37 
8.85 
6.07 
6.11 
22.28 
23.61 
17.34 
18.81 
10.02 
24.06 
21.55 
18.86 
6.53 
23.40 
7.71 
13.56 
25.58 
16.85 
9.80 
12.87 
10.54 
15.86 
11.44 
22.72 
9.77 
14.01 
22.15 
24.00 
10.93 
19.60 
25.53 
24.62 
25.02 
27.87 
27.62 
23.24 
12.42 
18.57 
9.19 
28.61 
25.68 
23.75 
15.15 
25.85 
27.40 
25.28 
27.66 
8.64 
23.40 
7.86 
9.22 
18.65 
28.77 
27.80 
16.22 
25.51 
23.86 
25.58 
29.32 
24.11 
8.10 
8.11 
21.15 
21.34 
16.96 
19.86 
19.20 
24.46 
26.68 
25.68 
22.65 
18.76 
25.89 
23.53 
8.28 
13.21 
20.85 
8.30 
21.37 
17.81 
20.19 
8.32 
10.36 
22.23 
30.20 
24.61 
18.67 
26.64 
27.48 
19.85 
8.32 
18.99 
20.00 
23.38 
8.30 
8.29 
30.80 
27.06 
18.25 
30.75 
30.74 
16.69 
27.66 
18.85 
8.20 
8.18 
8.17 
17.43 
10.83 
8.12 
14.17 
15.49 
24.72 
8.05 
12.39 
21.10 
20.90 
20.70 
21.17 
15.45 
7.90 
7.87 
19.86 
7.82 
7.79 
7.77 
23.52 
23.47 
11.16 
7.65 
23.65 
27.88 
19.26 
23.98 
17.52 
22.22 
7.43 
24.06 
7.36 
20.84 
26.95 
22.34 
13.21 
7.18 
7.15 
13.22 
7.07 
21.75 
19.92 
10.61 
21.20 
21.28 
18.99 
20.80 
17.42 
16.56 
13.68 
10.66 
12.00 
6.53 
20.81 
19.18 
19.85 
7.72 
23.46 
15.33 
20.67 
22.97 
22.86 
21.85 
20.99 
5.98 
5.93 
5.88 
7.44 
20.28 
6.75 
5.69 
20.07 
20.80 
19.12 
19.14 
20.14 
20.02 
20.31 
19.63 
17.99 
14.33 
6.37 
11.97 
19.65 
18.72 
15.01 
9.64 
12.44 
10.40 
4.76 
17.16 
16.78 
16.40 
17.66 
17.03 
16.40 
4.43 
4.38 
5.31 
14.69 
4.24 
4.20 
4.15 
4.11 
15.39 
14.00 
14.11 
14.11 
14.91 
14.67 
14.11 
14.33 
14.21 
13.33 
12.68 
13.23 
8.93 
8.01 
12.81 
11.66 
10.62 
8.16 
10.66 
12.42 
8.77 
11.53 
11.34 
3.99 
3.16 
8.34 
8.09 
9.10 
11.36 
8.30 
10.25 
10.28 
2.94 
10.72 
10.29 
2.88 
2.86 
2.84 
8.42 
9.38 
5.24 
8.03 
10.16 
5.17 
10.17 
4.95 
7.79 
9.63 
2.68 
8.52 
9.74 
9.72 
7.32 
7.40 
4.40 
8.00 
7.91 
2.64 
7.20 
9.05 
9.41 
8.98 
9.16 
8.47 
9.54 
3.99 
8.34 
9.16 
9.63 
8.59 
3.61 
6.14 
9.95 
10.08 
9.85 
5.24 
10.03 
9.53 
10.22 
10.09 
7.44 
10.39 
10.64 
10.99 
10.49 
10.75 
10.91 
11.18 
10.87 
5.26 
11.61 
11.30 
11.38 
9.96 
7.71 
10.73 
11.94 
11.31 
12.23 
12.12 
3459.15 
11.78 
10.92 
5.62 
12.94 
3.65 
12.50 
3.73 
3.77 
12.36 
11.45 
3.90 
14.40 
12.55 
4.03 
13.12 
13.34 
13.57 
4.93 
5.71 
4.30 
4.35 
15.25 
15.37 
4.49 
8.82 
15.48 
17.39 
17.52 
18.17 
17.91 
11.90 
16.86 
18.44 
18.97 
19.11 
18.70 
17.75 
13.23 
10.58 
5.83 
19.35 
20.45 
18.06 
10.84 
13.19 
8.57 
17.09 
21.23 
20.63 
21.19 
21.17 
19.82 
21.55 
20.49 
22.53 
20.41 
18.72 
9.33 
23.00 
23.27 
22.77 
21.04 
10.24 
19.85 
23.04 
20.51 
22.00 
25.69 
23.29 
17.88 
23.32 
24.36 
24.93 
20.09 
25.59 
24.56 
20.32 
8.81 
22.07 
18.59 
20.44 
7.19 
11.13 
27.00 
24.78 
8.81 
16.72 
28.11 
28.18 
24.29 
7.51 
14.49 
24.30 
28.50 
16.77 
18.14 
25.18 
24.40 
27.78 
28.67 
24.87 
26.42 
27.47 
11.91 
11.94 
28.43 
19.56 
30.19 
29.39 
29.08 
26.25 
28.31 
18.88 
28.19 
23.83 
18.27 
23.87 
24.23 
28.49 
25.80 
23.95 
28.54 
29.07 
16.55 
25.71 
25.38 
29.13 
19.30 
11.34 
28.99 
29.67 
23.06 
17.13 
8.32 
26.81 
24.61 
23.42 
21.39 
22.06 
8.33 
8.32 
24.77 
31.04 
24.59 
20.85 
27.29 
8.30 
8.30 
8.29 
9.30 
29.60 
29.92 
10.79 
16.53 
22.60 
27.15 
30.85 
27.62 
21.86 
17.11 
22.82 
13.87 
19.24 
25.45 
8.09 
16.64 
8.05 
8.53 
9.35 
7.99 
10.48 
7.94 
9.76 
27.45 
7.87 
7.85 
7.82 
20.78 
27.72 
12.89 
13.52 
25.41 
23.87 
13.08 
7.59 
13.82 
25.95 
17.68 
27.30 
17.74 
15.40 
18.45 
7.33 
7.29 
25.74 
14.02 
26.88 
19.87 
22.54 
24.87 
20.79 
13.85 
20.64 
13.26 
22.23 
8.88 
25.21 
21.19 
19.22 
6.66 
21.86 
24.71 
19.97 
22.96 
23.94 
21.08 
17.93 
6.31 
23.20 
6.21 
20.12 
10.60 
6.07 
13.29 
17.19 
15.04 
14.81 
21.41 
22.31 
22.18 
21.91 
21.64 
20.80 
19.12 
17.88 
17.49 
12.78 
5.35 
20.04 
20.18 
19.64 
19.92 
19.51 
16.03 
13.52 
19.11 
16.61 
7.73 
4.81 
12.77 
12.80 
9.89 
6.26 
13.88 
15.27 
17.39 
17.14 
16.27 
4.33 
4.29 
12.05 
10.16 
4.15 
15.87 
15.39 
8.31 
11.81 
13.08 
11.27 
6.89 
3.81 
3.77 
6.04 
4.67 
3.65 
3.61 
8.72 
12.16 
6.03 
12.81 
12.50 
10.64 
12.21 
12.73 
11.92 
5.98 
4.32 
3.19 
5.63 
11.79 
11.80 
10.27 
3.05 
11.28 
4.24 
8.95 
4.27 
9.03 
9.35 
6.13 
10.82 
9.38 
2.82 
8.19 
7.97 
2.77 
2.75 
2.74 
10.35 
10.32 
10.19 
9.63 
9.78 
2.67 
9.65 
9.19 
9.26 
9.07 
10.12 
8.62 
9.40 
8.52 
9.40 
8.88 
10.02 
9.86 
8.28 
7.59 
7.87 
2.67 
2.67 
8.54 
9.81 
2.70 
10.05 
10.09 
9.59 
7.00 
2.77 
7.07 
8.75 
7.23 
10.04 
9.53 
10.71 
10.77 
9.70 
2.95 
2.97 
2.99 
3.02 
7.31 
11.26 
11.92 
11.51 
12.09 
11.78 
11.17 
11.45 
4.41 
12.35 
3.36 
10.77 
13.17 
13.17 
12.21 
13.16 
6.16 
13.27 
14.03 
14.04 
13.82 
14.49 
13.94 
9.86 
6.41 
13.37 
13.02 
15.11 
15.58 
15.94 
15.72 
12.61 
12.83 
4.30 
16.60 
8.71 
16.36 
16.24 
11.84 
12.44 
6.93 
4.69 
11.97 
4.78 
11.50 
4.88 
18.57 
18.84 
18.71 
16.95 
19.24 
19.92 
19.37 
18.81 
20.04 
16.54 
5.43 
5.48 
20.70 
17.84 
18.38 
11.58 
15.42 
15.66 
22.63 
22.75 
20.37 
23.00 
21.19 
20.26 
21.87 
23.34 
19.67 
6.26 
24.14 
24.26 
23.45 
23.86 
23.66 
25.16 
21.38 
18.50 
24.54 
24.33 
22.53 
24.68 
20.80 
25.66 
23.84 
6.96 
7.00 
7.04 
7.56 
19.72 
11.85 
7.19 
27.89 
19.98 
24.95 
23.22 
22.95 
17.27 
22.26 
26.76 
28.15 
20.28 
28.77 
27.67 
18.76 
27.96 
24.35 
22.40 
7.75 
14.80 
14.00 
29.43 
27.80 
26.17 
29.06 
27.93 
25.61 
13.87 
16.76 
18.97 
26.59 
28.64 
26.82 
30.39 
28.56 
27.91 
15.76 
30.49 
24.93 
8.87 
24.46 
8.22 
23.14 
29.25 
19.61 
23.18 
28.79 
20.49 
22.70 
29.66 
27.13 
18.31 
16.96 
28.16 
28.00 
25.96 
14.77 
22.06 
10.87 
21.21 
13.75 
8.32 
8.32 
9.16 
13.40 
20.68 
8.30 
8.30 
27.76 
22.00 
29.60 
30.09 
22.30 
8.25 
24.97 
8.22 
11.42 
8.20 
18.31 
26.05 
25.19 
29.37 
29.35 
29.82 
28.78 
15.97 
23.34 
15.75 
16.40 
7.99 
24.05 
25.69 
19.80 
9.23 
10.04 
9.35 
8.49 
29.60 
16.08 
7.74 
7.71 
27.40 
11.95 
24.14 
19.31 
25.52 
19.54 
7.50 
27.30 
23.96 
16.55 
18.78 
27.84 
7.29 
26.39 
24.21 
13.48 
8.27 
25.11 
12.84 
24.47 
27.10 
23.51 
24.22 
23.81 
15.36 
10.88 
21.82 
19.85 
19.77 
13.62 
14.48 
6.53 
18.19 
25.32 
24.44 
14.43 
6.31 
21.38 
19.77 
18.47 
6.12 
19.91 
19.96 
23.10 
19.45 
17.00 
22.58 
22.16 
19.15 
19.62 
15.79 
15.26 
16.15 
18.16 
9.51 
20.44 
7.29 
20.73 
20.73 
20.19 
19.78 
17.09 
15.23 
18.98 
18.32 
18.06 
16.36 
14.16 
10.70 
17.80 
17.03 
15.51 
17.41 
16.90 
7.83 
7.88 
17.13 
14.93 
14.20 
13.25 
4.20 
14.46 
15.40 
14.58 
13.53 
10.31 
8.74 
14.79 
5.77 
13.66 
12.33 
12.89 
5.66 
3.65 
3.61 
10.12 
12.16 
11.96 
13.02 
10.83 
3.39 
11.49 
11.91 
12.33 
11.83 
10.04 
3.19 
9.69 
4.21 
9.07 
10.46 
8.65 
3.02 
11.40 
10.00 
2.94 
10.91 
9.16 
10.97 
10.82 
10.95 
4.20 
2.80 
10.52 
8.84 
10.34 
2.74 
7.93 
10.23 
10.10 
6.16 
8.89 
2.67 
2.67 
2.66 
2.65 
2.65 
10.12 
9.85 
2.64 
2.64 
8.17 
10.10 
9.94 
9.15 
9.34 
8.03 
7.16 
2.67 
9.67 
10.23 
9.28 
10.26 
9.93 
10.14 
10.00 
10.22 
9.90 
9.48 
6.34 
10.58 
2.82 
2.84 
8.42 
2.88 
7.40 
6.12 
7.77 
11.06 
2.99 
7.74 
3.05 
3.07 
4.28 
3.13 
11.60 
11.58 
9.46 
3.26 
4.41 
3.32 
3.36 
3.39 
12.01 
12.43 
3.50 
13.59 
3.57 
8.60 
13.71 
10.30 
12.38 
11.70 
3.82 
13.71 
11.32 
3.94 
14.98 
4.03 
4.08 
13.11 
15.36 
13.57 
8.36 
16.59 
14.39 
6.74 
4.45 
15.12 
15.11 
8.52 
17.64 
4.69 
17.13 
18.95 
13.99 
6.99 
13.81 
15.78 
14.82 
18.84 
15.98 
5.18 
20.05 
16.46 
15.46 
15.99 
9.22 
14.93 
5.53 
21.12 
5.63 
21.08 
11.66 
22.21 
20.00 
18.35 
18.16 
22.71 
12.56 
15.93 
6.11 
6.16 
22.09 
20.38 
8.28 
8.03 
24.68 
22.17 
21.50 
21.90 
22.16 
25.53 
24.07 
15.52 
24.74 
23.73 
23.34 
19.93 
25.59 
12.24 
24.81 
23.45 
14.01 
15.84 
24.33 
27.49 
19.60 
25.04 
12.69 
27.96 
28.37 
27.12 
25.22 
24.95 
25.18 
23.75 
24.80 
24.69 
21.92 
8.16 
27.18 
28.40 
27.95 
22.65 
29.22 
24.41 
25.12 
11.91 
7.91 
16.50 
29.14 
21.44 
26.52 
15.43 
15.96 
26.28 
10.44 
10.80 
8.79 
30.44 
30.30 
28.13 
21.72 
13.10 
26.83 
8.22 
8.23 
8.24 
8.25 
8.26 
8.27 
9.64 
15.58 
25.59 
26.28 
20.01 
24.43 
8.32 
24.26 
25.28 
29.02 
16.64 
23.25 
8.33 
28.50 
9.17 
8.32 
18.83 
22.89 
8.31 
8.30 
8.30 
8.29 
30.80 
30.45 
28.06 
31.26 
26.85 
10.09 
8.22 
8.21 
8.20 
13.25 
27.74 
8.15 
11.68 
8.12 
28.98 
27.60 
8.07 
14.43 
30.03 
27.14 
17.21 
22.88 
30.38 
26.65 
19.59 
7.87 
29.03 
13.49 
15.62 
23.73 
19.36 
14.51 
22.76 
24.86 
27.28 
8.42 
20.25 
22.17 
28.68 
21.57 
7.43 
13.61 
23.35 
17.58 
7.29 
7.26 
24.70 
26.07 
26.48 
12.41 
20.54 
8.15 
20.56 
25.42 
25.80 
23.02 
6.83 
6.79 
16.79 
23.29 
25.70 
22.48 
20.84 
20.75 
6.49 
9.66 
16.49 
21.43 
14.50 
10.80 
16.00 
20.27 
19.27 
6.07 
20.10 
21.62 
15.92 
5.88 
10.79 
7.53 
18.72 
19.76 
5.64 
5.59 
19.26 
21.26 
20.70 
16.40 
13.66 
5.30 
5.25 
8.61 
19.78 
17.09 
12.42 
12.59 
15.01 
16.88 
16.23 
13.90 
12.64 
17.80 
14.10 
4.62 
4.57 
17.28 
17.02 
15.29 
12.47 
9.33 
16.02 
14.33 
10.16 
15.40 
14.69 
15.04 
14.58 
12.73 
3.93 
10.59 
12.42 
9.74 
7.21 
8.69 
11.47 
13.77 
3.61 
11.94 
13.34 
9.95 
3.46 
13.13 
12.61 
12.41 
3.32 
11.41 
11.33 
10.94 
11.26 
11.87 
11.49 
11.51 
10.36 
10.58 
6.09 
2.99 
11.23 
10.79 
10.91 
10.85 
10.51 
10.17 
10.30 
9.98 
10.29 
7.70 
10.11 
9.53 
2.74 
2.73 
10.23 
8.32 
9.90 
10.05 
9.85 
9.83 
9.63 
2.65 
2.65 
9.68 
9.49 
9.40 
9.05 
6.68 
9.14 
5.63 
2.64 
9.60 
9.44 
9.72 
9.30 
9.58 
9.25 
9.63 
9.22 
9.96 
2.73 
8.95 
2.75 
7.67 
10.16 
10.03 
9.34 
7.91 
10.74 
8.84 
7.86 
9.70 
2.95 
2.97 
10.94 
3.02 
11.28 
11.16 
10.16 
3.13 
3.16 
11.08 
8.75 
8.11 
8.79 
3.32 
11.62 
3.39 
3.43 
11.06 
12.95 
13.27 
10.47 
3.61 
3.65 
5.34 
14.15 
14.49 
11.91 
13.94 
3.90 
5.67 
3.99 
12.77 
12.41 
4.12 
11.43 
4.21 
4.26 
4.30 
4.35 
4.40 
4.45 
4.49 
4126.64 
10.67 
16.11 
15.59 
4.74 
16.61 
17.52 
18.83 
17.25 
12.58 
17.10 
15.47 
6.62 
17.33 
17.72 
19.91 
18.93 
17.24 
16.51 
15.50 
8.93 
21.26 
20.39 
20.80 
17.45 
17.26 
16.78 
12.04 
5.92 
7.90 
21.94 
22.20 
13.62 
21.08 
20.13 
24.03 
23.38 
23.95 
23.14 
21.86 
20.72 
19.26 
12.03 
10.68 
20.62 
21.97 
19.22 
14.39 
6.83 
9.26 
13.62 
8.72 
23.69 
22.16 
25.94 
17.78 
16.06 
21.64 
15.20 
24.22 
26.74 
26.33 
25.25 
18.91 
17.32 
25.61 
26.66 
28.55 
21.82 
23.86 
25.41 
9.49 
17.35 
7.72 
28.45 
25.16 
27.54 
27.93 
29.31 
26.34 
25.70 
17.00 
27.97 
24.64 
25.51 
26.39 
8.04 
21.73 
29.69 
25.49 
29.74 
29.43 
28.95 
22.71 
14.61 
16.66 
29.03 
26.00 
26.70 
12.82 
28.76 
24.03 
22.34 
11.50 
27.62 
24.92 
15.93 
30.53 
20.36 
8.32 
17.31 
28.85 
21.38 
19.35 
20.03 
11.21 
30.37 
28.84 
10.52 
19.50 
31.70 
28.64 
28.80 
26.42 
10.15 
8.28 
13.18 
17.91 
10.96 
8.25 
8.23 
18.19 
19.36 
30.15 
30.63 
29.93 
26.20 
28.03 
23.79 
11.30 
13.30 
18.16 
24.85 
26.67 
15.73 
7.99 
11.99 
7.94 
27.66 
27.45 
26.24 
22.86 
16.15 
7.79 
20.74 
22.19 
19.49 
14.31 
7.65 
18.86 
24.59 
26.51 
23.65 
22.44 
22.88 
27.56 
26.19 
7.36 
27.68 
24.19 
23.63 
19.84 
22.20 
23.74 
24.31 
19.90 
18.71 
17.36 
16.18 
26.12 
26.19 
25.93 
11.20 
15.54 
6.70 
6.66 
6.62 
6.57 
25.38 
24.81 
21.79 
21.99 
11.38 
24.22 
23.65 
22.18 
9.62 
6.12 
17.83 
6.03 
22.95 
13.13 
16.71 
22.29 
20.13 
11.51 
14.16 
5.64 
5.59 
18.84 
17.03 
5.45 
20.44 
11.86 
14.39 
8.26 
5.20 
17.89 
6.99 
5.05 
15.52 
18.72 
16.22 
4.86 
12.61 
5.41 
9.33 
8.36 
17.79 
17.53 
16.28 
16.77 
15.16 
15.17 
4.33 
8.16 
4.24 
4.20 
4.15 
4.11 
4.06 
15.62 
14.92 
12.74 
10.70 
4.19 
3.81 
6.43 
13.99 
13.99 
12.46 
12.25 
13.55 
11.52 
12.60 
12.71 
10.94 
5.36 
12.52 
12.42 
11.92 
9.41 
3.22 
11.96 
10.78 
3.13 
3.10 
9.20 
11.07 
3.02 
10.73 
8.57 
2.94 
2.92 
9.54 
2.88 
7.86 
10.58 
10.53 
8.92 
10.43 
10.20 
9.71 
3.73 
9.45 
2.71 
4.58 
9.54 
10.23 
10.11 
9.38 
9.37 
9.70 
8.99 
8.10 
9.14 
8.26 
9.84 
9.40 
8.61 
9.67 
9.24 
6.61 
6.00 
8.13 
9.03 
6.66 
9.79 
