20050101
10.91 
10.94 
9.63 
10.81 
2.98 
3.00 
10.84 
11.17 
11.22 
11.08 
11.03 
10.98 
7.67 
10.10 
11.86 
11.92 
11.08 
12.16 
12.34 
12.31 
12.18 
3.34 
10.36 
12.00 
11.77 
6.54 
9.16 
7.29 
13.08 
13.17 
13.49 
13.70 
13.80 
3.73 
8.49 
3.81 
9.54 
3.88 
3.92 
10.94 
13.48 
13.11 
13.57 
4.13 
4.17 
4.21 
4.25 
7.61 
14.09 
17.05 
16.93 
17.06 
16.80 
14.89 
10.51 
17.82 
18.08 
16.51 
15.19 
15.16 
18.47 
17.26 
19.00 
19.26 
19.26 
19.38 
19.51 
19.64 
18.52 
20.46 
21.01 
21.00 
18.28 
20.97 
10.45 
20.79 
21.79 
20.01 
17.64 
9.19 
19.32 
22.56 
22.83 
22.50 
22.62 
22.13 
22.85 
23.57 
23.38 
22.42 
17.42 
22.16 
23.51 
23.62 
22.78 
22.25 
18.24 
6.61 
22.37 
23.74 
12.81 
21.20 
25.78 
26.04 
25.80 
24.60 
18.35 
26.07 
23.70 
25.74 
27.46 
27.71 
22.19 
27.87 
25.46 
27.52 
26.60 
19.85 
22.90 
26.63 
25.86 
27.26 
26.65 
23.68 
11.97 
29.17 
27.71 
28.77 
29.33 
10.10 
25.20 
24.74 
7.81 
27.87 
22.14 
7.89 
7.91 
28.03 
28.41 
27.76 
26.08 
29.70 
30.07 
29.59 
19.87 
28.45 
20.77 
27.64 
19.27 
28.37 
27.70 
30.64 
30.83 
30.50 
29.49 
13.37 
28.14 
27.12 
17.35 
8.26 
21.83 
29.39 
28.89 
24.43 
28.21 
31.31 
28.22 
24.79 
25.31 
25.13 
29.43 
28.22 
29.08 
27.19 
27.53 
9.51 
8.30 
8.30 
8.30 
27.67 
28.52 
30.39 
8.27 
27.11 
27.96 
27.94 
28.44 
29.11 
26.53 
28.39 
18.97 
27.84 
18.59 
8.15 
17.36 
16.83 
16.30 
8.09 
11.31 
25.77 
28.46 
29.11 
12.25 
7.98 
14.92 
27.45 
26.90 
7.89 
28.85 
29.32 
26.06 
18.94 
26.65 
23.91 
26.56 
20.97 
22.26 
26.74 
13.13 
17.94 
24.24 
15.02 
13.65 
7.46 
21.19 
24.12 
24.55 
7.33 
10.75 
26.66 
27.24 
27.82 
24.80 
26.68 
10.82 
25.06 
24.00 
20.86 
18.85 
24.08 
19.03 
24.39 
18.72 
21.03 
17.94 
25.76 
24.08 
24.30 
23.57 
24.10 
23.68 
21.72 
20.54 
21.83 
20.35 
6.22 
19.55 
6.13 
16.33 
23.15 
14.96 
5.94 
5.90 
18.99 
21.09 
19.65 
21.43 
19.43 
17.88 
14.75 
5.52 
5.48 
5.43 
5.38 
6.87 
17.53 
19.77 
18.96 
11.03 
19.12 
19.81 
19.41 
19.28 
18.48 
4.87 
9.81 
18.10 
18.10 
18.11 
17.98 
17.34 
8.22 
4.50 
16.72 
16.84 
15.73 
16.60 
10.62 
7.99 
10.82 
16.11 
15.99 
15.64 
15.76 
14.82 
13.21 
3.91 
9.58 
3.84 
14.28 
14.07 
14.41 
14.20 
14.20 
14.10 
3.58 
9.05 
13.59 
10.62 
10.13 
11.74 
3.40 
3.37 
3.34 
9.28 
12.08 
12.42 
12.24 
12.58 
12.41 
11.14 
11.48 
11.92 
11.66 
12.00 
11.84 
3.92 
11.65 
11.50 
11.46 
11.42 
11.19 
10.58 
2.94 
9.48 
10.50 
11.42 
11.21 
11.00 
10.80 
11.06 
10.68 
10.39 
7.38 
10.66 
10.85 
10.67 
10.86 
10.87 
10.78 
2.90 
2.90 
2.91 
2.92 
9.46 
3.88 
2.94 
2.96 
2.97 
9.41 
11.18 
11.13 
10.59 
10.05 
10.88 
3.08 
3.10 
3.12 
8.61 
8.46 
3.19 
3.21 
8.82 
3.26 
6.77 
10.02 
11.85 
11.72 
3.40 
10.50 
11.74 
3.49 
3.52 
5.40 
6.53 
3.63 
11.93 
12.80 
13.79 
14.00 
6.41 
3.84 
14.32 
15.12 
14.54 
15.24 
11.11 
5.51 
4.13 
9.10 
9.53 
16.43 
16.43 
17.17 
17.55 
15.68 
4.47 
17.06 
13.74 
16.67 
10.34 
6.26 
4.75 
4.80 
18.21 
18.20 
17.79 
18.46 
18.18 
18.44 
18.70 
5.17 
17.70 
5.27 
12.75 
19.46 
21.28 
21.27 
17.97 
21.10 
9.22 
21.50 
20.01 
17.20 
10.37 
21.40 
22.26 
22.38 
22.35 
21.11 
14.86 
23.76 
23.72 
23.84 
20.88 
18.82 
23.87 
23.20 
21.59 
24.19 
19.89 
23.13 
8.51 
22.21 
21.03 
6.73 
19.92 
20.32 
23.46 
24.35 
22.81 
22.08 
19.55 
26.64 
25.42 
21.07 
24.42 
26.64 
25.39 
7.27 
20.40 
23.44 
19.68 
24.73 
24.46 
16.33 
23.91 
24.80 
7.57 
15.83 
22.10 
25.52 
17.30 
7.71 
25.66 
12.00 
7.79 
28.34 
27.53 
27.57 
28.29 
13.87 
17.47 
18.35 
7.97 
8.00 
26.80 
27.85 
15.74 
8.07 
8.09 
8.96 
27.81 
29.03 
25.63 
26.67 
20.18 
17.97 
15.24 
27.60 
27.79 
28.31 
25.24 
29.37 
25.43 
31.10 
29.57 
22.88 
8.29 
27.53 
30.11 
27.53 
30.80 
29.08 
11.23 
8.31 
18.61 
13.46 
27.88 
24.44 
24.44 
27.52 
28.88 
17.90 
15.32 
8.97 
8.28 
8.27 
8.26 
25.90 
25.37 
27.76 
26.37 
16.77 
8.21 
8.19 
24.76 
8.17 
19.09 
8.14 
11.71 
9.64 
13.89 
8.08 
12.83 
24.38 
24.86 
24.83 
20.04 
7.96 
8.79 
11.31 
14.67 
7.87 
17.99 
7.82 
7.80 
19.24 
24.08 
12.09 
11.05 
7.67 
17.02 
22.67 
16.10 
10.05 
18.35 
19.30 
7.46 
7.43 
7.39 
24.72 
25.81 
20.47 
25.34 
25.60 
17.01 
7.15 
7.12 
21.72 
19.21 
12.02 
6.97 
21.10 
6.89 
9.89 
6.81 
12.67 
20.08 
23.48 
10.75 
7.71 
25.24 
24.98 
22.07 
18.40 
24.82 
24.40 
22.91 
21.73 
20.86 
7.39 
19.75 
6.08 
20.75 
20.64 
21.73 
18.65 
18.40 
20.35 
17.02 
20.56 
5.66 
21.34 
12.60 
18.09 
19.12 
20.27 
15.37 
17.78 
12.66 
18.39 
17.03 
18.01 
16.81 
7.62 
11.20 
12.05 
17.55 
17.82 
4.82 
4.77 
4.73 
5.97 
12.97 
4.59 
10.12 
4.50 
4.46 
14.98 
15.73 
4.32 
15.50 
14.17 
4.20 
14.20 
13.74 
14.10 
15.29 
14.82 
8.93 
13.46 
14.04 
13.94 
14.17 
13.96 
13.74 
13.42 
11.90 
12.57 
12.92 
12.83 
12.95 
12.76 
11.40 
3.42 
3.40 
3.37 
3.34 
9.18 
3.28 
3.26 
3.23 
3.21 
3.18 
8.95 
9.49 
10.43 
3.10 
3.08 
11.36 
11.40 
8.16 
11.31 
2.99 
8.73 
2.97 
8.58 
9.51 
4.55 
2.92 
7.73 
9.98 
10.15 
10.61 
10.41 
10.58 
10.39 
7.48 
8.51 
8.32 
2.88 
2.88 
2.89 
2.89 
8.26 
10.81 
4.04 
2.92 
2.92 
5.40 
2.94 
2.96 
3.73 
6.34 
11.18 
10.84 
11.08 
11.12 
3.06 
8.38 
10.79 
11.24 
3.14 
3.16 
8.91 
11.49 
11.66 
10.91 
3.29 
9.50 
11.74 
11.40 
3.40 
3.43 
12.38 
11.51 
12.56 
12.32 
13.28 
13.38 
13.48 
13.57 
13.45 
12.99 
10.71 
12.96 
3.88 
6.23 
11.98 
15.24 
15.00 
13.45 
9.02 
15.70 
12.56 
11.68 
4.30 
15.20 
15.19 
11.43 
4.47 
11.86 
14.12 
10.00 
6.72 
6.39 
4.75 
4.80 
4.84 
4.89 
4.94 
4.98 
19.67 
19.80 
19.93 
19.65 
13.54 
20.19 
20.60 
17.35 
18.31 
10.02 
5.51 
5.56 
18.77 
5.65 
5.70 
8.10 
16.12 
16.66 
5.89 
18.79 
23.10 
23.22 
23.19 
22.54 
19.14 
6.21 
21.49 
21.60 
24.49 
24.44 
21.74 
16.20 
24.77 
25.03 
25.76 
25.23 
21.99 
18.40 
17.51 
24.33 
22.97 
23.22 
26.06 
26.47 
24.44 
20.11 
22.96 
23.69 
25.08 
14.45 
26.05 
27.61 
23.71 
26.60 
26.17 
26.07 
22.79 
27.53 
26.25 
26.31 
27.04 
27.94 
28.67 
27.37 
16.79 
27.98 
27.35 
15.89 
29.82 
29.36 
29.06 
18.40 
28.97 
30.04 
30.58 
30.62 
23.32 
9.53 
8.01 
8.03 
26.85 
28.93 
29.64 
27.10 
29.87 
29.55 
20.66 
8.16 
14.86 
23.28 
25.18 
26.06 
26.41 
29.00 
29.18 
27.14 
29.03 
28.70 
23.39 
8.28 
24.77 
29.41 
30.11 
24.10 
28.74 
16.21 
8.31 
8.31 
22.56 
11.40 
13.97 
26.84 
29.24 
28.55 
10.36 
26.65 
8.29 
8.28 
23.36 
29.18 
27.46 
26.76 
29.31 
25.70 
28.43 
8.22 
17.27 
31.11 
28.69 
30.04 
16.87 
22.82 
14.61 
28.41 
23.27 
11.65 
26.45 
23.70 
27.24 
24.32 
23.10 
25.61 
26.94 
11.82 
24.15 
17.01 
9.03 
16.10 
14.04 
25.14 
22.06 
28.58 
25.50 
9.85 
13.34 
17.99 
21.95 
23.57 
7.52 
26.29 
27.06 
28.00 
24.62 
26.21 
12.77 
25.08 
26.00 
27.08 
26.18 
23.65 
26.52 
27.41 
23.27 
7.00 
6.97 
18.85 
18.62 
15.98 
19.27 
20.63 
24.53 
15.56 
9.49 
25.50 
25.24 
22.79 
23.32 
24.62 
24.35 
24.09 
22.60 
20.35 
6.22 
9.06 
18.69 
16.18 
10.09 
19.45 
22.62 
22.65 
22.53 
22.26 
17.75 
19.25 
19.86 
5.62 
5.57 
9.95 
5.48 
5.43 
5.38 
15.83 
9.32 
5.24 
5.19 
5.15 
7.14 
14.93 
6.49 
6.43 
4.91 
8.17 
15.86 
18.88 
18.36 
18.49 
12.72 
15.94 
17.98 
17.47 
17.47 
15.10 
12.15 
8.87 
8.92 
10.30 
4.20 
15.87 
15.99 
15.05 
14.82 
15.17 
15.18 
15.18 
13.81 
13.48 
10.68 
8.69 
10.63 
10.66 
11.46 
12.57 
5.10 
7.43 
3.52 
3.49 
12.67 
12.06 
12.19 
12.42 
12.55 
10.92 
3.28 
11.30 
11.43 
3.21 
12.51 
11.74 
11.68 
11.62 
11.27 
5.53 
11.36 
11.60 
11.36 
11.12 
10.69 
11.13 
10.42 
2.95 
2.94 
6.25 
7.94 
10.85 
10.83 
11.00 
10.42 
10.12 
10.58 
6.07 
2.88 
2.88 
4.10 
6.91 
9.92 
2.89 
3.83 
2.90 
8.08 
10.93 
11.23 
11.17 
11.38 
11.41 
11.07 
10.24 
10.18 
3.00 
9.00 
3.03 
11.03 
7.26 
10.34 
10.59 
9.06 
11.30 
5.46 
9.71 
3.21 
3.23 
3.26 
4.82 
8.99 
3.34 
12.55 
12.42 
6.70 
12.70 
11.93 
8.15 
13.19 
13.39 
13.49 
12.70 
13.46 
13.79 
13.67 
12.75 
14.33 
13.75 
14.66 
14.54 
14.65 
15.12 
15.11 
15.47 
15.70 
15.82 
16.07 
13.25 
11.62 
15.44 
15.68 
16.55 
14.14 
16.93 
7.95 
12.01 
18.08 
18.47 
18.34 
18.87 
4.89 
17.53 
19.26 
19.26 
18.57 
19.52 
19.93 
13.13 
14.33 
20.32 
17.91 
5.41 
21.27 
16.96 
21.24 
20.94 
20.77 
9.50 
21.16 
6.97 
13.69 
16.01 
23.13 
22.50 
22.62 
23.19 
23.76 
6.17 
6.21 
22.42 
21.29 
17.36 
22.89 
24.24 
24.66 
21.93 
19.35 
21.49 
8.87 
18.48 
18.24 
6.78 
16.30 
24.91 
24.03 
25.25 
24.84 
25.25 
21.91 
16.09 
7.13 
7.16 
19.55 
26.38 
24.30 
26.03 
26.43 
26.83 
26.90 
26.80 
26.36 
20.56 
11.89 
7.57 
28.27 
27.82 
27.71 
11.23 
27.98 
7.74 
28.59 
18.63 
19.52 
28.89 
26.22 
22.00 
14.89 
15.09 
27.89 
25.03 
27.96 
28.50 
28.36 
27.54 
22.09 
28.10 
28.81 
23.70 
30.40 
27.68 
31.30 
29.78 
30.14 
29.13 
8.22 
28.64 
21.62 
14.08 
29.54 
25.77 
25.27 
28.36 
30.43 
27.52 
8.29 
8.30 
26.33 
8.31 
16.38 
23.07 
23.25 
25.82 
27.19 
27.70 
26.84 
23.58 
8.30 
26.31 
21.16 
14.46 
8.97 
25.76 
15.98 
19.40 
27.44 
25.54 
12.18 
30.82 
18.83 
13.68 
26.49 
27.50 
23.89 
29.85 
30.85 
8.12 
17.83 
22.75 
13.70 
9.93 
21.49 
26.56 
28.91 
27.52 
25.44 
29.31 
26.73 
27.54 
26.48 
23.06 
12.05 
16.24 
11.99 
14.15 
29.42 
29.53 
27.63 
27.41 
21.67 
20.12 
26.91 
26.69 
23.80 
7.46 
7.43 
7.39 
7.36 
22.01 
28.21 
21.23 
21.83 
24.54 
23.16 
11.52 
27.25 
27.17 
26.11 
22.31 
18.69 
16.53 
20.79 
14.00 
6.77 
25.00 
26.33 
23.39 
23.61 
22.10 
24.04 
20.04 
12.03 
15.37 
6.35 
21.52 
23.41 
24.22 
23.65 
22.17 
22.37 
21.95 
21.54 
15.92 
5.90 
20.91 
11.83 
15.70 
5.71 
5.66 
13.40 
18.63 
7.81 
5.48 
16.60 
15.65 
19.60 
20.31 
15.76 
5.19 
5.15 
18.98 
18.05 
16.98 
16.87 
17.42 
18.09 
17.44 
14.83 
15.25 
17.20 
17.34 
16.32 
7.71 
16.21 
4.46 
4.41 
4.37 
16.84 
15.74 
15.87 
15.99 
16.47 
9.70 
4.07 
14.70 
15.06 
14.71 
14.60 
14.50 
14.28 
14.28 
14.52 
14.52 
3.69 
13.87 
13.56 
12.38 
7.22 
7.38 
6.04 
10.76 
12.48 
13.34 
13.25 
12.86 
12.98 
13.01 
11.60 
3.23 
12.07 
11.91 
9.25 
12.18 
11.72 
11.96 
11.90 
11.84 
11.31 
8.26 
11.41 
11.65 
11.61 
11.38 
11.06 
9.22 
4.17 
6.81 
2.92 
10.26 
11.38 
11.27 
10.22 
11.24 
11.14 
10.76 
4.66 
10.57 
11.23 
11.23 
10.21 
11.16 
10.52 
10.34 
7.53 
11.23 
11.35 
11.38 
11.38 
11.03 
7.92 
8.52 
10.28 
10.60 
11.03 
10.01 
11.90 
11.86 
12.11 
12.07 
11.73 
12.29 
12.26 
10.92 
5.83 
12.27 
10.40 
3.29 
12.49 
9.67 
12.86 
13.05 
13.14 
13.44 
13.32 
12.66 
13.29 
3.59 
3.63 
9.39 
3.70 
13.00 
13.78 
13.99 
3.84 
12.03 
3.92 
11.40 
15.12 
15.00 
4.08 
9.50 
14.02 
15.34 
11.93 
4.30 
4.34 
11.09 
16.56 
12.90 
16.17 
13.36 
4.61 
16.40 
11.59 
10.76 
6.24 
17.68 
9.28 
15.65 
4.98 
16.01 
20.07 
18.29 
19.24 
18.81 
18.52 
17.37 
5.37 
20.15 
20.70 
17.25 
20.96 
20.36 
21.35 
21.91 
21.60 
9.19 
21.69 
18.84 
18.19 
22.50 
22.77 
21.67 
22.54 
22.05 
20.77 
17.65 
23.76 
20.15 
23.51 
21.90 
24.35 
25.08 
24.87 
24.66 
24.76 
20.87 
20.00 
22.80 
22.57 
20.07 
19.99 
25.73 
25.01 
17.44 
7.05 
23.62 
27.30 
22.28 
7.20 
22.92 
27.45 
27.35 
27.43 
26.66 
25.07 
23.63 
13.82 
25.75 
27.82 
27.38 
25.58 
27.32 
26.70 
26.58 
12.10 
7.74 
7.76 
27.11 
26.30 
7.84 
7.86 
25.74 
30.04 
29.90 
29.60 
29.80 
19.26 
30.55 
30.59 
30.96 
30.47 
29.82 
22.82 
8.12 
29.89 
30.94 
30.96 
30.98 
30.83 
26.04 
29.66 
30.19 
12.70 
25.75 
14.43 
22.34 
31.96 
29.39 
29.06 
29.41 
29.93 
25.13 
8.30 
13.46 
17.24 
15.35 
30.28 
28.74 
31.65 
29.59 
31.30 
27.70 
27.18 
18.42 
30.76 
31.78 
31.77 
31.25 
31.75 
31.05 
30.70 
19.04 
24.16 
28.25 
8.22 
27.88 
20.16 
24.08 
27.48 
13.62 
29.14 
27.75 
8.11 
8.09 
28.18 
28.32 
19.27 
22.65 
22.28 
7.98 
18.99 
23.88 
27.92 
11.96 
21.07 
19.17 
19.65 
7.80 
12.83 
15.49 
15.46 
7.69 
7.67 
7.64 
7.61 
11.26 
20.57 
16.52 
23.13 
25.57 
27.66 
27.10 
23.73 
12.77 
7.29 
7.26 
9.52 
26.84 
7.15 
8.91 
22.53 
9.48 
7.00 
14.72 
24.65 
23.44 
15.82 
25.83 
25.25 
22.46 
10.97 
19.12 
6.61 
6.56 
6.52 
6.48 
6.44 
24.82 
11.44 
20.91 
24.03 
23.46 
18.48 
17.03 
20.40 
20.90 
18.10 
9.07 
16.13 
22.68 
21.23 
20.38 
19.11 
18.42 
19.61 
6.43 
11.95 
5.48 
18.01 
18.88 
20.72 
20.59 
20.33 
20.33 
17.47 
16.12 
11.01 
10.93 
13.52 
8.50 
14.12 
18.62 
18.10 
17.19 
17.46 
18.23 
13.51 
17.47 
15.71 
17.22 
17.09 
15.98 
16.11 
5.14 
12.96 
14.19 
13.72 
11.36 
4.07 
12.83 
3.99 
14.71 
14.26 
14.38 
12.46 
12.93 
3.76 
3.72 
3.69 
3.65 
4.49 
4.89 
3.55 
11.02 
12.97 
12.46 
13.32 
11.77 
12.21 
11.82 
11.85 
11.98 
7.63 
3.23 
3.21 
3.18 
10.54 
3.14 
11.03 
7.03 
3.08 
7.84 
11.60 
3.03 
11.41 
11.27 
2.98 
2.97 
2.95 
2.94 
2.93 
9.65 
10.47 
2.91 
7.61 
8.07 
9.37 
11.33 
11.14 
11.13 
11.13 
10.94 
8.13 
2.88 
10.21 
9.94 
10.89 
10.63 
10.83 
10.67 
10.88 
10.81 
2.94 
2.96 
10.91 
10.95 
8.97 
10.93 
10.11 
6.35 
7.46 
10.24 
10.79 
11.54 
11.50 
12.06 
11.82 
8.26 
8.21 
3.26 
3.29 
12.18 
12.57 
12.65 
12.00 
12.82 
12.49 
12.15 
12.13 
13.19 
12.52 
13.05 
12.81 
13.02 
13.23 
12.09 
3.81 
3.84 
3.88 
3.92 
3.96 
4.70 
4.04 
14.99 
14.63 
7.53 
15.34 
14.00 
15.57 
16.31 
16.06 
15.43 
16.43 
14.65 
12.72 
4.61 
8.27 
12.63 
7.89 
4.80 
4.84 
16.74 
4.94 
15.22 
15.47 
18.57 
9.24 
5.17 
19.92 
19.91 
17.37 
17.06 
12.50 
5.46 
16.96 
20.67 
19.64 
10.60 
5.70 
13.23 
17.59 
11.47 
19.28 
5.94 
20.40 
22.01 
21.98 
22.39 
6.17 
6.21 
8.87 
23.45 
23.56 
22.58 
22.05 
18.55 
24.45 
23.45 
21.33 
6.65 
18.00 
6.73 
15.91 
26.42 
21.68 
19.82 
24.27 
6.98 
21.83 
7.05 
7.09 
7.13 
21.13 
27.62 
26.88 
17.69 
21.56 
24.44 
28.66 
28.56 
28.30 
28.20 
28.26 
19.94 
12.10 
22.89 
29.84 
27.88 
26.41 
21.56 
29.05 
29.26 
28.29 
25.29 
12.25 
29.10 
7.89 
7.91 
27.18 
29.60 
29.63 
26.25 
26.11 
29.56 
29.93 
30.99 
22.46 
8.10 
24.90 
26.98 
30.08 
24.27 
18.12 
8.19 
20.55 
29.49 
27.79 
30.03 
28.15 
21.99 
18.05 
19.94 
27.16 
30.43 
22.03 
25.46 
26.67 
30.11 
8.31 
15.52 
27.88 
28.40 
23.76 
16.89 
28.39 
29.59 
8.31 
27.35 
28.37 
27.51 
30.41 
8.28 
8.28 
30.38 
30.88 
28.98 
25.37 
30.67 
8.23 
27.21 
8.21 
8.19 
18.44 
12.27 
8.15 
8.14 
8.12 
27.55 
13.21 
23.24 
8.06 
27.78 
25.03 
26.70 
27.18 
16.79 
24.56 
23.68 
20.43 
26.48 
27.63 
20.83 
14.55 
7.77 
26.10 
7.72 
7.69 
24.45 
17.53 
25.69 
7.58 
7.55 
8.19 
7.49 
18.42 
7.43 
17.00 
26.87 
27.29 
19.81 
7.26 
7.22 
7.19 
7.15 
22.93 
7.08 
20.84 
22.22 
20.86 
15.30 
24.72 
24.48 
24.07 
10.12 
12.93 
6.69 
18.34 
14.79 
6.56 
12.62 
6.48 
22.29 
6.39 
23.01 
22.60 
23.41 
23.00 
13.01 
6.13 
6.08 
6.04 
5.99 
5.94 
5.90 
5.85 
21.97 
21.85 
16.34 
19.72 
10.67 
17.34 
20.37 
18.97 
19.00 
5.38 
17.23 
20.31 
19.91 
19.51 
19.38 
19.12 
18.59 
12.54 
4.96 
17.02 
15.71 
17.31 
17.71 
16.94 
16.94 
6.95 
4.59 
4.55 
4.50 
4.46 
4.41 
4.37 
4.32 
16.60 
14.42 
15.27 
15.75 
15.40 
14.22 
14.35 
11.80 
12.52 
14.26 
13.81 
13.71 
13.61 
12.05 
13.74 
8.22 
12.99 
11.81 
12.92 
13.47 
6.52 
12.44 
12.14 
11.85 
8.63 
11.90 
11.72 
9.59 
11.47 
12.01 
11.23 
12.07 
10.00 
11.14 
11.98 
10.73 
3.10 
3.08 
9.21 
11.21 
11.16 
10.92 
10.88 
11.04 
10.52 
10.39 
10.36 
10.33 
9.08 
2.92 
5.74 
10.15 
10.04 
10.12 
9.74 
10.11 
9.54 
9.91 
8.79 
2.88 
10.30 
7.49 
10.88 
10.61 
11.10 
10.08 
11.14 
11.64 
11.38 
10.56 
10.40 
10.53 
11.52 
11.76 
10.06 
7.10 
11.90 
9.61 
11.91 
11.67 
11.83 
11.20 
12.16 
12.02 
11.29 
11.56 
12.54 
11.80 
11.56 
7.49 
12.86 
12.95 
11.98 
11.32 
3.49 
3.52 
13.94 
14.04 
13.93 
13.14 
12.24 
14.12 
12.88 
10.03 
14.33 
3.88 
9.00 
13.73 
4.00 
15.23 
9.78 
8.18 
14.02 
15.46 
4.25 
10.55 
13.35 
4.38 
11.56 
14.04 
4.52 
14.00 
13.08 
4.66 
4.70 
4.75 
4.80 
15.43 
19.40 
19.00 
18.46 
17.36 
20.07 
20.21 
19.93 
20.06 
20.19 
19.90 
19.60 
20.29 
5.46 
21.12 
21.10 
19.49 
14.37 
5.70 
9.42 
21.87 
21.99 
19.88 
22.53 
22.35 
22.62 
22.43 
22.85 
23.11 
23.23 
21.18 
6.30 
13.32 
24.29 
24.08 
19.33 
17.53 
19.66 
24.02 
23.17 
19.28 
25.27 
25.37 
23.53 
23.94 
25.00 
24.92 
26.47 
27.21 
25.34 
22.47 
7.13 
14.07 
21.36 
28.20 
18.52 
24.54 
28.59 
25.33 
17.40 
25.63 
27.03 
26.42 
26.48 
18.31 
20.04 
26.81 
25.69 
7.68 
7.71 
9.43 
27.06 
29.82 
29.36 
29.23 
24.86 
28.80 
16.25 
25.30 
25.51 
7.97 
25.57 
28.50 
29.90 
19.33 
29.10 
25.20 
26.25 
28.15 
17.73 
25.46 
28.56 
29.26 
28.08 
28.44 
22.80 
26.58 
18.70 
25.58 
29.71 
13.41 
24.58 
20.64 
31.98 
30.78 
24.78 
25.47 
8.30 
8.31 
27.02 
27.02 
27.71 
26.34 
8.31 
9.85 
8.31 
27.52 
28.55 
27.17 
21.33 
8.29 
14.97 
14.28 
8.27 
16.83 
28.98 
26.23 
8.24 
23.46 
30.12 
30.27 
18.97 
27.67 
25.26 
27.80 
14.46 
8.12 
23.80 
8.09 
8.08 
12.14 
9.74 
8.02 
9.70 
24.97 
20.01 
7.94 
26.39 
7.89 
7.87 
7.85 
25.56 
24.67 
11.14 
7.75 
24.04 
21.30 
9.34 
7.64 
9.95 
19.45 
23.07 
7.52 
7.49 
20.09 
22.02 
11.04 
7.36 
8.32 
16.02 
7.26 
10.67 
24.05 
22.67 
23.91 
21.07 
23.92 
7.00 
6.97 
9.99 
20.22 
22.39 
14.48 
13.46 
8.64 
13.82 
6.65 
22.51 
22.10 
18.57 
8.66 
17.47 
10.73 
6.35 
6.30 
6.26 
6.22 
12.10 
15.51 
6.08 
9.49 
5.99 
22.77 
19.83 
22.23 
22.11 
21.70 
21.29 
21.02 
19.89 
18.77 
6.67 
5.48 
6.70 
16.21 
18.90 
18.78 
5.24 
15.93 
19.38 
18.30 
7.08 
5.01 
4.96 
15.55 
4.87 
16.26 
16.92 
17.84 
17.98 
18.11 
17.08 
10.75 
5.76 
6.96 
5.41 
4.37 
16.11 
17.08 
4.24 
12.98 
9.30 
12.55 
4.07 
4.03 
9.93 
7.89 
3.91 
3.87 
3.84 
3.80 
3.76 
3.72 
13.31 
13.21 
6.46 
3.58 
12.72 
12.63 
7.43 
3.46 
3.42 
6.74 
12.32 
12.44 
10.82 
3.28 
12.01 
10.12 
10.66 
3.18 
7.25 
3.14 
3.12 
7.13 
9.55 
3.06 
3.04 
3.03 
3.01 
2.99 
2.98 
11.38 
10.11 
11.31 
11.00 
10.12 
8.58 
10.83 
10.34 
10.89 
10.97 
11.05 
7.11 
2.88 
10.10 
10.38 
10.38 
10.76 
11.05 
8.06 
7.98 
2.90 
2.91 
2.92 
2.92 
8.44 
2.94 
11.07 
11.10 
11.14 
11.18 
3.01 
3.03 
3.04 
3.06 
11.03 
11.48 
11.34 
8.71 
3.16 
3.19 
3.21 
3.23 
3.26 
3.29 
6.51 
11.95 
12.13 
12.63 
12.82 
12.70 
12.47 
6.00 
5.29 
11.43 
8.23 
13.81 
13.69 
13.34 
9.73 
6.98 
12.85 
14.44 
14.78 
13.61 
15.24 
15.23 
4.08 
5.44 
7.77 
13.04 
15.82 
16.80 
16.68 
16.93 
16.81 
15.80 
4.52 
16.80 
4.61 
14.08 
17.56 
17.17 
16.63 
4.84 
4.89 
4.94 
4.98 
16.82 
5.08 
18.70 
17.72 
13.82 
17.12 
17.23 
20.73 
20.01 
18.28 
19.97 
5.56 
5.61 
14.37 
11.54 
5.75 
13.46 
16.66 
5.89 
21.18 
22.65 
23.22 
22.73 
22.85 
19.60 
20.93 
22.26 
23.29 
19.99 
6.39 
24.55 
24.82 
24.29 
24.87 
24.97 
24.91 
20.87 
12.01 
22.00 
19.19 
25.71 
24.35 
22.00 
23.38 
23.62 
18.64 
7.09 
7.13 
7.16 
18.73 
11.69 
7.27 
25.70 
25.60 
13.86 
20.90 
19.45 
22.35 
10.85 
24.47 
26.03 
25.92 
26.31 
26.19 
14.60 
26.46 
22.62 
18.60 
7.79 
7.81 
17.01 
25.20 
25.40 
26.80 
27.86 
21.42 
26.73 
12.09 
11.60 
19.48 
23.78 
27.57 
23.66 
29.50 
28.32 
26.98 
13.12 
29.76 
20.35 
8.19 
8.20 
8.22 
28.47 
28.48 
8.25 
8.25 
19.42 
27.50 
19.44 
29.92 
29.41 
15.85 
28.04 
30.80 
30.11 
27.88 
28.22 
26.51 
23.59 
20.50 
8.31 
8.31 
8.31 
8.30 
8.30 
22.53 
8.29 
8.28 
26.11 
26.44 
26.43 
27.10 
8.25 
8.24 
11.65 
14.21 
8.21 
8.19 
9.04 
28.16 
24.55 
15.31 
8.12 
24.14 
27.36 
27.16 
20.66 
8.04 
8.02 
8.00 
19.87 
26.12 
19.47 
7.92 
7.89 
7.87 
7.85 
24.04 
9.66 
7.77 
7.75 
21.51 
11.89 
21.43 
7.64 
18.49 
22.29 
7.55 
17.52 
26.79 
7.46 
7.43 
12.20 
7.36 
26.80 
26.73 
7.26 
7.22 
18.49 
7.15 
19.18 
25.79 
25.70 
24.17 
24.41 
13.21 
6.89 
6.85 
24.07 
20.63 
15.47 
6.69 
6.65 
23.45 
24.46 
6.52 
6.48 
9.54 
7.79 
20.85 
16.14 
6.26 
19.64 
23.65 
23.54 
23.42 
22.25 
21.69 
21.43 
11.98 
19.43 
5.80 
5.76 
17.50 
14.94 
5.62 
19.49 
12.66 
20.54 
20.27 
20.71 
20.30 
20.59 
19.22 
13.04 
18.15 
18.44 
17.23 
5.01 
17.67 
19.01 
18.62 
18.23 
17.58 
16.81 
7.91 
9.64 
17.47 
15.44 
15.58 
13.59 
4.41 
15.98 
15.00 
15.62 
15.51 
9.25 
8.94 
14.92 
11.74 
15.29 
15.29 
14.60 
13.92 
3.87 
3.84 
14.17 
13.73 
8.84 
12.20 
3.65 
3.62 
13.03 
12.93 
12.95 
12.65 
11.61 
8.16 
12.08 
8.57 
12.13 
4.13 
9.32 
3.26 
12.04 
11.47 
3.18 
10.64 
11.68 
11.42 
11.37 
11.31 
3.94 
3.04 
9.32 
7.64 
10.50 
6.62 
9.56 
11.35 
10.84 
10.43 
2.92 
2.92 
2.91 
2.90 
2.90 
2.89 
6.83 
10.58 
2.88 
2.88 
2.88 
10.67 
10.95 
10.59 
10.50 
8.16 
2.90 
2.91 
10.19 
10.98 
11.00 
10.43 
10.84 
10.88 
10.34 
8.74 
6.65 
3.01 
4.97 
7.52 
3.06 
3.08 
3.10 
3.12 
3.14 
6.16 
3.19 
7.55 
11.35 
3.26 
3.29 
3.31 
3.34 
3.37 
9.59 
11.98 
12.17 
3.49 
3.52 
3.56 
3.59 
3.63 
10.06 
13.35 
3.73 
13.89 
7.88 
3.84 
13.98 
13.85 
13.96 
4.00 
4.04 
11.56 
10.93 
6.69 
14.98 
4.25 
5.52 
9.03 
14.07 
14.06 
4.47 
10.09 
15.91 
4.61 
4.66 
10.94 
5.79 
4.80 
15.69 
10.21 
17.53 
18.19 
17.91 
6.17 
16.23 
17.86 
5.22 
19.49 
8.68 
5.37 
16.18 
10.02 
5.51 
8.58 
13.56 
17.28 
17.53 
14.41 
17.44 
20.66 
5.89 
21.18 
20.25 
19.60 
19.70 
20.87 
6.17 
19.24 
15.64 
18.04 
21.39 
21.49 
19.40 
6.48 
23.82 
22.98 
19.59 
24.60 
24.38 
24.95 
24.40 
19.67 
24.42 
23.22 
22.17 
13.80 
19.72 
7.05 
15.60 
15.82 
14.56 
7.20 
21.10 
26.95 
26.03 
14.98 
14.03 
26.23 
26.80 
23.52 
7.50 
23.96 
25.36 
24.91 
25.13 
7.65 
7.68 
11.26 
26.34 
26.89 
24.91 
10.70 
26.18 
25.88 
24.89 
7.91 
19.51 
25.68 
28.44 
21.31 
13.31 
8.03 
8.05 
8.07 
8.09 
8.10 
8.12 
28.69 
28.54 
26.33 
19.84 
8.19 
16.61 
18.85 
8.23 
8.24 
8.25 
8.25 
8.26 
8.27 
27.51 
27.17 
27.18 
28.38 
16.71 
8.30 
8.31 
11.74 
8.31 
8.31 
8.31 
8.31 
13.29 
8.31 
8.31 
27.69 
27.86 
27.68 
16.18 
12.40 
8.28 
27.64 
25.74 
16.99 
26.92 
26.90 
26.03 
13.01 
8.21 
8.19 
8.18 
8.17 
8.15 
8.14 
8.12 
26.87 
26.85 
8.08 
10.10 
25.40 
25.37 
15.48 
21.57 
26.63 
7.94 
7.92 
7.89 
21.41 
7.85 
27.08 
22.48 
9.12 
24.42 
26.56 
7.69 
11.53 
9.48 
7.61 
12.93 
14.39 
24.85 
12.65 
13.44 
25.18 
23.13 
7.36 
19.21 
24.92 
24.85 
25.60 
26.18 
15.98 
7.12 
13.10 
18.89 
22.22 
22.47 
11.76 
6.89 
23.68 
21.99 
23.50 
23.57 
19.36 
22.92 
9.12 
21.63 
17.78 
6.48 
6.44 
6.39 
16.38 
12.76 
16.68 
16.44 
9.82 
18.99 
6.08 
9.19 
19.75 
5.94 
5.90 
5.85 
5.80 
5.76 
20.56 
21.31 
21.34 
17.05 
17.23 
10.17 
5.43 
9.04 
17.50 
17.81 
17.56 
17.44 
17.47 
5.10 
17.10 
5.01 
17.13 
18.08 
8.30 
4.82 
4.77 
17.58 
17.07 
17.08 
14.66 
9.74 
16.21 
15.22 
15.10 
15.36 
15.86 
15.62 
15.26 
14.91 
4.15 
14.33 
13.51 
5.91 
3.99 
3.95 
14.60 
13.81 
13.71 
13.95 
14.07 
12.07 
3.69 
13.43 
13.34 
13.03 
6.79 
11.88 
12.76 
13.09 
12.79 
12.29 
12.21 
12.13 
11.95 
11.37 
3.26 
3.94 
12.38 
12.31 
12.14 
12.08 
11.92 
11.37 
11.31 
10.67 
10.53 
10.58 
10.73 
10.31 
2.98 
2.97 
10.87 
10.93 
11.00 
10.88 
11.04 
10.64 
10.62 
8.63 
2.89 
9.93 
8.42 
2.88 
8.13 
10.57 
4.76 
2.88 
2.89 
10.78 
10.52 
10.81 
10.83 
10.95 
10.98 
11.00 
10.75 
9.73 
11.01 
11.04 
3.00 
3.01 
9.43 
11.22 
11.27 
3.08 
11.58 
11.63 
3.14 
3.16 
3.19 
3.21 
6.58 
4.28 
12.11 
12.39 
12.47 
12.55 
3.40 
11.56 
12.91 
8.73 
12.88 
12.97 
13.06 
3.63 
3.66 
5.36 
13.45 
12.43 
8.56 
3.84 
3.88 
6.92 
15.00 
13.83 
14.76 
9.30 
10.45 
14.02 
6.39 
4.25 
12.76 
14.71 
11.84 
11.31 
4.47 
15.16 
4.56 
4.61 
4.66 
11.59 
13.51 
8.74 
16.75 
16.87 
4.94 
17.11 
11.27 
18.57 
5.13 
7.93 
17.84 
16.42 
16.53 
13.40 
19.73 
20.70 
20.40 
19.37 
5.61 
11.76 
11.10 
21.60 
21.72 
21.69 
21.66 
19.54 
8.69 
18.85 
19.10 
12.36 
20.82 
18.94 
6.26 
22.21 
6.35 
21.80 
21.90 
23.41 
21.46 
23.13 
23.23 
22.37 
6.69 
6.73 
19.92 
21.60 
23.30 
9.48 
17.63 
6.98 
7.01 
7.05 
19.69 
18.28 
24.09 
24.00 
24.40 
23.64 
7.31 
24.77 
24.34 
25.07 
25.13 
19.17 
27.09 
24.47 
27.21 
27.77 
25.47 
27.20 
22.70 
11.26 
7.74 
9.12 
28.13 
19.69 
19.72 
26.56 
27.10 
25.78 
26.16 
17.50 
25.71 
25.23 
27.14 
25.29 
11.64 
17.65 
29.99 
27.27 
30.38 
29.55 
28.88 
9.19 
8.18 
9.91 
26.04 
21.77 
27.10 
14.93 
25.24 
17.87 
28.52 
28.01 
17.38 
28.20 
25.29 
25.46 
20.49 
8.30 
8.31 
8.31 
8.31 
17.58 
23.76 
8.31 
27.02 
15.34 
8.31 
28.55 
29.06 
28.53 
19.78 
28.00 
8.28 
8.27 
8.26 
8.26 
12.36 
24.16 
8.23 
8.22 
8.21 
18.62 
26.81 
21.50 
28.65 
27.94 
25.87 
8.11 
8.09 
21.71 
25.26 
26.76 
17.04 
8.00 
17.32 
7.96 
16.42 
27.75 
26.52 
25.30 
7.85 
11.71 
11.85 
9.97 
15.16 
7.72 
7.69 
7.67 
7.64 
22.67 
24.29 
15.56 
27.02 
26.63 
25.90 
7.43 
25.78 
27.53 
7.33 
7.29 
15.48 
25.93 
25.85 
25.94 
7.12 
7.08 
18.89 
24.65 
24.57 
22.23 
6.89 
6.85 
6.81 
6.77 
9.59 
6.69 
23.55 
24.56 
23.67 
6.52 
11.31 
19.95 
17.85 
22.24 
6.30 
6.26 
18.88 
6.17 
10.36 
6.08 
6.04 
19.00 
15.03 
7.82 
5.85 
5.80 
5.76 
14.16 
6.68 
12.83 
15.47 
5.52 
13.86 
8.96 
5.38 
12.33 
18.09 
5.24 
16.89 
18.42 
17.35 
16.96 
5.01 
14.86 
4.91 
4.87 
18.10 
17.19 
17.06 
17.46 
17.08 
15.55 
4.55 
4.50 
9.71 
4.41 
4.37 
4.32 
4.28 
15.14 
15.27 
13.48 
4.11 
4.07 
4.03 
3.99 
15.29 
15.29 
14.73 
14.39 
13.49 
3.76 
12.63 
11.43 
10.91 
10.94 
13.57 
13.37 
12.42 
3.49 
11.93 
12.48 
12.19 
3.37 
3.34 
3.31 
10.14 
3.26 
7.38 
3.21 
3.18 
3.16 
3.64 
3.12 
8.51 
11.41 
11.36 
11.31 
11.26 
11.31 
10.21 
11.13 
9.85 
2.95 
10.27 
10.71 
10.88 
10.85 
10.45 
8.08 
10.70 
10.88 
9.74 
6.45 
10.76 
10.94 
10.47 
10.48 
10.67 
10.87 
10.78 
10.80 
6.10 
10.83 
10.95 
10.98 
