20050101
-10.9,-22
-4.7,-19
-4.8,-13.1
-5.5,-22.7
-6.4,-20
-4.7,-14.5
-5.8,-24.1
-5.9,-18
-7,-23.2
-3.8,-21.3
-5.3,-22
-4.7,-22.3
-5,-21.7
-5.4,-20
-5.6,-20.3
-2.1,-21
-3.3,-17
-3.3,-16.4
-2.8,-17.3
-3.3,-19.5
-1,-18
-0.3,-17.3
-0.7,-11.5
-3.7,-15.9
-2.1,-11.5
0.8,-14.4
3.3,-14.7
-2.3,-11.6
-8.5,-18.9
-5.3,-14.7
-8.1,-16.1
-7.2,-20.3
-5.8,-21.3
-4.6,-13.4
-6.5,-15.1
-9.5,-17.2
-8.5,-14
-9.5,-14.3
-8.3,-20
-8.5,-19.6
-8.9,-23.8
-6.2,-24.9
-0.4,-21
4.9,-17.8
4.8,-6.5
0.3,-4.7
-2.5,-10
-5.8,-8.7
-6.8,-18
-12.1,-21.4
-7.8,-23.4
-1.8,-19.3
-2.9,-9.2
-6.9,-12.9
-8.6,-13.7
-5.5,-19.4
1.3,-15.1
3,-10
3.3,-7
0.4,-7.1
-1.4,-10.6
-4.7,-8.6
-4.8,-15.9
9.5,-11.2
12.3,-5
10.3,-5.5
11.2,-5.4
10.1,-5.8
7.1,-9.5
-7,-14.6
-2.7,-12.5
5.5,-11.6
6.4,-11.7
8.6,-7.1
7.4,-1.5
1.8,-4.8
3,-12.2
11.2,-10.6
11.2,-4.5
12.1,0.4
11.3,-2.9
4.1,-5.2
11.4,-11.5
16.2,-1.5
17.5,-4.9
18.8,-3.7
13.9,-1
12.5,-6.2
19.7,-2.5
13.2,-0.5
13.7,-1.1
10.8,-0.6
16.3,-4.3
25.5,3.9
24.5,2
21.1,5.8
12.7,3.9
6.9,-0.3
6.7,-0.5
9.6,-3
15.4,1.4
11,1
18.4,-1.3
13.7,-2
18,-4.7
22.7,1.2
20.8,6.2
22.7,4.5
13.3,4.4
9.3,-1.9
12.6,-1.8
17.6,-3.2
19.8,3.6
15.1,1.2
22,1.4
24.9,7.3
29,6.7
24.3,12.5
32.1,12.7
25.3,12.5
20.5,4.4
26.3,1.2
30.6,9.7
28.7,13.4
16.4,3.1
22.2,-1.9
18.1,5.4
17.9,2.7
17.9,1.7
22.1,8
22.4,6
25.5,8.2
24.4,11.5
28.2,10.4
25.4,11
19.3,12.4
16.4,8.9
21.9,7.8
20.6,6
23.3,9.3
18.3,10
20,6.9
24.8,5.8
27.8,8.7
24.5,13.8
26.1,6.7
21.9,11.4
28.4,11.4
21.4,14.4
26.8,10.4
26.7,11.3
23,11.6
25.8,9.4
28.4,8.4
31.5,12.9
24,11.2
25.1,6.7
29,16.1
24.2,13.8
26.4,15.2
28,12.1
32.1,12.4
32.2,14.4
26.9,14.2
26.6,10.9
28.2,11.2
31.6,13.3
32.7,15.5
30.9,16.9
31,15.9
32.3,14.9
35.9,14.2
38.1,16.4
38.1,21.3
30.3,17.6
30.2,19
23.5,16.8
22.2,15.2
22.7,15.1
27.9,14.5
30.3,14.3
30.3,15.4
27.1,16.8
29.7,15.7
29.8,15.1
32.3,14.1
33.8,14.4
33.6,16.2
28.4,19
29.2,12.9
27.7,15.1
29.5,13.8
31,14.6
31.7,16.5
31.3,16.6
30,17.9
31.3,18.5
31.5,18.7
30.5,20.7
30.4,19.5
30,19.3
27.3,20.6
23.7,18.2
22.6,17.5
26,16.6
29.3,15.5
25.6,16.1
25.2,16.5
26,13.1
27.2,15.4
28.2,15.9
27.6,16.9
27.1,14.5
24.7,13.4
23.7,16.7
27.5,12.4
26.9,16.1
28.3,15.7
28.2,17.9
27.5,18.2
26.5,18.6
31.5,18.6
33.5,18.9
29.8,20.6
28.1,20.2
30.6,20.7
26.4,21.2
22.1,16.4
24,14.6
23.9,10.7
25.3,9.3
25.4,11.5
24.4,15.5
25.2,10.9
24.4,11.7
23.1,14.6
23.7,13.8
26.7,10.9
29,11.8
29.8,12.4
29.6,14.1
29.8,12.9
28.3,14.8
23.9,15.4
22.2,10
24.4,4.5
26.2,5.7
26,10.9
27.1,9
24.7,13
28,7.5
31.4,10.4
30.2,14
28,15.3
19.8,16.6
19,11
23.9,4.6
19,11.6
23.4,11.5
19.4,5.5
22.2,4.6
19.8,12
16.8,11
17.1,9.4
20.3,2.1
17.2,7.5
22.7,6.4
23.8,5.1
22.9,6.8
23.1,8.4
23.3,10.4
18.2,13.2
20.5,8.7
20.2,8.5
14.8,5.2
17.8,4.3
19.5,1.5
22.7,4.9
15.2,9.5
15,5.1
16.9,-0.7
20.7,0.5
22.8,2.1
19.2,6
18.3,7.8
14,4.1
13.5,-1.6
16.3,0.5
19.2,2.3
13.7,1.9
17.5,-1.7
18.2,-0.8
12.7,6.1
12.8,3.1
15.1,-3.6
17.8,-2.7
17.5,0.6
17.2,-1.4
18,-0.5
12.8,3.3
7.8,-0.1
8.9,-5.6
11.5,-2.5
13.5,-2.5
16.3,-1.7
18.2,-2.2
18,4
17.8,-0.4
16,1.9
11.7,-5.1
8.4,-2.7
9.4,-5.7
14.2,-2.8
12.8,-0.7
10.1,-5.4
9.2,-6.5
4.3,-4
5.2,-9.1
4.5,-9.4
7.2,-9.2
8.3,-9.9
7.2,-5
5,-7.7
5,-10.2
5,-9.6
6.1,-7.3
6,-7.6
6.7,-6.8
6.5,-5.8
7.3,-7.7
7.5,-3.5
2.8,-5.7
3.8,-7.9
4.5,-8.1
-1.1,-7.4
-2.8,-11.8
-4.2,-14.3
-13,-18.9
-10.6,-18
-8.5,-20.7
-6.7,-20.6
-1.2,-18.7
-2.4,-16.4
-5.1,-14.2
-8.3,-20.5
-9.3,-18.7
-7.8,-19.5
-7.5,-20
-4,-18.7
-3.2,-15.1
-6,-17.3
-1.3,-15.7
-0.7,-16.6
-6.2,-14.7
-8.5,-17.9
3.7,-10.8
2.7,-9.9
2.4,-8.6
0.7,-12.3
0,-15.5
0,-17
-4.2,-13.3
-0.3,-17.4
-1.5,-15
-0.5,-8.3
-0.3,-13.4
-2.6,-15.2
-5.6,-15.9
-8.9,-16.6
-10.4,-24.3
-7.5,-18.9
-5.6,-19.2
-4,-14.5
-1.1,-15.3
-0.8,-14.8
-5.6,-15.5
-5.7,-10.6
1.8,-14.8
2.7,-15.5
-0.1,-12.5
-1.4,-16.2
-4.1,-9.6
-3.1,-15.8
-3.2,-13.1
-0.8,-8
-1,-8.1
-1.1,-16.7
-0.9,-17.1
-1.8,-12.6
-2.5,-16.9
0.9,-13.5
2.6,-15.6
-0.2,-9.1
-1.1,-7.5
-0.9,-12
0.8,-9.3
-3,-14.2
-6.7,-18
-9.2,-22.5
-0.9,-21.3
3.6,-10.5
-5.7,-12
-8.2,-19.5
-10,-23.3
-3.2,-25.1
3,-11.2
4.7,-11.6
11.4,-10.6
9.8,-0.1
4.8,-2.8
-0.1,-8.2
-5.4,-15.5
0.2,-15.6
2.9,-12.5
7.3,-10.8
11.2,-7.3
6.6,-5.8
3.2,-15.1
3.3,-13.9
2.1,-7.7
-1.1,-9.1
-5.2,-17.9
-4.1,-13.2
-1.8,-10.7
-1.2,-11.5
4.1,-14.5
9.7,-13.1
10.4,-3
12.5,-7.6
11.6,-7.9
10.8,-5.2
11.3,-4
16.5,-6.7
12.3,-3.1
-3.1,-11.2
-5.7,-14.7
2.7,-10.4
11.1,-9
7.6,-2.1
14.4,-3.6
13,-1.8
6.9,-6.3
11.9,-8.3
13.8,-5.1
13,-5.7
9.5,-1.3
9,-8.3
13.9,-2.7
9,0
11.2,-3.2
4.7,-4.1
11.8,-11.2
14,0.5
22.4,-5.2
22.5,-1.1
16.5,5.5
20.4,-0.1
22.4,0.3
14.9,7.3
16.3,1
12.9,1
16.3,-1
22.4,0.6
24.4,0.6
27.2,5.5
19.9,-5.8
3.6,-6.2
10.7,-4.2
14.8,0.3
11.4,-0.6
19.4,-2.8
18.7,6
12.9,1.9
8.9,-0.7
17.6,-4.5
24.5,3.7
14,1.1
12.6,-0.4
19.5,-2.1
19.9,5.1
17.1,5.2
19.3,2.4
19.1,3
27.2,9
28,7.7
24,10.9
28.6,7.4
31.3,10.9
26.3,13.8
23.2,12.5
19.4,10.1
23.7,6.8
18.9,10.2
17.5,10.4
13.1,4.6
15.2,3.7
10.8,5.2
17,2.5
24.7,4.9
26.9,10.7
28.5,10.5
23.6,7.8
30.9,11.2
29.6,12.6
25.1,13.4
21.4,11.2
26.6,6.5
28.8,12.8
23.4,14.8
15.7,12.4
14.8,9.5
19.4,9.6
25.4,4.3
30.3,9.1
29.5,11.9
27.7,14.4
29,14
22.9,16.6
28.3,12.8
27.9,12.3
27.5,16.1
28,14.9
21.2,14.3
24.4,11.5
20.5,12
24.2,8.8
28.9,9.1
29.4,14.5
21.3,12.4
25.6,9.8
30.1,10.2
28.7,14.5
29.1,10.5
33.9,13.5
29.1,21.4
25.8,16.8
31.1,14.3
31.6,17.4
31.6,16.3
27.4,14.6
25.5,13.5
31.2,13.2
32.4,17.9
28,16.7
27.5,14.5
28.4,13.5
28.2,17.3
28.9,17.1
28.8,18.8
32.3,18.3
31.4,17
31.5,15.7
34.4,17.4
28.2,18.4
29.2,18.5
26.3,16
29.7,16.6
29.5,16.3
31.4,15.3
26.7,18.7
29.1,18.8
29.2,18.7
30.3,21.1
24.1,18.5
28.8,16.7
32.5,18.7
28,17.4
27.4,16.6
27.7,15.4
22.7,14.5
22.1,14.3
24.5,14.6
24.9,15.5
29.4,17.5
29.5,19.2
28.8,17.6
25.2,17.6
26.6,14.4
25.7,14.1
26.2,13.4
25.3,15.5
28.5,16.1
29.9,16.7
30.5,17.4
26,18.5
27.4,18.2
27.1,20.6
25,20.4
25,19.4
21.1,16.7
25.4,16.3
27.4,12.3
28.1,16.9
28,14.8
28.4,18.5
24.3,16.7
23.3,17.7
26.3,7.5
26.3,9.8
29.4,12.5
29.5,12.9
23.6,14.1
23.5,15.5
29.3,11.5
25.1,17.8
26.5,15.3
22.1,16.6
27.7,10.4
26.5,14.8
29.8,12.6
22.6,12.2
20.2,11.6
23.1,8
27,9.3
24.3,9.6
12.2,4.4
13.8,2.8
23.2,4.6
24.9,3.9
25.6,6.1
24.5,6.4
21.7,10.5
23.1,10.8
25,7.6
26.9,6.7
27.3,8.7
25.1,8.6
24.7,10.1
24.6,9.4
26.1,5.3
24.7,5.7
20.8,9.6
19.6,13.2
21.1,3.2
23.1,4.3
23.1,4.5
25.2,3.7
22.1,10.7
25.1,5.9
24.4,6.1
21.8,7.5
23.3,3.8
24.1,5.8
25.5,6.1
18.7,9.3
19,10.2
23.7,5.4
22.4,8.2
17.4,1.6
24.1,2.1
24.3,7.6
26.1,5.5
22.6,9.4
16.3,7.8
16.6,-0.7
22.4,1.2
17.9,6.9
20.2,3.3
11.4,3.8
10.7,2.4
13.8,-3.3
7.9,2.3
10.8,3.2
15.1,-2.8
13.9,1.6
16.3,-0.1
16.8,-3.2
17.6,0.2
16.2,-1.1
16.4,-2.6
17.3,-2.3
16.5,-1.3
10.3,2.6
3.6,-3.3
5.5,-7.2
14.1,-4.4
11.2,2.7
12.1,-3.7
7.2,-5
12.9,-8.1
15.9,-2.7
8.2,-1.1
7.8,-4.9
10.1,-4
8.4,-7.6
6.6,-4.6
7,-8.1
9.3,-8.4
11.1,-3.6
10.5,-6.7
5.7,-5.7
1,-6.5
1.5,-6.1
-0.1,-4
0.9,-5.6
-3.5,-10
-1.4,-10.8
-0.9,-12.9
-1,-10.9
-4.3,-11.3
-3.6,-15.6
-1.6,-15.2
1.5,-15.4
-1.9,-15.7
-0.1,-8.4
-5.2,-13.6
-2.1,-8.3
-2.7,-14.9
1,-12
3.6,-10.6
-0.6,-8.9
-1.8,-11.9
3.3,-12.4
-0.7,-11.3
-4.9,-14.1
-1.2,-22.4
0.3,-14.7
0.9,-15.4
-0.8,-9.7
3.1,-10.5
4.6,-16.2
-0.3,-13.5
2.9,-15.6
5.6,-12.9
-1.5,-10
-5.3,-17.1
-5.8,-21.9
-3,-20.3
-6.3,-10
-7.6,-13.5
-3.5,-20.6
-2.2,-20.2
-3.3,-20
-1.4,-18.4
-4.2,-13.1
-5.4,-13.8
-3.5,-17.6
-3.7,-18.9
-0.9,-14.2
-6.2,-13.3
-5.2,-18.8
-2.9,-18.1
0.3,-19.8
1.6,-17.4
-2.5,-10.9
-0.9,-18.3
1.7,-12.7
0.8,-17.3
1.6,-16.3
0.8,-17.4
-0.8,-17
0.4,-15.2
2.4,-17.5
1.1,-10.8
-3.9,-13.1
-2.9,-17.6
-4.5,-9.9
-0.2,-17.5
-2.3,-8.4
-0.4,-14.9
-2.3,-13
2.4,-13.1
7.7,-14.8
4.6,-6.4
9.6,-14.7
9.1,-10.1
7.3,-10.9
0.5,-4.3
0,-6.8
3.6,-11.5
0.4,-13.3
2.6,-17.2
4.9,-8.6
1.9,-6.6
0.2,-13.6
6.3,-13.5
5.6,-10.7
2.8,-6.6
7.5,-9.8
8.3,-7.9
11.4,-8.1
11.6,-9.3
7.5,-4
4.9,-11.3
9.6,-4
13.5,-6.4
6.5,-3.9
9.3,-0.8
6.1,-2.3
6.6,-1
9.9,-3.5
5.9,-0.2
-0.3,-10.1
-9.8,-16.6
-4.8,-20.1
-2.4,-16.4
0.8,-11
3.5,-5.4
-3.8,-12.1
-0.1,-12.2
5.4,-9.8
8.3,-6
6.6,-2.1
5.9,-3
5.7,-2.6
7.8,-7.4
3.3,-1.5
7.7,-0.3
9.9,-3.5
12.7,-2.6
16.7,-1
14,3.2
14.3,-0.7
16,-3.1
12.4,2.4
15.5,-3.8
15.3,-0.3
16.1,4.5
11.8,4.1
12,1.9
6.2,-0.3
2.5,-3.5
12,-5.5
14.7,-3.3
12.5,4.5
13.5,-2.8
8.2,-3.3
15.2,-5.2
19.5,0.4
20,-2
16.6,4.2
16.3,4.6
17.5,-0.6
13.6,1.2
8.5,0.9
11.9,2.9
14.6,-1.2
20.9,5.7
25.1,3.9
19.3,5.1
15.8,5.8
12.2,2.8
10.5,4.3
17.5,-0.5
19,2.1
18.6,2.1
21.2,4.3
24.5,5.4
25.6,10.2
20.2,6.6
21.9,-0.1
23.4,9.1
24.3,6.7
27.7,9.9
22.4,10.5
26.5,5.2
24.4,13.8
27.9,12
21.3,4.9
27.3,6.7
19.8,11
21.8,7.5
25.9,9.1
28.8,7.6
25.4,14.4
21.4,8.1
19.6,11.7
18.9,4.1
28.4,3.3
22.9,11
24.7,5.7
19.6,12
23.4,11.9
23.2,11.3
27.1,10.6
31.5,12.2
26.2,18.7
25.2,9.7
28.5,9.7
24.3,14.4
25.8,15.2
32.6,12.3
33.5,13.1
28.4,15.6
28.1,11.7
31.5,10.5
32.1,14.9
33.6,16.6
36.1,14.6
34.7,19.7
33.4,16.7
32.8,17.1
29,16.9
21.5,14.6
22.7,12.5
26.8,13.1
28.7,14.2
30.2,18.1
25.5,16.1
21.1,14.8
23.1,16.2
27.6,15.7
25.4,16.2
26.1,17.1
27.1,11.4
32.4,15
35,15.6
30.3,17.7
32.6,14.6
28.1,17.7
21.9,16.2
29.9,12
32.7,16.4
28.5,18.1
30.2,13.2
31.1,14.6
31.4,19.7
32.5,17.7
31.9,14.3
29.5,18.6
29.4,15.6
28.2,12.4
31.4,14.4
28,18.7
26.6,16.5
26.7,17.7
32.3,16
33.3,18.6
28.8,18.8
29.6,13.3
27.9,13.3
31,14.9
24.1,17.6
23.6,16
25.4,16.6
31.6,14.5
31.5,16.4
31.4,16
26.7,16.5
28.3,19.3
24.5,19.5
28.5,18.6
31.3,15.8
29.2,18.1
26.7,15.6
26.7,16.2
27.9,17.6
29.2,18.8
26.2,14.3
30.3,13.9
30.6,14.5
28.6,16.2
26.2,11.6
28,11.2
30,10.7
29.7,13.3
31.3,13.5
30.8,15.6
30.8,16.3
32,17.7
32.4,18.6
34.3,19.4
33.4,19.3
29.6,20.9
31.1,16.7
29.3,15.5
29,12
19,14.5
27.9,12.5
22.3,14.2
23.1,9.7
25.8,14.4
26.6,10
25,13.8
22.7,11.8
24.2,9.6
25.9,9.1
27.3,9.6
27.4,8.5
28.4,9.4
27.7,7.9
29.1,8.3
30.3,9.8
29.7,9.8
27.8,12.1
22.5,14.7
21.4,12.4
26.5,7.8
29.3,9.3
22.4,12.4
13.7,8.9
20.6,1.9
25.8,3.4
27.2,6.5
26.3,5.8
24.7,6.4
26.3,6.6
24,7
18.5,7.8
16.4,5.7
17.3,6.6
19.2,6.6
20.2,4.5
16.5,8.3
20.3,3.3
21.7,11.7
17.6,6.9
15.7,10.4
18.8,11.9
14.3,3.3
12.1,1.3
13,1.9
16.7,5.8
17.3,3.6
16.7,-0.3
10.8,4.4
12.9,-1.4
14.3,-1.8
16.7,-1.6
19.1,-1.7
10.6,-0.3
9.5,-2.5
16,-1.7
19.7,3.4
16,1.6
18.1,-1.4
15.2,5.3
16.6,1.9
18.1,-0.4
12.7,6
7,-3.6
11.6,-4.6
10.6,-0.9
4.3,-4.7
4.4,-6.2
9.4,-3.4
8.9,-4.8
11.7,-5.6
9.2,-2.4
12.1,-1.4
13.6,-3.2
7.7,-3.2
7.1,-6.2
7.6,-6.5
10.7,-7.1
9.1,-2.8
5,1.3
1.3,-5.8
-1,-10.1
4.8,-13.4
1.4,-4.4
0.4,-9.7
1.2,-3.9
6.2,-5.8
9.5,-9.1
11,-6.3
6,-4.4
9.5,-10.3
2.1,-5.6
2.1,-13.3
4,-11.5
3.9,-9.3
-0.2,-10
3.4,-15
3.3,-12.1
2.4,-11.8
-0.4,-8.8
0.1,-14.1
3.4,-14.5
-0.8,-8.7
-0.6,-15.5
1.2,-15.5
1.5,-13.4
-2.4,-6.8
-4.1,-14.2
-2.2,-17.6
-2.6,-14.6
-0.3,-13.1
-0.7,-15.7
1.1,-11.2
1,-11
2.4,-15.4
1.9,-11.9
2.6,-14.6
2.5,-15.5
5.2,-13.5
1.4,-13.7
0.7,-10.8
3,-4.3
1.9,-11.3
1.7,-5.9
-0.8,-11.2
-9.7,-14.9
-3.7,-17.3
-6.5,-15.6
-3.8,-16.2
-1.2,-16.6
-2,-14.9
-0.2,-15.7
4.8,-13.7
2.2,-14.1
1.7,-12.8
1.8,-13.8
-4.3,-12.6
-6.2,-19.8
-3,-16.5
-7.9,-16.2
-7.1,-17.4
-8.6,-14.8
-7.7,-16.1
-7.2,-22.5
-8.6,-16.1
-6.1,-21
-8.6,-18.9
-7.7,-13.1
-9.4,-14.1
-10.1,-18.3
-11.8,-25
-12.9,-30.9
-10.7,-23
-7.6,-23.4
-5.7,-23.9
-9.1,-17.3
-10.2,-24.6
-8.6,-23.4
-8.3,-25.7
-8.1,-25.9
-7.4,-23.9
-6.8,-23.4
-6.3,-23.1
-7.5,-17.4
-6,-24.7
-6.6,-23.2
-7.8,-17.7
-6.1,-20.3
-3.4,-17.2
-8.5,-16.5
-5.5,-20.7
-3,-18.2
-1.6,-15.1
-0.8,-18
0.1,-17.3
1.7,-17
3,-12.4
3.9,-9.5
5.5,-10.8
7.5,-6.5
4.8,-8.3
-0.2,-13.3
-2.9,-8.4
0.6,-11.4
2.9,-10.4
8.1,-10.9
6.9,-8.2
6.9,-8.9
4.2,-1.5
1.3,-4.2
5.1,-11.4
10.3,-10.9
10.9,-7.8
5.9,-5.6
11.4,-11.6
10.1,-3.4
14.2,-5.4
17,-0.8
17.4,-3.2
9,-3
6.4,-6
14.7,-6.4
10.2,-3.9
14.5,-9.1
19.3,-3.9
11.8,-0.9
12.6,-8.5
8.4,0.8
11.1,1.1
6.1,-2.4
12.9,-4.4
5.4,-5.4
6.8,-4.6
8.4,-6.7
9.8,-4.7
6.6,-0.9
7.7,-2.3
7.7,-2
7.2,-3
7.9,0.7
7.2,-2.8
13.3,-3.7
16.7,-2.8
17.4,0
18.3,3
22.6,-0.8
16,8.2
17.3,6.1
13,4
11.9,2
12,3
18,1.4
20.9,4
22.9,4.9
23,4.9
25.2,7.1
23.8,7.3
18.2,10.6
12.6,6.9
11.5,6.1
6.9,0.9
12.4,-2.8
15.8,1.5
11.7,3.4
20.8,-0.2
18.4,0.8
29.2,10.6
30.3,11.7
23.9,15.2
27.1,7.9
27,14.3
21.5,7
17.1,1.4
25.2,0.8
27.6,11.6
22.7,15
19.3,5.4
17,6.5
12.9,1.6
9.7,2.4
14.4,4.6
18.5,1.2
21.5,7
22.3,5.7
24.6,9.4
22.4,10.2
20.2,9.2
26.1,6
21.1,10.2
27.3,8.4
30.5,11.8
31.2,13.9
29.2,14.7
32,9.8
30.7,16.8
22,12.4
29.8,6.5
26.5,5.7
22.8,5.7
26.4,11.7
19.6,9.3
19.5,5.3
16.8,9
21.4,5.7
22.3,10
27.6,12.3
31.4,12.4
31.8,12.7
33.7,16.1
31.5,13.6
29,15.5
27.6,14.6
25.6,17.1
23,14
20.7,15.9
21.4,12.5
19.9,13.1
27.2,12
30.3,15.8
26.9,17.1
30.6,13.3
29.7,14.9
27.6,13.2
30.4,14.6
27.2,15.9
31.3,15.5
26.1,16
24.8,14.9
23.2,14.8
27.3,13.8
26.3,14.9
29.7,14.1
31.9,15.9
31.1,18.6
24.5,18
30.3,14.1
31.5,15.7
29.5,17.1
31.7,17
31.9,19.2
27.9,20
30.1,12.3
31.1,12
25.4,14.8
26.9,14.7
29.3,14.7
27.5,15.4
28.5,17.3
26.5,15.1
27.9,16.2
30.5,15.2
32.2,15.6
33.7,15.8
34.1,18
34.5,18.9
35.4,20
34.2,20.1
30,16.9
29.1,18.1
29.4,16.9
27.8,20.7
28.9,18.2
31.2,15.3
34.7,14.2
35.4,16.7
34.2,15.8
30.5,17.1
30.5,17.3
28.1,18.6
28.1,18.9
20.2,16.9
25.1,14
24.4,16.2
24.6,17
25.2,17.4
25,14.4
24.1,12
20.4,15.2
23.1,14.7
28.6,11.3
27.4,16.2
26,17.1
26.5,12.4
27.2,12.2
27,11.5
27.2,11.9
25.1,13.7
25.3,10.8
27.7,10.2
25.6,13.2
19.2,13.1
21.3,8.3
24.7,6.6
27.2,9.5
23.2,13.9
24.4,9.1
25.4,8.6
26.2,9.8
21.5,13.7
22.9,9.2
19.9,15.1
22.1,8.7
25.8,6.8
26.6,8
26,8.9
25.6,13.9
26.4,10.9
27.2,11.6
28.2,8.8
25.9,6.8
25.2,9.5
27.9,9.6
19.5,10.3
17.1,11.4
12.5,7.7
9.6,7.5
14.6,5.7
14,1.1
16.4,4.1
19.2,5.6
22.3,4.8
25.4,6.1
24.2,8.2
25.4,7.3
19,10.1
14.3,8.5
11.3,5.9
13.6,-1.2
19.2,0.3
14.7,3
12.8,-0.8
14.5,0
16.6,-1.3
19.8,-1.1
20.3,4.5
21.7,-0.3
20.5,2.9
22.1,3.7
21.9,4.4
17.7,6.6
19,1.9
15.7,0.7
17.6,9.3
13,4.4
5.3,0.6
9.2,-4.7
9.5,-1.5
10.4,-1.4
12.7,-2.2
12.3,-3.8
12.8,-0.6
14.1,-4.5
11,-2.7
9.8,0.1
13.7,-2.7
11.7,-3.4
15.7,-3.4
14.3,-1.3
13.8,-1.7
8.5,-3.1
5.6,-0.7
8,-7.4
10.1,-7.4
6.6,-5.5
8.8,0
6.9,-1.1
8.6,-5.4
5,-2.5
3.9,-6.7
-1.2,-10.1
-3,-10.7
2.8,-11.5
6.9,-5
6.9,-9.4
8.7,-10.5
1.9,-8.9
4.4,-7.4
4.6,-9.3
-0.6,-6.4
1.9,-12.2
3.9,-6.2
6.6,-5.9
9.1,-7
5.2,-3.3
9.5,-7.3
2.9,-5.5
-5.3,-18.3
-8.4,-18.7
-2.9,-15
-1,-11.4
2.3,-7.9
3.5,-4.4
-0.7,-8.6
5.4,-10.3
-0.2,-8.2
-1.1,-16
1.3,-12.6
3.5,-9.7
5.4,-9.6
-0.4,-11.7
2.7,-18.8
1.1,-10
-3.7,-18.5
-8.8,-23.4
-7,-20.9
-1.6,-15.9
-1.7,-13.9
-3.9,-17
-1.2,-19.4
0.6,-13.4
-3,-9.8
-5.8,-14.6
-7.3,-18.7
-5.6,-19.9
-3.8,-21.9
-3.3,-18.4
-4.5,-18.5
-5.9,-15.8
-4,-21.1
-2.9,-18.8
-2.2,-18.6
-6.1,-15.1
-7.6,-18.3
-2.5,-17
-8.9,-16.4
-6.2,-22
-1.2,-16.3
-5.9,-21.1
1.1,-16
-0.5,-17.9
1,-9.8
0.1,-11.1
1.9,-13.4
3.4,-9.5
4.5,-7.1
-6.2,-20.1
-14.8,-23.9
-6.4,-18.6
-5.3,-15.5
-2.5,-17.2
5,-17.1
6.4,-13.2
4.5,-14
6.6,-13.1
2.4,-11.2
5.6,-11.9
4.2,-10.6
5.8,-9.8
5.8,-10.5
6.6,-11
9.4,-11.3
5.5,-4.1
6.4,-9.9
9.3,-6.1
9.8,-3.5
12.6,-9.3
7.9,-4.8
7.9,-4
2.6,-8.7
-1.5,-18.1
-2.6,-13.3
-1.3,-12.6
-3.9,-10
-4,-9.7
-0.2,-16.6
8,-13.2
1.2,-11
-0.7,-8
-1.3,-8.2
-1.8,-13.7
1.1,-17.6
5.1,-12.9
7.6,-13.1
2.9,-9.7
0.8,-8.7
4.2,-9.3
7.5,-4
2.9,-6.1
5.4,-11.8
9.1,-7.4
12.6,-5.5
4.8,-6.2
8.4,-8.1
7.5,-3.8
5,-4.7
-0.6,-13.8
8.5,-9
11.6,0.5
14.4,-2.9
21.2,2.4
24.9,0.5
16.6,1.6
19.7,0.7
14.4,2.9
4.5,-6.4
8.3,-3.9
3.6,-7.5
10,-8.3
10.2,-7.2
10.1,-1.6
7.5,-0.6
5.2,-3.9
1.8,-6.9
2.8,-8.4
9.1,-9.1
13.4,-7.6
12.3,-0.4
14.1,-1.5
15.5,-4.4
20.8,-2.3
22.7,1.9
22.5,1.6
23.7,3.6
16.4,7.7
21.4,8.2
24.5,5
20.2,9.6
26.4,5.2
19.3,1.1
18.8,-1.3
26.9,4.4
23.8,10.2
19.3,10.6
16.2,6.4
14.8,0.8
19.1,0.2
15.4,7.5
10.2,3.6
11.2,0.1
16.9,-0.2
21.9,4.4
21.3,7.6
20.3,7.9
24.5,6.3
20.7,9.1
21.9,4
24.4,3.5
25.7,6.2
28.9,9.5
30.4,12.5
31.1,13.4
29.2,12
19.6,13.3
22,11.6
21.6,13.3
22.3,10.8
23.9,7.6
19.9,11.1
21,10.6
18.7,9.4
23.8,5.1
28.3,9.9
28.5,14
29.5,10.7
23.5,9
22.4,4.7
27.9,6.9
28.1,12.8
29.4,15.6
29.2,12.6
25.4,15.5
18.5,12.8
18.9,9.4
22.3,8.1
28.3,7.1
30.8,12.2
26.7,11.1
26.8,11.1
25.9,11.1
27.2,9.3
26.9,12.7
26.2,12.4
22.5,13.8
20.2,11.3
25.8,13.6
29.2,13.2
24.8,11.5
25.9,14.1
25.5,14
30.6,11.6
26.6,16.1
26.5,15
25.5,15.9
25.7,18.2
30.7,11.8
26.9,16
28.9,10
29,15.4
36.5,13.4
36.4,14.5
35.5,19.6
33.6,16.9
30.7,13.5
30.3,12.9
26.2,16.2
27.7,12.8
31,12.6
34.2,14.2
32.4,21.3
25.9,18.7
30.8,16.8
32.4,15.5
27.5,17
32,13
33.1,16.6
29.9,17.4
36.1,14.9
26.6,17.5
30.9,15.6
31.6,13.8
27,17.6
21.6,18.2
29.7,17.6
30.4,18.9
29.9,18
33.6,17.3
31.2,17.7
29.9,17
24.9,15.9
27,13.1
29.3,13.1
24.4,18.6
29.9,13.9
26.8,14.6
25,16.7
27.7,16.1
24.7,18.1
30.4,13.5
29.2,15.9
26.1,17.1
26.5,13.3
27.4,15.2
29.1,15.7
30,16.3
25,19.9
30.1,15.3
32.2,10.6
33.8,14
34.1,12.2
34,15.4
32,17.1
26.7,17.9
29.6,16.9
25.1,17
23.7,16.5
29.4,12
24.6,16.2
28.4,12.8
31,12.1
23,12.9
21.6,12.6
28.9,15.1
24.7,13.9
22.2,8.2
24.7,11.6
27,9.6
28.9,11.5
27.2,14.2
21.7,15
21.9,12.9
21.2,15
21.7,16.5
16.5,8.2
15.4,9.1
21.3,9.3
22.5,4.4
21.2,11.4
18,11.5
22,5.3
22.3,5.9
24.5,11.9
26.2,4.9
27.7,10.4
27.8,12.2
26.8,11
21,11.6
16.3,5.5
19.9,2.8
22.8,5.1
18.9,8.5
25.6,5.7
26.4,9.5
23.9,12.5
21.9,6.7
24.4,4.2
25,6.7
22.8,9.3
18.9,11
21.1,2.6
19.4,1.3
18.1,0.9
23.2,2.9
20.7,6.5
16.9,7.7
16,6.7
13.1,3.4
14,-0.4
10.5,5.8
13.8,0.9
15,3.1
18.8,-1.5
19.8,1.3
11.3,6.2
17.3,0.7
12.4,1
10.7,-5.5
13.6,1.5
18.8,-3
16.8,1.4
19.8,-1.3
21.2,-0.3
18.1,1.9
14.9,1.7
17.9,0.8
20.1,4.1
18.5,0.8
11.4,2.7
7.1,-1.5
4,-11
-2.3,-14.2
7.3,-8
10.6,-2.9
14,-1.2
18.6,0.8
19,1.2
13.1,-1.3
4.8,-1.4
-0.8,-4.8
-2.5,-8.9
-3,-6.1
-1.7,-12.1
-6.1,-13
-8.5,-16.2
-10.3,-20.4
-7.6,-16.9
-5.3,-15.3
-3.9,-19.7
-4.1,-12.5
-1.7,-13.9
-0.3,-12
3,-13.4
3.5,-14.1
3,-12.9
0.4,-8.2
0.1,-11.4
-3.2,-15
0.3,-13.6
1.2,-10.1
1.8,-11.2
-0.2,-6.1
0.8,-13.6
-2.9,-11.3
-2.6,-13.8
1.3,-13.4
-0.3,-14.7
1.3,-12.7
1,-14.5
-4.7,-13.1
-3.7,-10.2
-3.6,-17.5
0.5,-9.5
-4,-13
-7.3,-20.4
-6.7,-21.1
-10.9,-18
-10.9,-22.5
-10.9,-24.2
-7.9,-21.2
-2.5,-16.5
-0.1,-13.2
2.1,-14.9
0.8,-14.5
-9,-18.7
-8.6,-20.2
-9.2,-20.4
-2.5,-16.3
-3.6,-12.7
-11.1,-18.7
-3.6,-20.8
-0.2,-15.6
-4.8,-13.4
-8.3,-13.3
-13.3,-30.7
-19.2,-37.4
-16.4,-31.8
-14.3,-27
-12.7,-21.8
-9.4,-21.4
-8.9,-25.3
-10.9,-29.5
-16.3,-25
-13.4,-26.2
-4.4,-25.2
-9.9,-24.4
-3.3,-21
5.1,-19.7
1.6,-17
-0.8,-14.6
0.4,-13.5
-9.3,-23.6
-7.3,-16.8
-6.7,-20.6
-2.8,-15.7
-5.7,-20.1
-1.2,-21.9
0.7,-9.9
-5.1,-11.9
-2.1,-15.3
-1.5,-17.2
-0.9,-15
-2.3,-13.9
-5.2,-12.7
-3.9,-18
-4.4,-17.8
-3.3,-13
-3.7,-14.3
1.5,-12.1
4.8,-8.3
-1.1,-7.9
-7.9,-13.4
-10.4,-13.9
-6.3,-18.6
-1.8,-16.5
-6,-13.7
-4.9,-19.6
-2.1,-17.4
-5.3,-13.5
-1.2,-13.2
4.6,-11.8
7.4,-7.7
7.6,-6.4
10.4,-9.6
18.1,-4.5
15.2,-1.9
12.3,-2.3
5.4,-2.5
0.9,-4
0.5,-7.3
0.2,-8.7
1.9,-7.1
6.7,-7
2,-3.9
-3.9,-14.3
-1.1,-14.9
-2.8,-9.8
-5.8,-13.1
-5.2,-18.6
0.6,-14.1
10.2,-6.4
7.3,-7.2
6.9,-6.2
1,-4.6
0.2,-11.8
1.7,-13.6
-0.4,-7.6
5.3,-7.6
14.3,-1.8
8.6,-4.5
5.9,-3.6
4.4,-0.5
8.8,-6.6
6.1,-1.6
3.7,-8.5
11,-7.4
9.4,-3.8
12.6,-4.5
12.5,-2.5
8.4,4
9,-1.4
3.9,-5.7
6.5,-3.9
15.9,-5.6
15.3,1.5
13.8,-1.3
8.6,-5
18.2,-2.9
22.3,6.1
16.2,1.2
11,-2.1
12.9,4
8,-3.6
4.6,-7.6
8.3,-4.8
10.3,-2.3
14,-0.7
18.7,-1.8
19.9,3.5
17.1,4.9
15.6,6
12.5,2.8
7.3,0.8
12.1,-1.2
20.3,-0.7
15.5,2
2,-2.9
4.4,-4.3
5.8,-4.1
10.2,-2.8
19,-0.9
27.1,5.9
24.5,13.6
25,9.2
26,8.6
15.9,8.2
19.1,3.5
20.8,8
23.2,5
14.9,5.2
14.1,4.1
16.6,4.1
23.9,5.6
24.5,7.6
18.6,12.1
23.9,5.3
20.5,13.3
22.1,9.6
20.1,6.8
25.9,8.3
28.3,11.6
27.2,14.3
27.9,11.9
28.4,9.8
23,11.8
26.1,9
22.4,16.6
17.9,12.7
21.8,11.9
25.8,10.1
21.7,12.3
24.1,10.6
28.9,11.4
25.4,12.2
25.3,11.5
27.6,10.4
29,12.5
28.7,13.5
26.9,16.3
25.2,16.1
23.1,17.4
23.8,12.8
31.4,12.2
33.9,12
32.4,14.8
30.9,14
33.1,15.4
30.3,16.9
21.7,13.5
22.5,13.4
28.3,12.4
30.1,15.6
28.9,17.1
30.7,18.4
31.5,17.2
31.8,17.5
32.2,16.3
33,17.2
33,19.3
34.9,20
35.2,19.1
30.9,22.1
26,16.6
32.4,15.2
35.2,20.5
34,23.1
33.2,16.8
34.8,15.3
28.8,20.8
31.3,14.2
26.8,17.2
25.9,15.7
28.5,14.7
28.7,18.6
26.8,19.5
29.4,17.8
25.8,19.6
29.5,16.8
29.1,16.7
30.5,14.8
26.3,18
30.7,15.1
31.2,19.2
33,18.1
33.6,18.3
32.7,19.9
33.7,17.1
33.3,19.6
32.8,19.8
35.5,19.3
38.1,22.6
35.6,25.5
30.4,22
25.9,19.9
23.1,19.2
26.6,17
24.7,19
23.5,17
26.9,9
21.4,16.1
27.9,15.4
25.3,14.8
27.9,10.9
25.8,17.9
30.8,15.7
28.8,18.2
25.9,14
28,12.6
29.4,13.9
27.3,14.9
23.9,17.7
26.3,13.1
29.2,13.6
23.7,14.7
25.3,11.8
25.9,11.3
27.5,11.3
26.8,12
26.8,9.6
27.3,11.3
26.6,11.4
28.2,11.4
26.4,12.9
24.1,15
24.1,13.5
26.5,10.6
23.6,13.5
25,9.3
26.8,12.7
28.9,11.7
22.4,15.4
20.9,14.1
22.3,12.6
23.2,7.1
26.3,7.9
28.5,9.2
29.2,9.4
28.3,11
23.9,11.1
20.9,18.1
19.9,14.7
19.9,12.2
20.2,14.2
16.8,11.2
13,9.1
16.8,0.8
20.1,3.5
21.1,5.1
21.4,10.1
17.7,2.6
15.1,4.9
15.9,-0.2
20.3,-0.3
20.8,5
17.1,6.7
11.1,6.6
14.7,4.8
20.8,1.6
22.3,4.2
25.1,6.3
25.5,5.1
22.5,10.3
23.5,9.4
16.7,8
9.6,4.6
14.3,-0.6
18,1.5
12.9,0.7
17,-0.9
18,-1.2
13.7,2.8
6.1,1.9
12.1,1.1
9.1,-1.5
10.5,3.2
7,4.5
11.5,5.7
10.3,-0.3
5,-5.2
1.3,-6.9
5.8,-4.6
10.1,-2.2
12,-3.1
11.6,-4
12.6,-4.6
7.1,-2.5
9.3,-6.4
13,-2.6
14.4,-3.8
15,-3.1
14.5,-3.3
11,-0.6
4.4,-2.3
9.7,-6
11.6,-3.7
7.2,-2.4
8.6,-6.1
1.8,-7
-2.2,-7.3
2.3,-12.2
7.6,-6.7
11.1,-6.5
9,-3.6
8.6,-4.8
13.1,-4.9
8.4,-4.4
3.8,-8.8
6.3,-8.3
3.3,-6.7
2.5,-10.7
7,-10
1.4,-8.6
5.1,-6.6
9.3,-3.8
9,-5.2
13.1,-2.9
4.8,-8
7.3,-9.8
14.1,-2.9
5.7,-5.4
-1.3,-12.3
0.4,-9.9
2.1,-6.7
5.9,-5.7
2.6,-9.5
-1.9,-13.5
-0.6,-11.4
-9.2,-15.3
-10.1,-20.7
-11,-22.5
-4.2,-14.9
2,-10.2
2.8,-7.9
2.6,-8.6
6,-8.1
4.3,-7.1
-1.5,-7.6
-7.6,-18.7
-10.6,-23.4
-8.3,-23
-4.6,-18.1
-2,-12.5
-4.2,-13.8
-5.6,-13.7
-12.6,-17.6
-11.3,-22.4
-8.6,-23.9
-7.5,-21.2
-4.5,-15.4
-6.8,-15.8
-10.9,-19.2
-8.7,-21.7
-5.9,-23.3
-7.1,-15
-9.1,-20.2
-7.3,-21.1
-7.6,-15.5
-4.9,-19.3
-3.3,-15.7
-8.6,-17.2
-9.5,-21.2
-6.9,-23.6
-9.9,-19.3
-8.8,-24.1
-7,-23.9
-6.7,-22.7
-4.3,-22.5
-6.6,-17.3
-7.7,-19.9
-6.6,-20.3
-6.2,-17.4
-3,-21.5
-9.1,-16.3
-8.1,-18.8
-6.9,-20.5
-3.3,-18
-0.9,-19.8
-0.2,-18.7
-1,-13.5
1.4,-18.4
2.4,-9.8
7.7,-10.4
4.9,-11.4
5.3,-8.8
2.1,-7.8
-0.3,-10.2
-1.9,-8
-6.2,-11.2
-7.1,-18.5
-7,-13
-4.2,-20.3
3.5,-18.3
0.2,-8.3
1.7,-9.3
3.8,-14.9
6.3,-12.2
7.8,-11.1
6.4,-8.4
9.2,-7.7
13.2,-5.7
7,-4
5.7,-7.1
1.7,-4.7
-1.4,-7.1
-3.3,-8.9
-1.9,-15.2
-0.8,-14.6
0.1,-12.6
4.7,-12.3
7.1,-2.7
3.3,-5.8
3.3,-10.6
3.4,-9.1
6,-9.4
9.8,-5.8
12.9,-7
17.5,-0.8
10.7,-2.4
0.2,-5.6
1.3,-9.5
8.8,-7.9
14.1,-5.1
6.3,0.8
7.7,-4.2
7.7,-3.5
2.1,-7.5
3.6,-10
4.8,-9.7
4.1,-8
7.1,-8.5
6.3,-5.5
10,-7.5
12.5,-5.8
16.2,-4.6
18.1,-5
21.4,-1.4
14.2,-2.2
5.3,-3.2
8.3,-5.8
12.3,-4.6
13.9,-3.2
11.8,2.3
9.9,3.4
12.7,-1.9
16.9,1.4
10.9,1.2
14.6,-3.5
22.2,-1.2
23.1,3.7
23.9,3.7
19.6,6.9
23,-0.8
18.1,4
15.4,0
23.4,-0.3
25.8,3.2
21.1,8.5
12.9,3.2
10.4,0.6
16,-1.5
14.6,5.1
14.2,6.1
16.9,0.8
21.2,4.1
19.7,8.9
13.2,7.1
18.9,3.4
18.2,2.1
17.3,2.5
14.6,7.5
15.3,6.2
19.3,3.2
19.9,3.1
18,10
14.8,8.1
20.7,5.2
18.8,9.5
16,3.7
18.1,4.8
22.7,4.8
21.8,7.9
25.6,5
28.9,15.7
22.9,12.5
20.2,5.6
13.9,5.9
19.4,7.1
25.1,6.4
26.2,10.8
26.8,11.1
27.1,10.5
24.8,10.8
27.2,8.4
30.6,12.3
26.4,16.8
25.7,11.9
19.6,11.7
25.7,7.5
31,11.9
24,13.5
26.8,14
28.4,12.9
25.4,15.5
31.3,11.8
27.6,12.1
29.2,13
28,15.1
22,13.5
27.4,9.8
31.5,12
32.1,18.7
28,17.6
29.5,16.2
28,16.6
31.6,13.5
32.3,15.2
32.6,17.3
32,18.2
30.4,22.7
32.7,19.3
24.1,14.4
24.6,14.4
28.1,12.1
26.8,14.7
30.4,14.3
30.8,17.2
28.4,18.5
25.9,19.6
27.6,18.5
30.3,16.8
31.1,14.7
30.5,19.9
29,19
25.6,11.4
26.4,14
29.9,12.6
27.2,16.3
29.4,12.8
31.9,14.7
31.5,15.6
30.2,16.9
29.3,17.7
28.2,15.5
25.2,14.6
22,16.8
24.9,16.3
28,16.4
27.5,16
31.4,16.6
33.1,20.1
28.5,20
27.4,18.7
30.8,15.8
30.1,14.5
30.7,17.6
24.1,17.4
28.6,15.2
31,12.8
31.7,15
28.6,16
31,14.5
31.8,14.9
32.1,18.8
26.5,16.5
29.9,17
32.1,17.2
34,17.7
30,17.7
31.4,17.2
31.2,17.7
32.6,19.1
23.1,20.1
25.5,18
27,17
23,15.4
26.8,11.9
27,14
28.1,11.9
28.4,14.6
27.9,13.2
25.9,11
21.2,12.2
23.1,15.7
22,13.5
23.9,12.7
25.4,11.4
28.1,15.8
28.6,16.2
25.3,16.5
26.3,16.2
25.8,14.5
23.1,14.7
26.6,12.5
27.3,9.3
26.6,10.5
21.8,13.7
17.9,7.7
15.7,7.2
13.3,8.7
20.7,8.2
22.4,8.4
25.2,11.4
26.9,10.5
24.7,11.9
14.2,9.2
14.4,3.3
13.5,-0.2
16.8,-0.8
19.4,0.1
21.2,1.2
22.7,1.3
23.2,1.6
24.4,4
25.2,4.4
23.9,8.9
23.5,8.5
18.1,11.6
16.8,3.9
14.7,1.6
14,1.6
13.5,-1.7
17.4,-3.5
18,0
20.6,1.6
21.5,-0.3
24.2,2.4
23.1,5.7
21.8,7.2
19.3,7.5
20.5,4.2
17.7,10.5
13.4,7.2
10.3,1.6
9.3,1.9
14.7,3.6
16.4,-0.5
19.2,-1.5
20.8,3.9
15.2,6.6
18.3,3
14.9,2.9
11,1.4
8.2,-7.2
10.1,-7
6.2,2.3
13.1,-1
14.2,-3
15.7,-3.1
14.4,-1.9
10.3,2.6
8.3,4.2
6.3,-2.4
8.6,3
8,4.7
5.1,1.8
8.6,2
8.4,2.7
7.9,1.6
8,-4.3
7.8,-5.9
7.1,-3.7
8.1,-2.9
5.5,-6.3
9.9,-5.8
12.6,-6.1
11.1,-4.5
7.1,3.1
9.2,2.4
3.9,-6.6
3.1,-9.5
5.6,-9.1
2.2,-7.1
-1.8,-13.1
4.1,-8.6
2.7,-8.1
6,-6.4
8.5,-8.3
4.6,-3.9
0.7,-3.5
0.5,-10.4
1.4,-12.4
0.3,-5.4
-1.9,-15.4
1.2,-12.9
-2,-7.9
-0.2,-5.3
-1,-11
-7.5,-15.5
-6.4,-17.6
-2.6,-15.2
1.3,-10.3
1.7,-12.9
1.9,-12.3
-3.4,-13.6
-8.6,-19.7
-8.7,-22.3
-2,-17.9
-4.3,-19.6
-1.6,-15.9
-1.5,-16.2
-4.5,-13.5
-4.1,-16.3
-3.5,-13.1
-3.1,-13.9
-1.5,-15.9
-3.3,-17.8
0.5,-13.3
0.4,-14.8
-2.5,-15.9
-0.5,-18.1
-0.2,-14.6
-2.6,-16.7
-6.2,-11.3
-8.8,-15.9
-6.9,-20.1
-2.9,-18.5
-4.1,-20
-5.9,-19.1
-2.5,-16.8
-1.4,-18.9
-4.8,-17.7
-3.5,-19.2
0,-16.5
-0.4,-17.6
-0.4,-17.5
-0.5,-15.1
-2,-17.4
0.1,-17.5
-0.2,-18.4
-1.7,-13
-7,-14.6
-10.4,-19.7
-9,-26.3
-8.3,-21.9
-8.1,-20.5
-5,-18.5
-1.7,-16
-0.6,-19.1
-4.8,-13.9
-4.1,-16.6
-0.3,-21.3
-7,-12.4
-8.4,-20.4
-5.2,-22.9
-2.2,-16.7
-3.9,-20.9
0.7,-15.1
-5,-15.5
-8.8,-20.5
-3.9,-19
-3.5,-17
-2.4,-18.9
0.2,-16.6
-1.3,-15.2
4.4,-11.4
0.8,-10.7
-0.3,-17.6
-6.4,-14.5
-6,-15.4
-1.7,-18.3
0.3,-17.7
6.2,-14.8
8.5,-12.9
5.1,-6.4
2.9,-13.3
-0.5,-6.2
-3.8,-14.2
1.3,-13.5
4.3,-13.9
6.4,-11
9.2,-7.4
1.6,-4.1
0.3,-3.4
2.1,-4.8
0.8,-8.7
-0.4,-6.3
2.8,-12.4
0.6,-10
-1.2,-13
5.9,-13.5
2.7,-9.6
-1,-16.8
4.6,-14.4
8.5,-10.3
9.5,-7.8
9.7,-8
13.1,0.6
13.2,-2.9
3.8,-7.5
6.9,-6.7
9.5,-5.3
7.5,-3.1
8.2,0.9
3.9,-2.2
8.7,-3.6
13,-3.8
15.6,-5.1
17.1,-3.9
18.4,-2.8
12.6,5.2
5.2,-2.3
13.7,-2.6
11.9,-0.8
7.7,-1.3
13,-5.6
11.3,0.6
11.7,-2.4
17,-0.9
20.7,1.4
18.9,3.6
23,1.4
18.7,7
9.7,-0.3
17.7,0.1
20,2.1
22,5.7
17.7,7.9
17.8,-1.6
24.3,5.9
20.7,9.9
20.1,4.1
19,5
19.8,7.1
25.5,5
27.8,9.2
18.5,9.4
11.1,1.3
20.6,1.6
17.2,10.4
19.9,4.5
26.5,5.8
22.6,9.1
25.8,12.4
26,10.2
28.2,7.4
30,9.1
26.5,12.1
31.9,13.8
29,14.6
28.8,13.4
23.4,11.3
30.2,11.6
20.2,12.7
17.6,9.5
20.5,5.4
17.4,3.1
19,4.3
20.1,7.9
27.2,10.1
30,11.2
28.4,12.3
25.7,13.4
22.9,13.3
22,11.8
20.3,8.1
23.1,10.6
20.5,12
27.8,10.3
30.2,14
30.8,12.1
24.5,12.4
20.5,7.1
18.2,7.5
21.7,7.2
25.4,7.9
22.9,13.3
28.7,10.9
29.3,13
24.8,18
27.1,15.8
29,16
28.7,14.4
22.4,11.1
24.8,10
24.8,14.4
22.6,11.6
18.7,12.3
24,12.6
29.7,11.8
33.3,15.4
33.5,17.1
32.8,17.2
26.9,15.7
29.6,15.5
28.5,15.3
31.7,16.3
26,17.5
28.7,14.7
24.2,18.5
24.4,16.8
21,16.3
27.5,16.7
29.2,14.6
33.5,17.3
30.8,14.8
32.9,15.9
31.7,18.6
31.3,18.3
30.2,15.7
28.9,19
28.3,16.5
27.3,17.9
30.1,18.8
29.9,15.5
26.4,17
26.2,17.5
24.4,18.4
29,15.6
30.4,13.6
29.7,16
30.3,16.3
31.4,20
32.2,20.2
28,16
26.6,17.6
26.9,13.3
29.5,17.3
25.1,20.6
28.9,18.3
28.3,18.5
28.1,19.5
27.7,16.7
23.6,17.3
21.8,16.5
24.2,16.8
28,15.6
28.6,18.4
30,17.1
28.8,18.7
30.3,17.2
30,18.9
27.2,20.8
29.4,15
29.1,13.5
24.1,14.7
27.2,14.6
24.8,13.7
21.1,15.6
24,14.8
26,11.7
25.1,16.7
23.3,18.1
28.7,12
23.3,14.7
22.4,10.8
24.2,5.4
26.7,8.5
27.3,10
27.3,11.7
29.3,15.3
25.6,15
29.8,12.7
29.7,11.3
30.3,13.2
25.9,15.6
21.4,13.7
19.7,12.1
15,8.1
20.6,4
22.8,5.7
22.8,7.9
24.5,10.2
26.5,9
27.2,9.4
21.6,12.4
23.2,13.8
16.1,9.7
15.5,4.4
18.9,2.2
21.4,2.9
21.4,4.7
21.9,5.4
22.6,5.1
22.8,5.7
23,5.5
18.2,12.9
23.3,9.1
22.9,7.6
20,6.7
15.4,10.7
18.9,5
14.9,8.1
14.2,4.5
17.3,0
20.7,-0.6
21.6,1.7
23.3,3.2
17.8,5.7
11.3,2.3
17,4.3
19.5,0.6
19.3,1.4
19.7,3.7
14.5,5.7
13.9,-0.9
20,-0.1
20.6,1.3
13.2,2.5
14.6,1
14.4,4.8
11.8,2.6
10.7,-2.2
13,-2
17.1,-2.5
16.6,0.5
11.4,3.6
10.5,2.2
14.4,1.3
16.3,0.3
17.8,-1.2
13,-0.5
13.5,2.6
14.9,-3.7
7.8,0.4
9.9,-6.9
9.8,-5.1
13.4,-5.7
11.8,-1.8
5.9,-5.3
-4.3,-7
0.5,-9.8
5.8,-8.1
4.8,-4.1
7.7,-6.2
5.7,-4.9
3.9,-5.6
-1.6,-9
0.4,-11.2
-1.2,-10.8
-0.2,-15.3
2,-11.4
1.6,-7.4
3.4,-11.6
5.6,-9.6
2.6,-10.4
5.1,-10.3
7,-8
1.2,-7
-2.1,-13.6
3.1,-10.7
0.6,-5.4
-0.5,-9.7
4.6,-7.7
-2.5,-10
-1.2,-14.8
-5.1,-14.8
-7.4,-13.2
-0.2,-14.1
-0.9,-10.6
-3,-14.1
-7.3,-13.2
-6.2,-15.1
-7.5,-15.1
-10.9,-20.3
-5.9,-21.8
-6.1,-17.2
-5.5,-16.4
-7.5,-14.9
-7.2,-14.8
-4.8,-9.4
0.3,-10.2
-2.1,-8.7
-3.5,-14.5
-6.9,-20.9
-2.6,-13.4
-6.7,-15
-7,-14.6
-10.7,-19.6
-15.2,-24.4
-8.9,-23.9
-11.5,-24.1
-5,-21.4
-0.9,-20.3
-7.1,-16
-9.7,-15.8
-9,-16.6
-7.5,-17.3
-10.6,-18.3
-15.7,-24.4
-14.2,-27.1
-10.7,-27.5
-8.1,-26.4
-5.5,-23.8
-2.9,-18.8
-9.2,-18.7
-6.7,-20.9
-1.6,-19.8
-4.1,-15.4
2.6,-12.1
0.4,-16.6
1.2,-16.4
0.9,-11.7
-5.4,-13
-2.3,-20.7
2.5,-15.5
-1.4,-16
-4.6,-8.3
-2.3,-15.2
-5.5,-23.1
0.8,-12.8
-3.9,-15.7
-1.2,-15.1
1.6,-15.6
3.6,-12.9
6.4,-9.3
6.2,-11.7
6.2,-7.4
-0.8,-8.5
-4.3,-12
0.5,-16
-2.8,-9.9
-1.9,-14.4
3.4,-8.4
-4.6,-14.4
-8.2,-18.7
-2.2,-17.4
1,-10.1
-7.3,-11.7
-2.5,-13
-0.5,-11.5
3.4,-10.7
0.5,-10.3
0.8,-15.5
0.5,-12
-2.4,-9
-2.6,-11.9
-1.2,-17.9
0.2,-14.1
3.2,-15.4
1.5,-11.3
7.7,-12.6
8.3,-7.8
2.2,-4.4
10.2,-9.5
11.7,-3.6
4.4,-6.7
0.8,-10.8
4,-8.1
9.5,-5.8
9.1,-6.1
15.4,-5.2
13.2,-2.3
15.7,-3.3
21.1,3.1
15.5,-2.1
8,-8.9
11.3,-7.3
5.9,-1.3
1.5,-6.8
10.4,-6.8
14.8,-3.2
14.5,2.1
15.6,1.3
12.1,-3
6,-1.8
6.3,-9.7
17.6,-4.7
10.9,-5.8
8.2,-1.8
5,-8.7
11,-6.7
16.4,-4.8
10.6,1.6
6.7,-4.4
6.7,-4.8
12,-4.4
9.5,-3.2
8.1,-0.5
17.9,-5.6
20.2,0.5
13.6,2.9
5.1,-0.9
9.7,-8
15.6,-1.1
4.9,-3.5
2.3,-2.7
5.2,-6.3
11.7,-7.8
19.3,-0.5
16,5.5
17.6,-2.1
27.3,1
20.4,3.9
16.8,5.6
7.5,-2.9
5.5,-1.4
12.5,-1.8
17.2,-0.3
18.8,4.6
16.3,3.8
17.1,1.4
16.2,1.1
26.9,0.4
22.6,6.4
18.2,9
21.5,2.5
22.9,5.1
23.1,4.6
24.5,8.8
22.3,6.9
27.5,8.2
29.1,10.3
28.3,10.2
26.7,13.1
24.8,12.2
17.7,11.1
24.2,5.2
26.5,7.8
28.2,7.3
28.6,13.9
24.4,10.8
26.5,12.6
22.7,11.6
24.7,14.4
28.5,10.3
25.4,13.4
27.4,3.7
29.9,16.6
29.9,15.3
30.2,13.8
21.2,10.8
26,8.9
25.9,13.9
26,13.3
21.3,13.6
24.9,9.1
29.3,11.6
30.6,14.2
25.2,13.9
30.5,11.9
31.1,11
29.2,15.3
25.4,14.6
23.6,15.5
21.6,14.5
26.2,15
20.7,12.2
22.5,11.9
22.7,10.9
28.6,9.1
27.9,14.1
28.6,16.3
29.5,16
26.2,17.6
25.5,14.8
25.9,16.2
29.5,16.3
26.7,18.1
26.8,16.2
21.1,16.8
26.9,11
28.2,14.2
28.9,14.9
30.2,14.1
30.6,17
29,16.6
28.5,15.6
24.7,18.5
21.7,16.6
27.5,14
29.6,16.9
29.6,18.4
29.9,15.7
32,15.2
30.5,16.3
27.5,17.6
22.4,18.7
20.8,16.7
25.4,16.2
29.6,16.8
30.8,17.3
27.7,19.3
22.6,18.8
25.7,15.1
27.6,14.2
26.3,18.1
26.9,16.8
29.6,17.1
30.2,15.4
26.6,19.1
31,14.8
31,15.1
31.2,16.4
27,19.1
23.4,18
29.7,16.3
27.1,19.7
30.5,16.5
29.3,15.6
27.5,13.6
26.3,14.3
29,13.4
29.6,14.7
29.2,12.2
29.9,16.7
26.3,17.4
28.1,15
29.2,14.6
31.4,16.4
28,17.4
29.5,16.2
30.6,17.1
31.8,16.9
31.3,20.9
29.8,23.2
28.8,16.3
28.2,17
28.5,12.1
23.8,16.3
27.3,14.4
24,16.6
29,15.4
28.7,13.2
29,13.3
30.1,13.4
27.8,15.7
25.6,17.5
19.7,12.4
20.4,11.4
23,6.7
24.9,7.1
25.7,8.8
24.7,8.6
19.6,13.6
21.8,7.2
22.7,7.6
25.1,7.2
22.6,11.5
24.7,12.5
22.7,10.6
26,7.8
25.2,10.7
28.4,10.2
23.7,11.7
24.7,9.2
26.1,10.2
25.5,15.7
23.5,15.4
24.3,13.4
22.8,8.6
24.2,11.5
24.5,12.7
19.7,7.9
15,4.5
19.3,0.7
21.9,4
24.8,4.9
25.6,6.7
20.7,6.3
18.3,9.9
18.7,10.7
19.6,2.8
22.5,3.5
26.4,8.1
21.5,8.3
20.1,7.4
16.7,8.8
19.1,4.2
25.8,4.7
18.4,7.9
22,2.2
18.1,4
17.6,8.7
14.8,3.9
11.2,-5.6
15.7,-5.1
16,-1.8
17.6,0
11,-0.9
12.2,-2.7
15.2,3.1
11.7,-0.2
8.5,-4.6
7.4,-4.3
10,-5.6
14.1,-6.2
16.4,-3.3
12.3,-1.1
9,-2.7
12,-7.1
10.5,-4.7
8.3,-1.2
12,-2.1
10.6,1.1
12.8,-6.4
12.4,2
8.7,-1.2
11.3,-6.6
10.4,-5.5
7.7,-0.9
4.3,-11.9
7.2,-7.3
9.4,-7.5
8.9,-3.6
6.8,-3.8
9.5,-2.9
5.2,-2.3
1.9,-6.4
3.4,-6.6
5.4,-9.5
6.2,-8
6.8,-9.8
8.6,-9.8
7.4,-7
2.7,-2.5
0.3,-7.3
-2.5,-9.4
-7.6,-14.2
0.8,-15.3
4.4,-9.3
3.5,-9.4
4.3,-12.9
6.6,-10.6
5.1,-11.5
6.4,-9.5
3.1,-6.5
6.4,-7.4
7.5,-10.9
1.1,-6.8
-0.2,-10.6
-2.9,-9.5
0.9,-10.9
-2.7,-11.9
0.7,-15.6
1.9,-17.2
1.1,-13.9
-0.5,-13.2
-4.7,-11
-4.1,-19.5
-2.9,-17.8
-1.8,-18
-2.6,-18.6
-0.5,-16.3
0.4,-16.3
0,-16.4
-1.6,-13
-5.1,-15.2
-6,-19.6
-5.4,-16.8
-0.6,-13.5
-0.1,-10.3
1.2,-5.4
4.5,-7.5
4.9,-8.9
2.1,-12.4
1.5,-11.1
0.4,-14.2
1.8,-16.1
-2,-8.5
-7,-15.5
-6.3,-19.7
-1.1,-19.2
-0.5,-16.6
-3.3,-16.9
-1.7,-17.1
-1.4,-18.1
0,-18.6
0.8,-14.9
-1.6,-11.4
0.7,-15.2
0.3,-12.3
-4.1,-10.9
-0.3,-17.9
6.7,-13.2
9.4,-12.5
2.3,-4.5
-0.8,-6
3.7,-15.4
4.4,-12.3
4.4,-17.9
7.8,-9.1
4.7,-11.9
3.6,-8.9
8,-11.6
2.7,-6.3
-6.2,-13.2
-6.6,-17.8
-2.3,-17.4
-4.7,-13
-4.7,-9.5
-7,-15.4
-10.8,-21.8
-6.8,-23.9
-2.6,-20.5
-1.5,-18.2
-0.9,-14.5
3.2,-8.7
3.9,-10.5
2.7,-9.1
1.8,-7.4
0.4,-7.9
-1,-16.2
4.6,-15.8
7.7,-11.5
1,-7.3
2.1,-4.8
7.5,-4
11.5,-1.2
5.2,-1.8
-0.5,-10.6
-0.4,-10.8
4.3,-10.9
5.5,-10.3
7.7,-10
1.1,-8.4
1.4,-13.1
1.5,-13.8
1.6,-10.8
6.3,-9.1
8.3,-10
13.4,-8.5
8.5,-2.5
2.5,-5.4
7.8,-9.8
14.1,-7.1
17.9,-0.3
20.9,-2.4
11.8,2.5
12.4,-3.4
7.2,-0.5
11.7,-2.6
16,-5.4
16.1,-1.7
19.2,-3
20.6,1.4
21.2,-0.3
23.1,0.9
23.6,1.4
17.4,6.7
15.9,1
19.4,0.5
15.1,8
19.6,-1.3
17.3,1.9
13,1.4
17.6,2.4
14.9,-0.5
19.5,-4.1
22.8,0
24.7,2
21.7,9.4
17.7,11.5
17.4,8.1
21.2,5.5
24.2,5.1
26.3,7.4
20.7,10.4
16,7.9
17,7
16.3,6.4
14.7,7
14.7,3.9
15.7,3.9
20.1,2
22.9,5.8
26.5,7.3
20.8,6.3
15.7,0.9
20,2.9
20.6,5.8
23.5,5
26,7
21.8,5.4
14.9,2.5
15.5,3
9.9,-1.9
17.6,-0.5
22.7,3
18.7,7
22.8,6.3
21.8,12.7
14.9,8.3
11.7,5.6
24.3,5.2
22.7,9.4
18.5,6.6
25.1,8
22.5,10.7
23.4,10.6
26.5,8.4
25.9,11.5
27.2,11.8
31.1,13
30.7,14.4
26.6,15.4
24.2,13.9
22.4,14.5
28.4,10.7
25.2,17.8
32,12.4
33.3,15.7
35.2,13.8
29.3,19.5
20.6,14.1
22.4,13.2
29,9.9
24.7,15.9
26.4,11.1
23.5,14
25.1,8.7
25.8,14
22.4,10.2
24.5,13.3
25.1,12.5
29.2,12.8
29.8,14.4
30.8,14.2
29.3,19.4
27.7,15.1
25.7,14.5
26.2,15.1
24.8,13.5
27.3,12.7
26.6,13.6
21.7,11.9
27.4,10.9
28.3,15.3
24.7,16.5
28.3,13.9
26.4,14.1
30,13.3
29.4,14.6
26.7,15.3
27.2,16.8
27.5,15
27.8,17.4
30,13
28.3,16.6
32.7,18.1
27.6,20.4
24.9,20.1
25.2,16.4
28.2,13.2
28.6,15
27.1,14.4
28.4,12.8
29.2,13.1
29,12.3
28.9,15
33.7,17.9
34.7,18.8
32.8,19.3
32.9,19.6
26.6,19.4
21.3,17.1
22.3,15.5
29.9,16.4
31,15.4
33.7,15.7
32.9,16.8
32.5,17.4
28.3,17.9
29.6,15.6
31.7,17.4
32.1,19.8
30.8,20.2
29.7,22.2
24.2,15.2
27.1,13.1
26.7,16.1
28.3,12
26.8,14.4
28.1,15.6
27.9,13.6
27.4,12.8
26.4,15.2
21.3,13.7
25,10.3
25.4,12.2
27.2,10.9
26.6,13.4
27.1,11.1
29.3,12.8
28.9,14.8
31.2,14.5
21.9,15.2
26.1,13.4
24.3,15.5
25.3,8.1
27.6,7.2
27.3,8.8
24.1,14.9
24.8,11.5
25,14.2
25.6,12.5
20.8,15.3
21.7,14.4
24.1,7.7
27.6,8.9
27.9,10.6
24.3,10.9
24.7,15.8
22.3,7.4
23.1,6.1
24.8,8.8
20.3,12.8
17.6,14.3
22.4,13
19.1,12.6
20,3.4
16.8,6.5
20.8,8.7
22.9,5.4
24.8,10.3
23.8,10.3
25.7,5.4
20.1,11.7
13.8,10.6
19,9.6
21,5.5
22.8,10.4
20.7,4.9
18.4,9.1
13.8,8.4
17.6,6.4
10.2,5.1
15.5,5.9
17,3.8
18.4,8.5
13.2,3.7
17.8,-0.2
22.4,4.3
22.8,6.5
22.4,5.4
20.8,9.8
15.5,5.5
7.9,2.7
12.1,-4.5
16.7,-0.4
12.8,4.1
17.2,-3.4
20.6,2.5
21.5,0.4
19.1,7.8
19.7,1.7
17.6,3
20.5,1.8
22,0.1
22.4,3.7
23.7,4.5
17.9,4.4
13.5,-1.9
11.4,0.7
15.1,4.4
11.6,6.5
9.7,6.4
7.5,0.6
7.5,-1.9
11.7,-3.9
13.9,-4.3
12.2,-1.7
7.7,-4.4
3.5,-1.1
6.5,-6.8
9.9,-8.3
8.9,-5.9
5.5,-0.6
1.4,-5.6
5.2,-7.8
6.1,-7.9
5.7,-5.1
2.9,-6.6
5.2,-8.4
8.1,-8.7
10.3,-5.6
8.8,-1.8
7.4,-6.7
6.6,-9.3
6.3,-3.7
6.4,-8.8
9.1,-7.6
7.1,-3.4
2,-4.2
5.2,-8.3
3.6,-6.3
2.3,-11.4
-8.3,-15.4
-4.2,-17.8
-6.4,-12
-3.8,-14
-0.9,-14.8
-0.2,-14.5
-2.6,-10.1
-0.4,-17
-3.2,-13.1
-2.9,-10.2
-4,-15.8
-4.8,-13.7
-1.1,-14.4
-1.1,-15.4
-2.7,-12.5
-8,-14.4
1.2,-12.3
2.7,-11.2
-3,-10.7
-5.5,-18.3
-3.2,-16.2
1.5,-12.3
2.3,-14.4
-2,-11.8
-0.2,-17.8
0.6,-12.6
2.1,-10.9
1.3,-10.7
4.2,-9.6
2.4,-12.8
-7.1,-15.1
