20050101
-5.6,-20
-2.9,-18.3
1.7,-10.5
-2.1,-9.6
-3.4,-10.5
1.2,-12.2
-2.4,-9.6
-1.3,-11.8
-3.1,-10.8
1.1,-13.2
0.1,-11.4
0.8,-11.6
-0.1,-10.9
-1.6,-13.5
0,-13.4
3.9,-13.3
2.7,-7.9
1,-10.6
1.3,-12.4
2.3,-11.3
-1.6,-8.9
-0.1,-8.5
0.8,-9.9
2.4,-7.3
0.8,-7.9
-0.9,-10.6
3.3,-12.6
8.5,-7.9
-0.6,-8.8
0.2,-9.4
1.8,-10.2
0.4,-10.4
2.8,-11
1.9,-8.9
0.1,-8.5
-3.3,-6.6
-4.9,-8.1
-1,-10.2
-3.5,-8.2
-0.5,-7.1
-2.2,-10.4
-2.2,-10.2
4.9,-10
5.5,-9.2
-0.5,-5.2
-0.5,-4.2
1.1,-6.7
-1.4,-7
-2.2,-10.9
-5.3,-17.8
0.7,-16.1
7.2,-8.2
11,-1.7
5.5,-6
6.4,-5.1
2.6,-4.5
7.3,-10
7.4,-2.2
11,-3.8
12.5,-1.8
5.6,-1.7
2.6,-4.9
-1.3,-10.7
10.9,-9.7
16.3,-2.6
16.8,0.6
17.8,-1.4
19.2,0.4
12.5,3.2
3.7,-4.3
2,-10.3
8.8,-10.4
10.2,-2.2
13.8,-4.5
8.2,2.2
6.1,-1.9
7.1,-8
11.4,-1.3
14.2,-0.5
7.7,1.4
11,-0.5
13.9,-0.2
12.6,-4.4
17.1,-3.9
16.7,1
18.3,1.5
19.6,3.5
11.4,4.7
19.2,-1
21,3.1
17.3,5.1
18,4.9
19,2.5
25.4,7
23.6,10.7
29.9,11.3
24.3,13.1
13.2,2.2
8.8,2
12,-0.5
11.9,5.2
13.6,4.1
18.5,0.7
20.2,6.6
18.4,2.4
22.8,6.6
23.7,11.9
24.8,8
18.9,8.2
18.1,2.5
23.4,2.5
21.9,4.9
24.9,7.5
23.7,9.4
24.7,7.5
28.3,12.7
30.1,13.1
32.9,15.8
28.8,11.5
32,12.5
24.1,14.1
24.6,9.3
26.7,11.9
20.3,14.3
18.3,11.2
21.7,5.6
27.8,11.9
24.4,6.2
24.9,8.9
26.6,10.9
27.8,10.5
27.8,12.4
24.5,16
26.1,10.6
18.4,9.8
16.7,13.7
16.6,13.3
24.2,8
23.2,11.9
22.5,8.4
26.5,10.6
25.3,8.1
27,12.8
27.5,14
26.3,16.2
26.4,12.8
27,14.1
24.2,14.4
22.1,11.7
28.6,12.6
27,15
28.9,14.8
31.5,12.9
33.9,15.2
31.6,17.2
24.8,14.2
26.1,10.6
27.6,13.3
28.8,13.3
23.1,15.3
29.1,12.2
31.7,18.1
32.3,18.5
34.2,20.9
31.9,14.9
30.7,13.9
31.8,16.5
34.2,17.2
32.8,19
34.2,17.2
34.7,19.6
31.8,17.2
38.1,19.6
36.6,18.8
33.5,21.6
27.9,19.8
26.2,16.7
28.2,16.2
25.5,19.1
31.2,15.6
25.9,17.5
26.6,19.4
24.1,16.9
28.5,16.4
26.2,19.1
31.2,19.5
34,15.8
31.6,14.4
29.3,14.3
33.3,16.7
31.3,18.6
31.4,16
33.8,19.1
33.7,16.7
33,16.9
31.9,15.6
28.8,19.5
26,18.1
27.8,20.5
28.5,20.5
30.8,19.6
31.1,20.1
25,19.8
27.4,20.5
28.8,20.9
29.3,18.2
29.1,17.4
23.8,19.1
29.9,17.8
29.7,18
29.3,18.4
28.2,19.3
32.3,19.5
28.8,17.8
26.3,16.4
25.5,15.8
26.2,16.2
25.3,15.3
25.9,18.8
27.9,16.6
27.9,19.7
29.6,20.3
31.8,21.5
33,23.6
31.6,22.1
29.7,20.4
30.9,19.9
26.5,20
20,14.5
22.2,10.3
23.5,12.9
19.7,9.8
23.4,13.9
22,9.9
16.8,14.2
23.2,12.3
25.7,13.6
27.7,15.3
27.5,14.1
26.4,13.5
22.1,17.4
27,13.6
27,9.5
29.2,12.8
22.2,15.7
24.1,11.2
22.8,7.1
24,9.6
24.6,8.1
26.4,11.9
27.2,9.8
29.6,12.1
29.3,13.9
27.5,13.6
28.3,10.4
26.5,11.4
20.3,15.3
21.8,14.2
25,16.9
27.9,12.4
25.1,14.3
22.8,16.9
17.2,10.5
16.5,11
20.2,6.9
21,7.3
22.9,7.6
18.3,12.6
16,11
15.6,12.1
14.8,13.1
17.6,13.5
17.9,12.3
14.6,11.5
11.7,5.9
13,6.1
18.5,4.1
21.2,4.8
14.1,10.3
16.5,4.3
18,1.7
20.3,2.2
20.6,3.3
18.7,5.4
15.8,10.5
15,9.1
14.3,0.1
18.4,0.1
21.3,4.6
19.7,2.4
15.2,7.2
10,6.2
11.1,8
12.8,5.5
11.1,3.8
16.3,2.3
17.7,2.1
17.6,1
16.8,2
14,6.7
12.3,-0.2
12.7,-1.8
12.5,-1.9
15,-0.3
17.1,0.9
18.7,3.7
19.6,2.5
19.5,3.9
17.3,10
16.8,0.9
17.4,3.6
15.2,-0.9
18.2,2.5
16.8,-0.7
17.3,0.8
16,3
10.7,4.1
6.5,-0.9
7.5,-2.3
8.6,-1
9,-2.7
7.9,0.9
6.2,-2.5
6.7,0.2
8.6,-3.9
7.8,-3.7
8.5,-3.7
9.7,-4.2
11,-4.1
12.3,-1.3
14,-1.3
7.6,-1.5
8,-4.6
9.8,-1.9
5.2,-5
5.6,-5.4
1.5,-6.5
-5.1,-13.2
-2.6,-15.3
-1.6,-13.4
1.7,-13.6
7.9,-9
6.3,-7.7
0.1,-8.7
-0.4,-8
-0.1,-12.8
-0.6,-14
-2.8,-10.9
0,-14.6
1.9,-12.4
-0.2,-14.6
6,-13.4
5.7,-11.9
0.6,-7.3
-6.4,-14.7
7,-11.1
7.5,-8
8.6,-6.9
6.9,-7.9
5.4,-10.2
0.2,-9.4
-0.7,-7.7
1.3,-5.1
-2.2,-6.5
-0.5,-5.7
3.1,-8
0.2,-8.4
-0.1,-4.4
-1.9,-9.3
-9,-11.9
-4.9,-17.9
-4,-15.1
1,-13
7.9,-11.3
8.4,-9.3
2.5,-10.4
2.8,-3.2
5.9,-6.3
5.1,-4.7
5.5,-6.6
3.8,-3.5
0.9,-3.2
-1.5,-5
-2.6,-7.1
-2.4,-9.3
-0.1,-11.8
-1.4,-10.3
-0.1,-10.9
1.9,-8.3
1.6,-7.8
5.5,-9.2
6.5,-11
5.4,-3.9
4.6,-5.2
-0.8,-5.2
3.1,-4.8
4.4,-6.5
3,-3.6
-1.9,-7.7
1.1,-11.9
-2.5,-5.4
0.5,-4.4
2.6,-11
-1.9,-10.6
4.8,-9.9
9.8,-5.9
10.8,-2.9
11.8,-3.3
12.8,1
8.8,0.3
6.8,-3
2.4,-5.2
2.8,-9.9
6.6,-4.6
9.4,-7.9
14.2,-2
7.3,-0.7
7.8,-5.9
4.3,-2
10.8,-2.1
8.6,-0.2
0.5,-6
-2.9,-6.9
1.4,-10.4
6.5,-10.1
7.9,-5.9
12.3,-0.6
13.4,1.1
14.7,0.6
14.6,-0.5
18.7,0.5
11.2,4.5
15.2,2.8
15.5,4.8
10.1,1.4
1.5,-7.5
5.6,-10.5
9.5,-4.6
9,0.9
16.6,-1.4
13.6,1.3
12.3,2.7
16,0.1
17.4,2.7
13.9,2.6
12.5,2.4
13.9,-1.2
15.5,-0.3
17,1.4
15.2,-0.8
17.3,2.7
13.4,-5.1
20.9,1.7
22.8,4.3
23.1,9.5
19.2,10.4
23.1,3.3
17.7,7.4
14.6,8.8
16.5,0.4
18.6,6.7
24,9.5
26,9
21.1,10.8
24.4,7.3
21.4,8
9.5,-3.3
8.3,-1.7
12.7,0.6
16.9,3
19.7,6.3
23.9,9.6
22.4,10.3
16.4,4.1
17.3,2.1
15.5,5.3
19.6,7.4
19.2,4.8
22,4.6
17.5,10.2
23.3,9.3
20.3,10
21.8,8.2
30.5,11.9
34.7,18
25.9,16.5
21.7,9.5
25.5,12.8
23.3,17.4
22.4,14
25.9,7.8
26.1,11.5
26.3,11.7
22.4,13.5
20.3,11.2
14.3,4.4
13.6,4.1
18.3,7.9
22.9,6.7
26,9.5
28.7,13.3
28.6,12.5
29.4,14
29.1,11.8
25.9,14.5
14.6,12.3
21.3,8.5
25.6,11.5
23.5,15.2
17.7,13.4
18.7,11.5
21.6,6.3
26.3,8.4
28.9,13.3
30,17
25.8,14.9
26.7,13.7
26.6,16.6
23.5,15.1
27.3,9.4
26.7,15.7
26.7,11.3
29.9,17.2
26.5,13.2
25.9,11.9
24.8,8.3
30.2,14.7
30.6,19.3
25.2,16.3
26.9,13.8
30.9,14
34.4,19.1
31.5,17.5
32.3,15.9
35,22.3
28.7,20.4
21.2,16.5
19.6,16.4
26.6,14.6
29.1,15.2
29,12.6
29.2,14
30.6,18.4
28.4,16.8
29.6,15.5
30.7,21.3
30.6,18.3
25.3,19.9
22.3,18.3
28.5,18
30.1,18.8
31.4,19
27.9,19.2
27.9,16.6
26,19.6
28.1,17.4
29.1,19.3
30,20.8
30.8,19.5
28.2,20.5
26.5,20.5
25.8,21.2
27.4,20.7
31,20.7
28.9,21.8
27.2,20.7
26.7,19.1
23,17.1
23.3,15.3
29.4,14.2
23.8,14.1
26.2,16.5
28.1,14.7
28.7,16.2
26.4,19.6
30.4,21.1
24.7,18.6
27.1,18.1
24.8,16.6
26.1,16.4
26.4,14.3
26.7,16.7
27.3,18.5
27.3,17.6
28.8,18.5
28.7,18.2
28.7,17.4
29.1,18.9
30.3,18.2
30.8,20
29.1,20
24.5,19.8
28.4,18.1
28.1,17.6
27.1,15
28.3,15.7
25.1,18.3
18.8,15.6
20.9,15.3
25.7,15.7
25.1,18.1
22.9,16.9
27.2,17.2
27.8,17.5
23.6,18.3
20.2,16.7
18.5,16
20,15.4
25.5,17.2
25.7,18.7
25.5,15.5
20.4,7.9
21.7,7.8
23.8,8.3
19.6,13.1
18.2,8.7
19.1,2.1
22.4,5.9
23.6,5.2
22.5,8.9
21.9,6.5
15.4,11.9
21.6,11.7
24.9,10.3
24.2,10.2
24.9,11
24.6,9.1
20.8,9.3
18.7,11.5
21.7,11.5
22.9,7.6
19.4,11.6
22,13.6
17.8,14.7
14.9,13
21.8,11.9
19.5,8.3
19.8,10.9
23.4,5.1
23.7,6.8
22.9,6.6
23.9,6.8
23.2,6.8
24.4,9.2
22.4,10.3
19.3,8.6
24.4,8
25.8,9.9
23,6.8
21.5,7.9
24,10.5
26.5,7.9
24.4,8.3
19.1,12.7
19.5,11.7
16.2,8.5
20.6,10.4
18.8,7.9
15.6,9.8
18.3,4.9
14.7,1.4
9.7,6.2
16.4,2.6
14.7,2.5
17,2.6
18.7,4.4
18.2,0.1
18.3,8.8
17.7,3.8
18.7,3.5
18.9,2.8
19.3,1.7
20,4.7
13.6,-0.9
12.9,-2.6
18.7,0.7
19.4,6
17.8,1.6
17,4.3
15.7,-1
17.2,0.5
12.4,1.4
11,-3.6
10,-6.3
12.4,0.6
13.3,2.1
9.3,-2.8
11.5,5
10.4,2.1
13,-3.2
5.6,-3.4
0.7,-2.6
0.1,-2.5
0.6,-1.9
3.4,0
1.6,-0.7
3,-5
5.1,-5.5
4.7,-5.7
4.6,-4.6
1.4,-9.8
0.6,-9.7
2.5,-10.4
5.2,-7.6
0.1,-6.5
-0.4,-3.5
-0.3,-5.3
0.7,-12.4
2.6,-9.2
6.2,-6.6
3.6,-8
2.4,-5.8
6.8,-7.1
4,-7.5
0.4,-8.1
2.3,-9.7
5.7,-5
7.1,-6.6
5.8,-4.4
9.9,-8.6
8.4,-8.7
3.8,-5.9
6.7,-0.9
1.2,-6.3
2,-7.5
-0.5,-5.8
-2.6,-6.5
-2.3,-7.5
-0.7,-5.3
-1,-5.2
-1.2,-9.4
-3.8,-10.1
1.2,-8.7
0.9,-7.8
0.5,-10.4
-1.1,-13.5
-0.5,-14.4
1,-12.1
6.4,-9.9
3.4,-11.9
-0.5,-9.5
1,-11.1
3.8,-13.5
3.1,-10
1.4,-9.6
2.1,-9
4.3,-11
5.7,-10.6
5.1,-5.5
7.4,-9.2
6.9,-9.5
1.9,-8.7
5.7,-4.8
4.5,-5.3
4.7,-4
2.8,-10.8
0.6,-7.4
6,-11.8
9.2,-5.6
7.8,-9.7
3.4,-8.3
7.8,-9.9
11.1,-8.9
12.2,-8.3
11.2,-7.1
13.9,-4.9
10.9,-5
5.5,-1.1
5.2,-4.2
10,-5.9
8.2,-6.3
11.3,-2.7
13.6,-3.9
8.1,-0.3
7.5,-8.7
5.4,-7.3
4.7,-4
5.7,-0.8
4.6,-2.3
11.7,-5.5
13.7,-2.1
14.1,0.7
14,-1.1
10.8,-3.3
13.1,0.9
14.2,-0.5
15.1,4.1
11.5,-2.5
5,-0.1
4.4,-0.7
5.7,1.8
3.7,-0.2
1.7,-2.1
-0.1,-8.9
4,-9.1
3.7,-8.1
8.2,-3.9
9.7,-0.6
2.9,-3.8
7.5,-8.5
10.2,-1.7
9.4,-2.4
5.4,1.3
3.8,0.8
2.1,0
4.5,0.4
5.8,-0.3
8.9,-0.2
11.5,0.6
16.3,-1
16.1,0.3
15,5.6
16.9,2.7
19.9,4.8
18,6.4
20.1,5.3
19.7,8.5
24.5,8.2
18.2,9.4
21.2,7.1
14.9,8.8
8.8,-1.1
13.3,-5.7
16.3,-3.9
14.1,4.6
16,3.3
15.1,0
17,1.7
19,5.4
20.5,3.7
21.7,8.4
21.5,11.4
17,3.5
21,5.6
12.3,3.7
13.2,0.1
16.8,3.7
23.5,4.4
29.6,12.3
24.1,15.7
26.4,11.6
20,10.1
12.5,4
16.7,4.6
21.5,4
21.4,8.8
22,6.2
21.8,9.8
22.9,9.3
23.1,9.6
22.5,7.5
26.3,8.8
25.2,10.9
28.2,10.6
26.1,10.9
26.8,10.5
30.3,13
30.4,18.1
23.5,11.1
23.3,5.6
21.3,12.1
23.8,6.2
27.9,8.6
31,10.9
29.5,16.5
25.7,14.8
28.8,15.1
24.1,7
25.6,8
30.1,12.7
23.6,13.5
19.4,16.1
24,14.6
26,14.3
28.4,14.8
30.2,16.5
32.1,15.7
32.2,10.7
31.1,16.4
22.8,15.9
22.8,15.5
29.9,12.6
30,14.2
30.2,12.2
27.4,14.6
27.7,14
29.7,16
30.5,13.3
30.8,14.7
32.1,15.1
30,16.5
30.8,14.5
29.7,14.5
26.8,15.6
24.8,13.8
26.8,13
28.9,15.2
29,14.7
23.2,15.3
16.7,13.8
17.5,15.1
20.2,15.2
20.4,16
27.6,15.5
30.1,14.7
34.1,18.5
31.4,17.8
28.3,15.6
31.7,18
26.1,17.6
25.8,17.7
28.5,13
27,17.4
27.7,17.2
27.5,17.5
26.9,16.8
29.7,16.7
29.4,17.9
30.8,19.2
31.4,16
30.4,14.7
32.9,19.3
30.3,16.1
23.6,17.4
24.6,16.2
27.1,16.9
29.3,17
31.1,18.1
30.8,22
23.1,18.8
19.8,16.3
26.6,12.6
26.9,16.7
25.7,13.5
23.2,17.4
26.4,15.3
27,16.2
26.9,15.9
28.7,18.1
24.7,19
24.6,18.9
29.7,18.2
31.7,19.2
26,18.9
27.1,16.7
27.6,16.1
27.2,17.7
26.4,17.9
29.3,19.1
29.9,20.4
26.7,18.2
25.3,17.7
27.5,12.8
27.3,12.2
29.7,12.1
28.7,12.2
27.1,14.6
26.9,15.2
27.2,14.3
28.2,17
28.6,16.2
30.2,16.5
31,16
28.7,15.8
29.1,14.4
31,17.6
28.2,18.7
29.6,18.3
23.3,17.7
24,17.8
20,16.7
17.1,15.5
16.1,12.9
24.7,10.9
25.5,11.7
18.6,12.9
18.8,13.1
20.1,9.8
23.9,8
20.1,12.9
25.3,12.5
26.8,9
27.2,11.6
23.1,10.6
22.5,13.8
19.5,14
23.7,10.4
27.9,12.5
27.1,10.7
19.9,14.4
20.8,5.7
21.9,3.7
24.3,4.6
26.4,5.1
24.8,4.8
22.8,5.5
24,5.5
23,12.6
24.6,16.5
21.1,8.2
11.1,8.3
10,8
11.5,8.2
13.8,10.8
19.3,10.5
15.9,13.3
16.2,13.2
22.2,15.2
18.9,15.9
16,8.4
8.6,6.3
9.3,6.6
7.5,5.2
9.5,5.1
12.8,6.6
17.2,3.6
15.6,2.5
15.9,1
18.2,0.4
20.2,5.2
19.2,7.9
17,-0.9
17.7,-0.7
19.1,3.6
20.9,2
17.6,2.3
16.5,7.4
18.9,1.3
18.4,6.7
15.5,8.1
9.1,-0.6
11.8,-1.9
17.9,-1.3
12.3,-0.1
9,-2.5
13.5,-2.2
13,-3.5
12.6,1
14.3,-0.4
16.4,0.7
18.5,1.2
14.7,0
11.1,-2.2
11.9,0.2
9.9,-0.7
10.8,4.3
11.4,-0.2
16.1,1.4
5.9,0.2
6,-0.1
9.8,-1.6
6.6,-4.1
10,-1.6
12.5,-2
14.8,-2.9
15.9,2.6
15.8,-2.7
13.4,-2.6
11.3,1.9
6.4,-5.2
6.9,-7.7
11.9,-6.3
6.3,-5.4
4.2,-2.6
2.6,-6.6
3.8,-3.3
3.3,-9
3.7,-6.5
3.4,-5.9
5.2,-4.8
5,-5.6
3.9,-7.2
-0.2,-6.3
3.9,-1.5
0,-3.2
3.3,-4.3
2.5,-9.8
6.7,-6.7
4.6,-9.4
4.3,-6.2
7.2,-5
6.7,-7.2
9.2,-5.9
5.3,-6.5
4.6,-7.3
6.7,-3.5
6.1,-5.8
0.6,-4.9
5.8,-3.4
0.4,-4.8
3.1,0
1.9,-4.2
1.7,-11.7
-2.2,-13.5
0.4,-13.1
0.2,-13.5
6.2,-12.9
4,-8.4
4.5,-6.6
13.5,-10.5
9.1,-6.8
8.4,-6
11.5,-4
4.5,-7.5
-4.1,-7.3
-1.7,-5
-3.1,-7.5
-6.5,-11
-8.1,-16.1
-4.2,-13.8
-6.9,-15.2
-5.6,-11
-7.1,-11.6
-5.2,-8.4
-5.5,-13.4
-6,-13.9
-3.7,-10.6
-9.2,-18.2
-6.7,-19.2
-3.8,-11
-3.1,-14.3
-3.4,-14.6
-2.3,-11.9
-4.9,-12.2
-4.1,-14.6
-1.2,-17
-1.2,-13
0.3,-15.5
0.1,-15.5
-1,-14.4
-2.9,-14.6
-0.3,-14.7
0.7,-12.1
-4.5,-13.2
-2.2,-16
1.5,-10.8
1.2,-9.2
-2.1,-13.8
0.7,-13.8
2.8,-12.4
4.2,-11.4
4.8,-9.4
3,-7.9
1.6,-4.4
6.7,-8.9
7.2,-7.5
13.9,-3.3
11.5,-1.4
4.6,-4.3
-3.3,-6.1
1.9,-8.6
1.3,-10.6
7.6,-10.1
9.5,-5.3
10.3,-4.1
8.1,1.5
5.5,-3.4
9.5,-6.1
13,-6.1
15.2,-3.4
9,1.7
11,-5.4
12.4,1.1
15.2,-1.7
18.8,1.4
21.4,3.5
12.6,2.1
12.3,-1.5
15.7,-1.2
15.6,1.9
13.4,2.5
20.3,1.8
19.3,3.6
12.2,0.8
11.7,5
13.9,4.2
13.7,1.8
14.6,-2.3
17.3,2
13.1,-3.4
19,2.7
16.2,0
9.4,1.7
10.6,2.4
16.4,0.7
12.1,-0.7
13.3,4.8
14,-1.3
16.5,0.4
16.7,4.4
19.2,4.6
24.3,7.1
24.1,5.2
16.6,9.5
18.4,6.5
16,6.5
12.9,5.4
11.1,4
18.6,3.9
18.9,7.6
20.8,5.8
23.2,6.7
23.8,6.9
15.6,10.5
11.1,8.5
10.4,6.7
14,6.5
14.2,5.4
15,0
20,4.3
20.3,10
21.1,6.4
21.4,7.9
27.6,7.9
26.2,14.3
29,14.5
30.7,12.7
29.6,17.5
24.6,15.2
24.1,6.1
26.6,9.1
29.8,11.5
25.2,14.4
16.3,10.4
19.1,7.4
20.5,5.6
17.4,10.4
16.5,2.7
20.1,2.4
27.2,10.1
26.8,9.4
25,12.7
22.5,13.7
21.9,11.8
25.4,8.3
28,13
25.5,10.9
27.4,15.2
29.1,12.5
30.6,12.1
27.4,14.5
22.3,16.6
27.6,14.5
27,14.5
22.2,16.6
23.6,4.7
30,11.5
26.7,16.7
25.5,8.8
20,9.5
23.2,6
25.5,11.9
22.6,16.9
30.5,10.6
32.9,14
31.1,16.2
29.2,14.6
27.1,15.1
27.7,15.6
25.3,15.7
25,15.4
22.6,15.4
17.3,14
22.4,11.2
24.7,12.4
23.9,16.1
30.5,14.5
29.2,17.8
30.1,14.7
30.6,13.1
29,18.1
33.8,18.2
31.6,17.4
28.2,18.2
30.7,15.8
29.5,16.8
22.8,16.8
27.4,16.3
30.8,15.5
31.9,19.7
30.3,20.1
25.7,15.7
28.3,16.1
28.2,13.8
26,15.8
28.1,17.2
28.8,19.5
30.4,19.3
28.4,18.8
29.1,14.2
25.7,18.7
22.5,18.4
28.9,14.9
24.1,15.1
22.3,15.2
23.8,15.6
25.2,13.4
25.3,15.6
25.4,16.9
25.7,13.8
30,12.8
29.6,15.7
29.5,17.7
27.6,14.6
28.8,16.3
30.2,18.4
25.6,19.7
28.6,19.6
28.6,20.7
31.2,18.7
30,18
29,16.3
29.6,15.8
24.9,17.2
29,16.7
29.5,18.6
30.1,18.5
28.1,19.3
28.8,16.6
28.4,17.6
22.2,17.8
26.4,17.3
22.8,15
21,12.1
25.3,12.9
30.1,15.2
29.8,14.9
28.1,17.8
26.5,19
26.9,11.6
29.1,13.2
26.1,16.1
27,15.2
25,11.9
27,16.5
25.9,12
23.7,14
20.3,15.8
21.7,7.7
24.8,5.7
25.3,9.1
26.1,13.6
27.8,11
29.7,11
28,11.7
22.7,14.3
17.4,14.8
19.5,14.9
19.6,11.6
24.6,7
26.5,8
26.2,7.5
25,9.8
25.8,9.3
27.6,10.5
27.7,12.7
21.2,11.6
20.8,13.2
25.3,13.4
20.5,14.6
24,16.7
19.4,13.2
13.8,10.4
15.6,11.3
14.2,7.8
8.7,5.7
12.8,7.5
19.5,4.7
22.8,6.1
23.2,3.9
23.7,4.7
24.6,4
20.5,10
13.5,5.3
16.7,1.4
13.5,4.6
19.7,8.6
16.9,6.8
17.7,2.9
16.6,6.9
20.6,3
22.4,6.1
24.4,5.2
24.5,6.4
22.7,10.9
22.1,4.7
19.4,9.7
19.6,3.4
14.7,9.4
17.6,10.4
15.1,7.5
12.5,-1.4
13.1,-2.4
18,2.3
16.8,1
15.4,-2.2
11.4,7.1
19.3,3.1
16.8,4.7
16.1,0.3
19,4.9
19.5,0.4
17.4,1
19.5,0.6
18.4,3.5
16.2,2
12.4,5.6
11.3,0.5
9.7,-1.6
10.8,-4.4
10.8,-3.7
10.9,-0.6
12.1,2.8
6.6,4.3
10.2,1.2
11.9,-2.4
6.9,-3.2
2.8,-8.1
5.7,-8.7
10.9,-4.8
11.3,-7.6
10.3,0.7
6,-2
7.9,-3.8
8,-6.9
5.6,-3.5
3.3,-10.3
9.5,-8.7
10,-5.5
12.8,-3.7
9.7,-1.5
12.6,-5.8
7.6,-4.8
2.4,-9.3
-1.8,-14.8
3.1,-14
6.6,-7.9
9.4,-3.1
13.6,0.2
11.3,-4.3
11.5,-4.1
6.7,-5.5
2.8,-4.6
4.6,-10.5
8.3,-11.5
11.1,-7
8,-6.9
6.9,-5.5
9.1,-5.4
1.6,-6.3
-1.7,-14.5
-4.6,-21.3
5.4,-15.7
6.2,-11.1
2.6,-11.8
1.3,-6.3
2.9,-12.4
3.2,-3.4
-2.2,-13.7
-1.8,-15.4
-1.1,-17.1
2,-14.6
2.8,-12.4
2,-9
0.4,-9.9
-0.6,-10.7
1,-10
2.4,-11.1
1.9,-11.6
-2.6,-16.2
6.8,-16.5
-0.2,-14.7
-1.6,-17.1
4.8,-16.4
1.4,-13.2
6,-14.8
5.1,-12.1
9.7,-10.7
4.1,-7.1
3.8,-7.7
4.8,-4.8
10.3,-5.2
4.9,-9.8
-9.5,-18.7
-3.6,-20.4
1.4,-15.4
2.9,-13.5
9.8,-6.8
9.2,-8.3
12.4,-7.5
9.7,-8.2
8.4,-6.1
7.5,0.3
3.4,0.1
4.4,-0.8
5.4,-3.5
8,-5.3
10.8,0.8
6.2,-1.2
3.3,-1.1
7.6,-6.4
14.1,-1
12.1,-4
7.5,4.5
12.3,1.3
12.3,1.4
7.7,-1.1
4.5,-2.7
0.4,-3
1.6,-2
3.6,-3.4
4.8,-10.4
12.9,-4.7
7.4,-0.5
8,-3.3
3.1,-0.2
1.6,-4.9
-0.4,-3.4
5.8,-1.7
9,-3.7
7.4,-3.4
-0.3,-3.9
5.3,-4.7
2.8,-5.1
8.1,-8.3
7,-6.8
11.8,-1.9
14.4,0
16.3,-0.8
8.6,0.2
8.9,-0.2
5.8,0
3.2,-2.7
13.1,-6.8
16,1.5
20.6,5
26.2,9.7
27.9,4.7
20.7,5.2
17.3,4.2
12.9,7.7
14.5,1.2
15.5,2.8
9.9,1.9
14.7,-3.8
15.4,-2.8
10.2,1.3
14.5,0.5
13.9,2.9
10.4,2.2
9.2,0
9.9,-3.1
6.1,-3.1
12.8,0.3
18.1,1.5
18.5,1.7
20,1.2
21.8,4
21.7,4.5
21,7.7
15.6,9.2
23.4,5.2
23.3,9
26.9,10.8
22.7,10.1
18.4,7.7
21.3,2.9
22.8,3.2
20,10.7
16.4,12.8
19.4,7.8
19,1
16,4.9
18.2,6.7
17.3,8.2
17.7,2.4
18.9,2
24.8,7.1
26.8,11.4
22.2,8
25.6,8.1
22.8,13.4
24.7,8.3
25,11
25.8,12.2
26.1,10.8
25.7,9.6
26.9,11.7
24.3,14.5
23.7,17.2
17.8,11.1
15.2,11.6
23.4,10
20.7,13
15.3,10.4
13.3,8.7
23.7,10.1
22,6.5
25.2,10.5
26.8,9.1
25.8,11.8
26.6,11.5
20.8,12.6
26.3,8
26.9,12.6
23.7,11.7
24.5,8
18.4,10.2
14.3,11.5
24.2,8.7
24.8,6.1
28.3,8.7
29.5,14.2
30.7,12.6
30.1,14.6
29.1,11.9
30.7,13.7
23.1,14.9
27.2,14.9
24,15
27.2,13.2
27.4,11.8
29.7,15.3
28.6,15
28.9,12.1
29.7,13.1
29.1,13.5
30.5,17.9
28.9,19
23.8,17.1
25.9,17.9
29,12.3
32.9,16.4
29.3,16.3
33.2,16.6
35.1,13.5
35.7,20.2
34.2,21.2
31.8,18.9
29.2,17.8
32.3,14.5
32.9,15.8
32.5,14.3
32.2,17
32.6,17.6
31.2,18.4
28.9,19.1
32.1,18.2
28.1,20.3
25.5,18.7
30.5,16.3
25.9,18.9
30.5,17
32.4,17.9
25.1,19.1
31.8,15.6
30.7,15.4
31.1,20.9
28.2,23.4
33.1,20.3
32.6,19.9
25.2,22.3
26.3,21.2
29.7,18.1
33.8,18.2
28.9,19.3
25.4,18.3
26.4,13.5
21.8,18
28.8,16.4
27.5,15
27.8,15.3
27.9,17.3
30.5,17.8
30.3,20.3
27.1,16.2
23.5,18.2
22.1,17.7
26.5,17.7
27,15.5
28.2,15.3
29.6,16.4
26.6,19.1
31.4,14.4
32.8,14
33.3,12.3
33.1,14.1
32.7,18.2
29.5,17.4
25.1,18.3
27,14.9
28,19.3
25.7,19.2
21,14.8
18.7,13.7
26.8,14.1
26.7,15.4
28.2,19.2
24.5,18.9
31,13.7
26,14.9
18.8,12.5
24.1,11.1
25.9,10.4
26,9.5
23.2,12.6
25.9,12.9
25.9,17.6
27.3,18.3
22.9,14.7
14.6,12.2
14.8,11.5
22.9,9.5
15.1,10.2
21.6,11.6
20.4,11.1
15.5,12.4
24.3,11.9
25.3,9.4
22,13.2
25.8,11.3
22.8,9.4
17.1,14.3
18.6,12.9
21.1,2.5
23,3.9
26.3,6.4
22,13.8
24.3,7.6
23.3,13.6
25.2,11.6
23.6,8.2
22.2,10.7
22.2,11.4
24.7,10.9
24.9,6.9
24.5,7.5
22.3,7.8
22.1,3.6
23.7,1.4
14.7,10.5
16,10.1
16.6,8.3
13.2,7.8
11.1,8.7
16.4,8.7
16.7,3.7
18.8,0
21.8,1.7
17,6.4
20.2,2.1
19,6.3
17,0.1
21,6.6
20.4,3.3
21.7,8
22.6,3.8
20.4,10.6
21,5.7
21.8,6.7
19.2,5.2
20.7,8.4
22.2,4.9
18.1,7.9
13.3,7.7
11.4,2
4.7,-6.6
12.2,-6.7
17.1,-1.2
19.3,-1.8
23.8,2.8
23.3,8
22.3,3.9
11.2,2.2
2.2,-3.7
-3.7,-6.8
-1.6,-8.1
-1.2,-9.5
0.7,-9.9
-2.1,-6.5
-4.7,-9.9
-3.1,-15.4
-1.8,-15.8
0.3,-14
0.2,-10.3
3.3,-11.5
7.2,-8.2
4.9,-8.9
6.5,-3.6
7.3,-5.5
6.2,-3.6
3.5,-5.7
-0.8,-3.7
2.5,-3.6
4.2,-6.4
6.5,-7
4.1,-2.5
4.5,-8.8
3.5,-5
4.5,-9.3
4.2,-8.7
0.9,-5.7
0.8,-5.2
-2.3,-5.7
2,-5
2.9,-1
0.5,-4.8
1.2,-6.9
0,-7.1
-2.1,-4.9
-0.7,-5.3
-3.2,-12.4
-3.6,-14.5
-3.7,-14.6
-2.7,-17.2
4.5,-16.5
4.5,-10.9
5.9,-9.4
5.3,-8.2
-0.6,-13
-2.7,-10.3
-3.6,-14.4
3.4,-14.1
3.4,-6.8
-0.9,-10.2
1.5,-13.3
10,-4.3
7.9,-4.7
6.9,-8.3
2.6,-10.6
-4,-12.9
-2.9,-13.6
-2.7,-12.9
-1.4,-13.2
0.6,-12
0.4,-11.9
1.1,-10.1
-3.5,-11.2
-1.5,-19.2
8.7,-11.6
3.7,-8.7
7.5,-10.8
10.2,-9.2
12.2,-6.2
4.4,1.6
1.7,-1.5
-1.5,-4.8
-2.1,-8.8
1.2,-14
1.6,-7.3
2,-12.9
5.9,-8.4
7.8,-4.2
8.7,-4.4
5.9,-8.7
6.9,-6
6.1,-8.8
6.3,-5
6,-6.5
3.8,-9.3
6.7,-7.7
2.8,-5.1
2.2,-3.9
1.4,-2.2
3.5,-0.9
0,-2.2
-2.1,-9
-4.7,-9.9
-1.8,-10
-1.1,-10.5
1.1,-5.7
-1.8,-5.9
1.4,-8.9
-1.1,-7.7
3.1,-12.8
9.1,-8.3
14.4,-2.9
15.2,-0.8
15.4,-2.7
18.6,1
12.8,0.4
14.8,1.6
11.7,-3.3
10.5,1.1
2.8,-2.5
1.3,-4.6
9.7,-2.5
5,-0.7
6.9,-1.7
4.5,-1.9
0.4,-5.1
1,-4.8
-0.8,-5.8
-1.6,-11.2
9.2,-11
16.1,0
17.7,2.8
11.6,-0.2
6.7,1
5.2,-0.9
15.9,-3
14.3,1.5
10.2,0.4
26.7,0
17.5,3.7
11.9,0
10.8,2.3
10.8,1.3
8,0.6
7.9,-2.3
13.5,-3.7
14.6,3.3
16.1,-3.5
13,3.2
9.9,5.1
11.1,-0.1
12.5,1.5
15.3,-2.1
16.2,1
21.8,4.9
22.1,9.1
15.3,3.3
14.7,0.1
20.1,3.9
21.3,5.5
13.4,6.9
7.1,3.9
5.7,1.6
7.6,-6.4
3.8,-2.1
14.6,-2.5
19.8,3.4
18.8,6.1
24.7,7.5
23.5,7.8
15.3,8.1
8,4.3
14.1,1.6
17.2,-0.2
18.3,4.5
13.3,8.4
12.5,0.8
17.2,-1.7
13.1,3
19.9,2.1
21.9,2.6
27.2,7.4
32.3,15.8
29.9,17.1
23.6,15.8
21.8,12.5
22.3,8.2
27.5,11.2
25,14.3
17.9,9.8
24.3,5.8
25.3,7.4
21.7,7.6
19.5,11.8
22.5,11.9
26.3,8.8
17.9,12.4
18.7,12
21.2,9.4
26.5,9.7
27.6,11.6
23.7,14.8
26.8,12.2
28.1,11.9
30.8,14.5
28.1,14.8
21,14.3
17.3,13.3
24.6,12.2
27.9,13.3
29,12.8
25.7,12.8
24,14.5
29.1,11.2
19.3,12.9
23.8,14.9
25.5,12.8
25.8,13.7
23.7,14.1
22.1,15.5
18,12.3
22.8,12.8
27.8,12.9
30.5,14.9
30.5,15.4
32.7,17
34.5,19.5
32.3,19.9
32.7,19.8
32,14.9
30.4,16.2
32.3,17.6
34.1,17.9
34.6,19.8
29,15.7
28.9,17.1
28.7,14.8
30.3,15.2
30.2,13.1
33.5,15.7
35.2,17.7
32.7,22.1
27.7,22.2
29.5,21
26.9,19.5
32.2,18.1
30.5,22.5
33.4,16.9
29.8,21.9
25.9,17.9
27.1,17.9
28.1,16.9
30.6,19.4
31.9,18.3
29.4,18.6
29,18
23.9,18.7
28.1,15.1
25.5,19.5
27.7,17
22.2,17.1
28.9,13.3
29,16.5
29.9,17.4
26.9,18.6
24.1,19.6
28.1,18.9
29.2,19
28.9,18.8
30.2,19.6
33.4,19.8
33,21.6
32.6,22.2
27.9,22
28.5,20.1
31.8,21.6
33,22.3
28.8,21.2
28,16.7
26.8,14.1
29.4,20
28.1,20
27,21.1
27.7,20.7
31.5,22.8
25.9,17.4
24.3,17.6
27.9,11.2
28.3,13.3
28.2,14.2
28.4,17.7
23,19.4
22.8,19
24.6,19.6
25.1,18
19.7,14.6
21.1,13
23,12.9
19.2,10.8
21.2,12.9
25,9.6
27.8,13.2
26.6,17.3
25,15.5
24.9,13.9
23,17
24.5,14.3
21.9,15.6
20.5,15.1
18.8,15.2
18.1,15.6
18.2,15.2
18.6,13
25,9.5
26.5,12.2
27.5,12.3
26.5,13.3
25,12.3
25.2,16.6
26.3,16.2
28.6,19
28,20.1
21.9,15.9
26.6,17.8
21,10.7
19.8,10.7
20.6,6.2
13.6,7.8
17,7.9
23.9,6
22.8,9.2
16.9,7.2
19.1,8.8
20.3,8.8
19,10.8
19,6.4
17.7,1.3
20.1,1.9
23.4,4
25.3,5.6
25,11.6
23.3,7.4
22.5,8
21,12.3
18.7,6.3
14.1,8.1
18.4,3.8
21.1,6.5
20.1,1.6
21.8,7.5
21.3,6.1
15.7,6.6
20.6,5.7
12.6,7.4
13.6,6.9
18.7,3.5
19,3.9
13.2,8.9
10.5,1.3
3.3,0
8.6,-1.8
9.8,-2.6
13.2,-2.4
13.6,-0.6
16.2,-0.7
11.6,1.8
9.1,3.4
13.4,-2.2
15.9,-1.6
16.7,-1.3
18.3,-0.5
12.7,2.9
13.3,-1.2
15.9,1.3
17.8,2.8
12.5,2.3
14.6,-0.1
11.1,0
7.3,-0.3
7,-6.3
11.2,-5.8
14.2,-4.9
11.4,-1.6
15.1,-1.7
19,-1.5
9.5,-1
9.5,-7.5
10.9,-3.8
11,-2.8
11.6,-5.4
14,0.1
10,-3.5
12,-1
15.3,0.3
14.4,-2.2
16.6,2.4
7.5,-2.8
9.7,-4.1
16.1,-3.5
13.9,-4.7
5.3,-2.9
3.8,-9.4
8.7,-4.9
12.8,-2.6
7.4,-1.7
5.5,-5.8
11.1,-5
2.7,-4.2
-1.5,-9.6
-4,-11.5
0,-15.3
8,-10.3
9.5,-9
6.4,-5.3
8.8,-8.2
10.3,-4.2
10.2,-3.6
3.7,-7.1
-3.7,-7.4
-1.1,-10.2
2.8,-12.9
5.6,-6.5
4.4,-10.5
0,-7.2
-6.1,-15.8
-4.4,-18.6
-2.4,-17.3
-5.1,-15.2
-6.3,-13.5
-3.5,-14.3
-4.5,-13.9
-3.8,-18.3
1,-12.7
-0.1,-11.4
-3.7,-11.4
-2.9,-14.3
-2.2,-14.4
1.5,-16.7
4.1,-11.8
1.2,-10.4
-2.1,-16.5
-2.8,-16.8
-2.8,-12.8
-3,-17
-1.9,-13.5
-1.5,-10.7
1.4,-14.3
4.5,-12.2
-0.7,-14.7
2.2,-15.6
0.9,-11.8
-2,-11.1
-2.6,-7.8
-0.6,-9
-2.7,-15.9
0.3,-16.2
3.4,-14.7
4.1,-13.6
7.6,-12
6.1,-10.3
8.3,-9.6
8,-5.3
12.5,-7.8
10.1,-2.5
12.2,-4.5
0.5,-4.4
2.6,-6.5
3.7,-7
-2.4,-6.4
-2.5,-10.5
-1.1,-17.1
0.7,-14.8
2.7,-5.8
6.1,-6.9
4,-4.9
7.2,-6.4
8.4,-5.2
5.4,-4.5
10.6,0.5
17.1,-3.7
13.5,-2.3
4.7,1.5
2.3,-3.6
0.8,-3.3
-1.2,-4.6
1.4,-3.6
3.9,-9.6
2.3,-6.8
4.1,-7.7
8.4,-2.5
7.8,-2.2
11.2,-2
10.2,-1.7
8.6,-2
12.9,-6.3
14.8,0.1
20.2,3.8
19.3,3.1
11.5,0.4
5.1,-3.9
10.3,-5.9
14.9,-1.7
11.3,1.4
9,0.2
3.6,-0.5
6.3,-0.9
6.1,-6.1
10.2,-5.8
6.9,-5
9,-6.2
11.8,-5
11.9,-4.3
13.7,-4.2
17.1,0
18.6,-0.6
20.8,2.1
19.4,4.7
5,-2.3
10.7,-3.4
14.5,-3.3
12.6,-2.2
13.1,1.6
14.2,2.1
17.3,0.8
20.7,5.5
13.9,6.2
17,-1.4
22.6,1.3
27,7.2
23.7,9.2
24.3,8.4
19.1,7.5
21.8,9.1
19.7,2.4
21.6,4.9
22.2,5.7
21.6,9.4
19.2,5.5
19.7,4.8
22.4,2.3
28.6,12.5
24.6,11.4
20.3,5.3
24.9,8.5
32.6,14.8
23.8,13.5
20.5,6.9
21.9,8.2
22.9,6.2
23.3,11.3
26.3,11.9
27.7,11.5
27.1,12.4
26,15.9
21.4,13.2
13.9,9.8
22.6,7.3
19.5,7.4
21.4,4.4
24.6,9.1
26.4,11.5
25.5,12.9
29.9,14.5
32.2,14.5
25.9,15
19.2,8.1
16.5,7.2
18.5,7.9
21.9,6.1
19.7,9.4
23.8,9.8
25.6,12.1
26.7,12.2
28.3,11.9
23.3,15.9
26.6,13
26.7,12.5
26.4,9.6
28.7,12.3
30.5,15.4
30.1,14.4
27.7,15.7
29.8,17.2
33.5,13.4
33.8,16.6
27.2,18
29.8,16.5
31.6,16.2
30.1,15.3
29.3,15
30.3,15.6
31.7,16.4
29.3,16.3
25.8,16.1
28,15.4
31,13.6
28.9,16.6
28.2,16.3
26.5,20.5
28.9,17.5
28.5,16.4
21.4,14.2
26.7,10.6
23.3,17.5
30.3,12.4
31.3,16.8
33,19.8
32,19.5
28,19.9
22.4,18.6
23.1,17.3
25.7,18
22.7,17.7
25.9,14.5
29.5,14
29.4,13.5
29.1,19.1
30.2,16.2
28.4,16.4
28.3,16.8
28.4,14.8
28.6,16
28.9,16.6
28.1,15.5
25.3,15.8
26.3,14.5
25.7,15.5
28,16.6
27.3,20.1
29.8,19.3
30.3,20.2
30.9,16.3
30,18.5
31.8,15.6
32,17
25.4,20.6
27.8,18.1
28.1,19.4
21.8,15.4
17.4,15.3
26.1,14.8
26.5,16
26.6,18.2
25.9,17.8
26.5,15.5
29.7,17.9
31.5,17.6
27.5,18.2
28.5,17.7
28.8,17.9
28.9,19.4
30.4,19.5
32.2,21.7
26.7,21.9
21.9,18.4
18.4,14.7
15.8,14.3
22.2,14.2
22,14.2
22.2,13.3
23.7,11.8
24.4,12.2
25,14
22.4,13.4
24.3,14.2
25.8,14.5
26.8,14
28.2,15.2
28.9,17
27.5,15.7
24.5,17.5
22.4,18.1
23.2,15
20.7,15
16.4,13.5
17.9,11.8
21.1,9.7
22,12.1
18.1,13.9
16.7,14
18,13.4
15.7,13.2
22.2,11.7
21.6,12.5
20.3,13.9
15.7,9.7
10,5.4
15.8,4.9
18.2,5.7
19.5,3.8
21.5,4
22.1,5.6
23.4,6
24.1,6.8
23.6,7.6
18.2,7.8
14.4,11.9
20.1,10.5
20.7,6.3
19.2,10
13.7,8
16.3,4.4
15.9,8
21.7,5.4
22.2,2.9
22.7,3.6
22.9,6
18.2,12.4
14.9,11.8
17.1,10.3
14.7,10.1
17.8,7.9
16.5,3.7
16.5,4.3
21,3.2
21.2,3.1
20.9,4.7
18.6,9.1
18.5,9.6
19,2.7
12,4.4
12.3,7.5
10.6,2.7
10.9,-0.7
6.2,2.2
13.3,-0.3
15,-0.7
15.1,-2
16.3,0
16.5,4.5
13,7
13.7,9
11.4,8
11.5,7.9
10.5,8.4
10.4,7.1
8.4,6.6
8.4,2.9
9.3,2.1
8.7,0.6
11.8,-1.3
9.6,0.6
12.7,-1.1
14.6,0.9
10.1,5.5
7.9,5.9
8.3,6.1
11.9,6.7
9.3,-0.3
8.5,-5.1
10.2,-1.3
10.1,-0.3
6.8,-7
8.7,-3.9
2.2,-2.5
6.3,1.8
6.8,2.9
4.6,1.9
3.2,-3.2
0.6,-6.5
-1.3,-8
-0.1,-5.8
0.1,-9.7
2.5,-1.3
0.6,-1.4
0.4,-1.6
2.7,-2.1
-0.8,-8.7
-2.4,-12.2
-0.3,-11.4
3.9,-11.2
4.8,-8
6,-5.3
2.5,-6.1
1.5,-5.6
-0.7,-12.4
2.4,-11.1
4.2,-8.3
5.4,-7.8
2.2,-5.6
1.7,-5.7
0.7,-10.2
1.9,-10.8
2.4,-10.5
4,-9.8
2.7,-9.4
3,-7.4
3.8,-6.5
2.5,-6.9
-1.4,-4.7
3.4,-8.3
4.4,-9.8
1.4,-6.6
-2.6,-10
-1.2,-16.2
2.5,-17.3
1.5,-13.6
-0.8,-11
0.8,-10.1
2.9,-9.6
1.9,-9.6
-0.6,-11.8
3.9,-10.6
3.7,-10.1
2,-8.7
2.4,-6.1
-1,-5.9
2.7,-8.1
1.6,-7.2
1.6,-3.3
-1.2,-6.3
-5.7,-10.5
-4.9,-12.4
-3.8,-15.8
-3.5,-17.5
1.3,-16.2
6.1,-14
3.2,-11.2
4.3,-10
0,-7.5
3.4,-6.6
10.1,-5.7
-0.9,-7
-1,-12.4
6,-10.2
0.7,-5.5
5.9,-5.7
1.1,-6.5
-2.9,-16.4
-4.3,-16.4
-0.5,-13.8
1.7,-11.6
5.5,-9.2
0.4,-5
2.7,-10.3
7.2,-8
3.1,-5.4
2.3,-9.9
0.7,-13.5
2.6,-12.9
6.2,-12.4
9.1,-7.2
7.5,-2.6
12.2,-4.5
6.6,-2.2
3.3,-2.4
1.1,-2.9
2.2,-6.2
5,-6.4
5.6,-7.8
6.8,-3.5
1.1,-0.8
1.8,-2.5
1.2,-4.3
2.4,-5
6,-3.1
3.8,-5
9.9,-5.7
5.9,-0.9
6.1,-3.4
10.2,-2.6
5,-7.1
8.5,-6
14.2,-3.4
15.4,-1.6
6.3,-2.1
14.2,-0.4
16.9,0.3
10.7,-0.9
-0.3,-3
8,-1.9
2.7,-2.6
3,0
7.5,0
15,-1.6
16.7,-1.2
18.7,3.2
20,0.2
19.6,1.1
18.7,7.3
13.3,4.1
18,1.6
20.6,6.9
12.7,4
16.6,-2.6
19.8,2.6
19.9,0.4
19.2,2.3
21.1,4.7
23.4,8.8
19.5,9.3
18.3,8.2
18.8,5.6
13.1,5.9
19.8,3.1
19.3,5.2
23.7,7
20.2,7.4
19.4,5.4
20.9,8.6
23.4,9.1
19.3,11
17.5,5.8
25,9.2
27,9.3
19.2,9.1
15.7,5.4
24.3,6.2
25.8,12.7
26.1,11
23.5,6.8
24.1,10.5
23.8,8.8
25.3,9.7
26.3,10
28.5,10.6
30.1,13.4
30.2,12.8
26.9,17.3
28.4,12.1
25.6,13.4
28.1,14.2
23.8,15.3
19.1,12.3
23.2,8.1
23.2,8.2
24.1,7.4
24.9,12.2
27.7,7.1
27.6,15.7
28.6,14
27.2,14.6
20.7,13.9
19.9,13.4
24,10.9
21.2,11.2
24.9,10.1
26.6,10.9
28.7,11.2
27.9,12.7
22.8,12.8
26,9.5
23.5,13.2
25.3,16
25.5,11.3
24.9,14.5
29,13.1
28.2,14.4
22.5,16.9
28.3,12.1
27.4,12.6
30.6,13.5
28.6,15.3
28.7,13.6
31.3,11.6
34.9,13
28,17.5
27.3,10.9
29.4,13.8
31.3,18.1
33.9,17.5
31.9,16.4
31.3,16.1
30.7,15.6
32.8,15.1
31.8,17.8
23.3,16.2
22.8,18.7
24.8,17.6
22.7,17.4
23.1,15.8
20.6,18.2
28.5,14.9
30.6,17.6
30.1,17.5
32,15.8
25.8,18.9
27,15.6
28.2,16.4
22.6,17.5
26.9,18.4
22.8,20.5
29.6,20
31.8,16.9
31.5,19.6
27.1,18.2
22.8,17.3
25.4,13.7
24.6,17.5
26.9,14.6
27.7,17.1
27.8,17.9
29.3,18.5
26.4,21
27.3,19.4
27.6,14
28.6,17
29.1,18.5
31,22.4
30.5,20.9
30.4,21.1
32.7,22.5
30.8,20.2
25.2,19.9
25.3,19.1
25,18.6
25.9,18
26.6,16.6
25.1,20.1
27,18.3
28.9,18
30.9,18.7
24.5,18.3
27.6,14.5
28.5,15.1
26,19.5
19.8,17.8
18.1,16.4
27.2,15.5
26.5,15.9
26.3,16.1
22.3,19.4
24.2,17.5
24.5,17.9
26.1,17.4
24.8,12.5
23,10.2
26.3,7.5
25,10.4
26.6,12.7
26,11.9
27.6,15.8
31.1,14.3
29.8,11.5
23.7,16.5
23.2,16.6
21.9,14.3
24.8,9
22,8.8
23.4,14
22.2,13.3
24.5,12.5
25.3,15
26.1,12.7
20.2,9.7
22.7,14.2
17.1,10
20.1,2.8
21.3,4.5
20,6.5
21.5,6.7
21.8,6.4
23.5,8
20.6,7.7
21.7,6.1
17.6,13
22.5,11.2
23.4,8.9
23,10.3
17.8,9.2
15.9,13.6
22.7,12.2
17.4,1
19.9,0.5
21.5,1.1
23.3,1.7
23.9,3.7
24.9,9.4
21.5,7.3
20.3,9.7
19.8,2.9
18.5,8
19.2,5.5
20.7,9.2
19.7,0.6
20.3,4.1
22.6,9.6
22.6,5.4
19.8,4.3
17.2,10.1
14.4,6.7
16,-3.1
21.8,0.2
19.5,7.8
22.6,2.5
15.6,5.7
14.8,0.3
14.9,0
18.6,-0.8
19.6,-0.5
13.4,2.3
20.7,1.7
19.3,3.5
15.7,5.8
12.7,-0.3
14.3,-3
17,-0.5
16.8,-0.4
9.2,-1.3
4.6,-5
9.4,-8.3
15.2,-4.3
10.9,-1
11.4,-2.2
8.7,-0.3
5.7,-1.4
5.9,-8
9.4,-6.5
8.6,-5.2
9.6,-6.1
5.1,-2.5
6.1,-2.4
14,-5.2
15.2,-4.2
9.2,-5
8.4,0.6
10.1,0.2
8.1,1.6
4.6,-5.3
7,-5.9
5.4,0
5.7,-7.6
12.7,-4.6
7.3,-8.8
6.2,-7.7
6.9,-10
-1.7,-7.9
5.2,-9.8
2.3,-5.3
9.4,-6.1
2.1,-7.7
6.7,-8.8
2.5,-4.5
1.1,-11.3
3.7,-14
4.6,-8.2
0,-13.7
1.5,-11.8
-0.4,-3.8
1.6,-6.9
-3.2,-6.9
1,-3.6
0.7,-4.4
1.2,-7.9
-1.6,-9
-3.3,-5.2
-1.1,-10.5
-3.4,-13.2
-7.4,-20.6
-3.2,-15.6
-1.5,-14.1
-3.1,-12.2
-2.1,-10.2
-0.9,-4.8
-3.4,-12.3
-1.8,-17.9
-0.5,-11.9
-0.5,-10.2
-6.1,-16.6
-7.7,-20.3
-3,-19.3
-1.8,-16
-0.2,-13.9
2,-10
2.6,-12.1
1.2,-16.2
6,-12.8
4.5,-8.3
7.9,-9.2
7.3,-10.5
10.2,-10.8
5.3,-5.2
6,-10
3.3,-12.2
9,-9.5
5.1,-9.8
0,-4.1
1,-6.3
-0.2,-7.4
7.9,-13.2
4.6,-9.2
9.4,-8.7
7.4,-8.3
9.9,-7.9
12.3,-5.3
13.5,-5.7
10.8,1.8
4.5,2
10.5,-1.3
8.3,-3.8
1.5,-1.9
0.9,-2.8
3.9,-4.9
7.2,-3.6
1,-7.1
-1.4,-9.6
7.6,-6.8
3,-5.4
-2.6,-5.6
2.3,-12.6
5.2,-7.8
6.9,-8
7.2,-7.5
8.6,-5.8
9.9,-3.3
0.5,-4.6
4.4,-10.2
8.9,-4.7
10,-5.5
10.9,-4.9
10.4,-4
12.3,0
7.5,-2.5
15.4,-3.2
16.8,-0.6
14.4,3.3
5.9,-3.7
9.4,-5.5
13.4,-4.3
15.9,-3
20,-1.5
17.3,2.6
21.1,2.5
26,8
25.3,10.5
10.5,-4.2
8.4,0.9
13.9,1.3
8.9,-0.8
8.2,-3.2
18,-4.2
12.3,0.8
18,3.9
18.9,6.9
22.2,7
13.5,-4.7
17.4,0.1
16.7,3
22.3,2.8
14.2,-1.2
7.1,-3.1
15.3,0.1
23.6,3.7
19.3,5.2
11.1,-1.4
15.9,2.9
16.5,-0.7
16.1,4.5
16.3,1.3
19.7,7.6
17,4.3
13.5,5.6
11.5,-4.7
20.1,0.8
13.5,5
9,-2.6
12,-2.4
18.9,0.7
23.1,4.7
25.3,9.9
26.7,7.6
28.9,12.7
26.4,15.2
25.5,6.8
17.5,5.5
5.5,-2.5
10.6,-5.4
17.6,-1.6
10,2.4
21.4,1.7
23.4,4.1
23.7,4.3
27.7,8.4
29.3,14.6
29.5,11.4
23.1,13
26.7,6.3
26.7,12.1
26.1,8.2
25.4,6.9
25,7.5
26.9,9.7
19.3,14.1
18.6,9.8
17.6,10.1
24.5,12.3
26.2,6.2
29.7,10.9
32.7,14.7
33.1,19.5
29.5,14.2
26.4,12.3
24,10
20.6,11.2
25.2,11.8
29.8,13
28.8,7.9
34.4,17.7
28.4,16.1
21.4,14.4
24.6,13.1
21.1,16.8
18,14.9
26.7,15.1
20,14
23.3,12.2
27.2,9.1
26.8,14.1
31.2,13.7
29.3,13.5
31.1,15.6
30.8,17.8
29.1,18.3
28.8,17.2
29.3,17
23.2,16.7
20,13.7
19.1,11.9
23,9
26.7,10.2
24.9,13.3
27.5,14.2
29.9,16.5
31.2,19.4
31.5,21.8
26.9,20
25.9,20.8
26.6,18.1
23.2,18.2
22.6,17
30.1,17.9
27.1,16.9
31.7,17.4
30.4,16.4
32,14.5
32.5,15.8
30.6,18.3
28.6,19.3
31.1,22
29.7,20
31.2,19.1
28.1,19.2
30.6,19.4
29.7,17.3
30.1,17.9
29.9,18.8
28.8,21.7
24.7,19.4
23.9,20
21.5,20.3
21.2,19
26.1,18.8
26.2,19.2
28,15.8
28,18.3
22.9,18.5
26.4,17.6
28.7,19.8
28.8,15.5
21.9,16.5
28.3,16.7
30.5,15.8
27.4,19.3
30.7,21.2
31.6,21.3
30.6,18.4
26.3,20.3
30.8,15.2
31.3,16.8
29.4,18.7
28.2,18.8
29.5,18.3
31.9,18.9
32.6,21.2
31.5,20.4
31,21.2
27.3,19.3
31.1,15.9
31.4,15.6
31.2,19.1
27.2,18.5
30.5,19.4
30.9,20.5
31.4,21.2
33.6,21.9
31.7,20.4
29.8,17.1
28.5,15.2
28.7,12.6
29.5,15.5
29.6,16.2
28.8,15.9
29.5,13.1
24.9,15.5
30.4,11.2
24.3,18.5
26.8,20.4
29.1,13.8
23.3,8.5
25.1,10.8
26.4,9.8
25.1,14.3
25.7,9.2
24.6,13.8
24.2,14.4
26.8,12.4
26,13.5
19.7,14.2
24.6,12.1
27.1,10.6
24.6,14.4
26.1,13.2
31.8,14.2
30.8,13.7
28.6,17.1
27.7,16.1
27.6,17.1
30.3,13.3
24.1,11.9
21.8,15
18.9,16.2
21.1,15.1
19.8,14.6
17.8,8.6
18.6,3.4
22.4,1.5
20.9,8.8
27,9.3
26.9,7.5
22.9,9.9
22.7,11.9
23.3,8.3
23.3,10.3
25.6,11.2
25.1,7.4
24,4.9
26.9,5.6
24,7.6
26.6,9.4
23.8,10.3
28.9,8.6
27.7,8.7
26.5,10.3
16.1,8.9
13.1,5.4
14.5,2.9
17,1
16.8,2.6
16.8,2.7
14.4,0.1
16,6.2
19,2.6
19.9,3.9
16.2,-2
13.8,-1.8
15.4,-1.2
18.8,1.7
19.6,3.4
15.8,1.2
10.4,3.7
9.2,7.2
9.5,6.3
12.6,2.7
13.3,0.7
11.5,0.8
14.1,4
16.2,0.4
15.2,-2.2
9.5,5.7
8.9,6.6
10.1,0.9
11,-2.6
12.8,-3.3
9.7,1
10.4,-1.8
13.8,-2.4
8.6,0.8
10,-4.8
10.2,-5.4
12.6,-5.1
11.9,-3
10.8,-5
12.5,-6.1
7.7,2.6
6.7,-1.5
6.1,-5.1
8,-3.3
3.3,-7.2
1.7,-10.4
9.6,-9.2
8,-7.7
9.1,-7.2
12.9,-6.5
9.5,-5.5
12.6,-7.3
9,-3.9
10,-4.9
11.6,-7.2
6,-5.4
3.2,-7.9
4.1,-10.9
5.7,-11.3
6.6,-8.8
8,-9.9
8.2,-6.1
5.3,-5.4
7.2,-8.9
-0.3,-9.4
-0.9,-6.7
1,-10
1.8,-12.6
0.4,-10
4.1,-12.5
3.3,-12
3.9,-11.8
2.5,-8.8
-1.4,-10.4
0.1,-16.4
-0.6,-14.2
4.4,-15
6.2,-11.8
6.6,-4.8
8,-2.4
6,-3.6
5.2,-3.7
7.2,-4.2
7.3,-7.8
3,-6.6
2.2,-2.8
0.1,-5.1
0.8,-10.4
3.9,-7.4
4.9,-4.2
1.6,-6.8
2.6,-10
2.5,-9.8
3,-10.7
4,-4.5
2.7,-7
7.9,-7.2
3.8,-1.8
2.2,-7.9
3.5,-8.2
10.3,-9.7
13.2,-5.3
8.1,-0.9
8.9,-5
4.7,-5.6
10,-4.2
7.3,-3.2
13.3,-1.6
14.2,1.6
8.4,-2.5
17,1.1
18.6,-2.1
3.5,-5.1
-2.3,-10.2
-6.4,-8.1
-6.3,-9.4
-2.6,-8.5
-3.8,-8.7
-4.6,-9.1
-5.5,-12.6
-3.8,-15
-2.8,-10.8
-2,-8.8
1.1,-9.9
1.7,-8.9
0.4,-4
-1.5,-3.8
0.9,-7.5
3.2,-5.1
3.8,-4.3
5.1,-0.6
5.7,-2.4
7.7,1.4
5.9,1.5
12.2,1.7
8.9,-0.2
5.8,-0.6
2.1,-1.7
5.5,-2.7
9.2,-3
8.8,0.7
7.5,0.2
4.3,-1.4
6,-2.1
2.5,-1.9
6.5,-1.1
12.5,-1.4
13.3,2
14.6,2.6
8.8,-0.1
8.6,-3.9
16.4,1.9
20.6,4.3
23,5.8
22.5,7.1
15.7,7.9
12.5,5.3
13.4,-0.8
16.6,2.2
18.8,3.6
16.5,2.5
18.8,2.8
21,7
23.2,10
22.5,11.9
21,10.4
21.1,7.9
17.3,8.3
16.1,6.7
19,6.3
19.5,8.2
15.3,7.4
20.3,5.3
17.8,6.1
18.6,5
20.1,5.3
23.6,8
26.2,10.6
19.8,11.9
11.9,6.8
14,7.3
20.3,8.9
21.5,8.2
14.7,8.3
13.4,7.6
18.1,9.1
16.4,9.5
11.9,8.6
15.9,7
11.4,9
19.3,6.5
18.4,9.4
21.6,9.9
15.2,9.5
16.5,5.4
19.9,8.4
18.5,8.9
22.2,5.9
24.6,11
24.7,12.4
17.7,6.8
21.8,7.3
17.7,6.8
20.3,5
24.8,10.7
26,14.4
24.5,11
23.7,14.3
17.8,8.5
17.8,7.5
25.7,11
23.5,14.5
18.6,13.4
23.3,9
25.6,11.6
24,11.7
25,12.1
22.3,15.8
30,14
30,17.4
27.7,14.4
25,17
25.8,15.1
22.5,16.2
27.3,14.9
29.7,17.8
31.9,17.1
34.1,19
31.7,20
25.5,18.8
23.3,17.6
25.8,13.3
27.3,15.4
25.6,15.6
30,15.8
27.7,19.1
27.7,12.8
31,17.9
30.8,18.2
29.2,15.1
28,18
28.8,16.6
27.4,16.7
23.9,15.5
24.4,15
29.3,15.6
29.6,15
30.7,18.4
22,16.2
24,13.4
25,15.3
27.8,15.3
26.6,16.1
26.7,18.3
23.3,15.5
29.9,14.9
29.9,18.6
25.3,17.1
20.6,17.5
28.5,15
25.2,16.7
28.2,17
25.2,19.1
24.7,18.7
24.9,17.1
27.4,17.8
29.7,18.9
30.6,20.6
23.5,17
23.6,15.1
28.9,18.3
26.5,17
28.1,14.8
26.6,17.6
30.4,14.5
32.6,19.7
32.1,18.2
29.9,17.8
29.6,19.7
30.5,21.1
34.4,22.8
28.7,20.9
22.2,17.5
22.1,17.2
27.6,14.1
29.6,17.4
29,17.4
30.3,17.3
28.5,17.7
29.3,18.6
29,18.6
28.7,18.8
30,18.9
31.7,20.8
32.4,21.5
24.2,19.3
19.4,13.8
19.3,13.8
18.5,14
23.1,11.1
26.4,14.3
27.7,17.5
24.8,16.2
25.2,15.9
26.1,13.7
28.4,15.1
27,17.1
19.9,14.7
23.6,14.1
25.8,14
27.9,14.8
28.4,17.1
25.3,18.6
26.8,18.7
26.1,15.4
26.8,15.6
26.3,15.5
24.5,15.6
25.1,14.2
27.5,14.7
21.3,15.8
22.9,13
21.3,14.1
22.8,14.3
24.5,12.8
27.1,11.4
27.4,14
22.9,15.9
21.9,16.7
24.7,16
26.2,16.4
24.9,16.6
19.6,14.7
15.5,11.3
17.4,11.9
15.6,13.4
13.4,9
11.2,8.8
15.7,8.8
20,11.2
23.3,11.7
25.1,10.7
23.9,11.8
22.7,13.8
18.6,14.4
21.8,12.8
20.5,13.2
23.5,14.8
25.5,14.7
18,12.6
23.4,11.1
17.7,11.3
13.1,8.6
22.2,8.4
21.5,7.6
20.1,11.6
20.5,9.1
17.1,8.7
21.3,6.2
19.9,10.9
21.8,12.1
20,9.7
19.3,11.6
12.8,5
13.1,4.5
17.8,3.4
20.3,6.8
16.6,6.1
21.9,8
20.8,7.7
16.7,9.8
15.2,8.9
17.3,8.3
19.9,9.3
23.3,8.5
24.7,11.2
25.8,13
20.3,8.4
13.6,5.4
11.7,5.5
9.9,5.2
13,7.9
11.9,7.2
12.1,6.3
10.2,-0.8
13.8,-0.8
16.9,1.6
16.1,8.1
12.3,1.9
7.4,4.1
5.1,1.7
8.5,1.1
9.2,-1
11.6,4.2
8.6,-0.3
7.8,-2.6
10,-2.1
6.1,-0.1
7.6,-0.3
8.6,-2.2
11.5,-2.9
11.7,3.5
13.1,3.7
12.6,1.6
8.5,0.2
4.7,0.8
7,1.2
5.3,1.1
5.2,0.7
4.2,0.6
8.7,-2.2
3.2,-1.9
3,-3.5
-2.3,-10.1
3.4,-9.1
0.9,-5
0.1,-10.3
5.4,-9.1
7.8,-7.4
4.2,-4.3
3.9,-6.2
-1.4,-3.7
0.8,-4.3
0.1,-6.8
-1.1,-9.3
4.4,-8.4
3.1,-5.6
0.6,-6
-3.1,-11
5,-8.6
7.5,-7.5
4.4,-3.4
-3.1,-9
-2.4,-10.9
4.6,-9.5
6.9,-2.3
5.5,-5.9
3,-8.1
-0.1,-5
5.2,-6.1
4.9,-4.8
10.7,-1.5
9.7,-0.6
3,-9.9
