20050101
-4.7,-22.6
0.4,-20.8
2.9,-13.1
-0.6,-13.1
-1.9,-10.8
3,-14
0.5,-12.4
0.9,-12.6
-1.6,-13.6
2.6,-15.1
2.9,-14.6
3.4,-15.3
2.4,-13.6
0.1,-15.8
1.2,-16.6
4.1,-16.9
5,-13.5
2.2,-9.8
3.9,-14.5
4.4,-14.4
-0.1,-11.5
1,-8.1
3.5,-11.6
2.8,-9.9
1.9,-7.9
0.1,-10.6
3.6,-8.2
6.9,-9.2
3.1,-9
1.4,-11.6
1.9,-12.1
1.5,-10.8
3.7,-14.1
3.5,-12.2
1.5,-11.1
-4,-7.4
-4,-8.4
-0.1,-9.6
-2.7,-7.1
-0.6,-6.1
-1.1,-6.9
0,-12.6
5,-9.8
7.5,-12
1.6,-4.1
1.5,-3.4
3.1,-8.4
-0.7,-6.6
-1.5,-12.5
-4,-13.8
2.5,-18.3
8.6,-13.4
12.5,-7.7
3.6,-5
7.6,-7.9
5.8,-5.4
7.9,-10.7
9.1,-2.9
11.5,-6.4
13.1,-6
7,-1.8
3.2,-10.5
0.2,-10.7
12.4,-13.1
16.9,-10.3
18.1,-7.1
16.5,-6.5
21.9,-5.7
10.3,-2.7
2.5,-5.5
2.9,-9.1
9.2,-13.1
11,-5.3
12.8,-4.2
11.2,-4.2
7.4,-4.3
8.8,-8.5
11.9,-3.5
13.2,-1.3
6.8,1.8
12,-3.1
15,-6.9
13.6,-7
18.4,-6.6
20.1,-3
20,-0.7
19.3,-1
14.2,4.6
20.5,-3.4
21.4,-0.8
17.8,6.3
19.2,0.4
20.3,0.9
26.5,0.1
24.9,2.4
30.7,5.2
23.9,8.2
12.8,2.1
10.6,1.4
14.3,-1.2
13.8,4.9
14.9,0.2
20.4,-3.3
19.8,-0.6
18.7,1.4
23.9,2.3
24.9,6.4
25.4,2.9
20.3,8.2
19,-1.2
23.8,-0.7
23.4,1.9
24.5,4
24.5,6
25.3,3.2
29.1,5.9
31.5,6.4
33.6,8.1
31.3,12.2
32.3,12
24.9,16.7
26.2,8.4
28.8,10.4
22.1,12.2
19.5,12.1
24.6,0.9
27.1,9.4
24.2,4.9
22,5
27.8,10.7
28.7,5.8
30.7,9.4
24.1,16.6
27.2,9.9
20.3,11.7
17,11.2
18.7,13.7
25.2,4.4
23.4,10.6
23.7,6.8
27.4,8.3
27.3,6.4
27.5,11.8
28.3,11
27.2,14.4
25.7,11.7
26.2,14.4
25.3,15.4
21.6,12
29.3,11.8
28.3,12.3
29.5,13.1
32.3,8.5
34.2,12.6
32.2,17.4
25.1,14.9
27.6,10.3
30,13.2
29.6,13.2
23.8,16.4
29.3,11.9
31.5,13.8
33.5,13.1
34.5,18.4
32.8,11.4
32.1,12.1
32.9,11.7
35.5,12.5
33.7,16.2
35,15.5
36.7,16
34.4,17.4
39.1,15.6
37.9,18.3
35,19.4
29.2,21.9
27.3,18
29.7,17
25.7,19.6
32.1,12.3
26.8,17.7
26.1,18.8
24.3,17.3
30.7,15.6
30.5,18.2
31.7,20.5
34,17.7
33.3,13.4
30.8,15.1
32.7,14.6
32.8,16.8
33.2,16
32.6,17.6
35.9,17.4
34.7,17.1
32.1,15.7
30.7,19.9
28.4,20.4
28.4,21.6
31.6,21.9
33.7,19.2
34.4,19.1
27.5,20.7
26.9,21.2
30.3,20.6
31,19.1
30.8,18.5
26.8,19.9
32.8,16.5
31.6,17.6
32.4,18.6
28.6,20.4
32.3,18.9
31.3,18.2
27.7,15.6
27.6,15.8
26.7,17.5
27.2,17.8
25.8,20.1
29.5,17.2
28.8,18
31,19.9
33.1,19.3
34.2,24.3
32.9,21
30.3,21.6
32.4,21.2
27.1,18.8
19.9,15.4
22.9,13.4
23.2,13.1
20.9,11.1
23.3,14.4
23,9.7
19.2,14.9
23.3,9.9
26.2,12.6
28.1,14.8
28.6,14
25.9,15.3
24.1,18
26.5,11.8
27.5,10.5
29.5,11.4
24.8,16
23.9,11.4
22.6,6.8
24.4,7.9
25.2,7.5
27.3,10
28.1,8.7
29.6,10.5
28.8,11.4
28.2,13.4
27.6,10.6
27.3,10
21.3,15
20.1,15.8
26.4,16
27.5,10.1
27,11.7
21.6,16.3
17.7,10.3
16.1,11.2
20.8,8.7
22.8,6.7
24.7,8
19.8,13.4
19.1,10.8
18.8,10.3
16,13.5
18.9,13.6
19.6,12
15.9,12.6
13.6,7.3
14.7,7.6
19.6,2.8
21,3.4
15.5,10.3
17.2,4.5
18.1,-0.1
20.9,0.7
21.9,2.4
19.4,3
17.4,11
15.6,8.7
15.2,-1.5
18.8,-2.5
22.2,-1.5
18.5,-0.5
13.1,5.7
10.7,5.5
12.6,7.9
13.8,4
14.1,5.7
17.6,3
19.1,-2.6
18.4,-0.8
17.1,-0.4
15.4,6
13.5,1.9
13.5,-3.8
13.7,-3.6
15.8,-5
16.2,-3.5
20.7,-0.1
20.5,-0.6
21.1,0
18.5,8.5
17.4,-3.5
17.4,-2.8
16.2,-5
18.4,-3.3
17.6,-4.9
17.8,-3.5
13.7,-0.4
10.3,4
8.3,-1
8.6,-4.9
9.4,-2.5
11.3,-4.3
9.9,-1.5
6.5,-3
7.2,-0.6
9.6,-7.8
9.5,-5.3
10.6,-6.8
11,-8.7
11.7,-8.6
14.1,-7.4
15.3,-5.4
9,-0.3
9.7,-10.5
11,-9
5.8,-5
7.9,-8.7
1.9,-7.9
-4.8,-11.6
-1.8,-13.1
0.1,-17.2
1.2,-16.3
4.6,-14.4
7.2,-11.5
0.9,-10.2
0.8,-9.6
1.8,-14.3
0.6,-15.6
-2.7,-11.6
0.9,-18.7
3.1,-17.1
0.1,-17.2
2.6,-18
6.1,-17.1
1.1,-11.4
-4.4,-12.9
7,-16.5
9,-14.9
8.5,-13.8
8.6,-14.5
6.8,-14.7
2.8,-14.3
-1.4,-9.8
3.7,-4.7
2.2,-8.6
1.3,-6.5
5,-7.8
1.3,-10.9
1.1,-4
-1.6,-8.1
-7.7,-12
-4.5,-19.3
-0.7,-18.8
2.7,-14.9
6.2,-17.4
8.3,-14.1
3.9,-11.5
3.7,-3.8
7.3,-8
6.4,-8
6.6,-10.4
3.9,-6.6
1.1,-3.4
-1.4,-4.6
-1.9,-6.3
-2.3,-8.8
0.9,-12.9
1.4,-10.9
1.7,-13
1.8,-12.5
3.7,-9.5
5.7,-10.4
9.5,-12.4
3.9,-3.4
4.2,-6.5
0.3,-5.7
6,-6.4
6.2,-10.5
5.3,-3.8
-0.6,-10
3.7,-13
-0.7,-4.7
2.3,-5.1
3.7,-13.8
1.7,-12.5
5.5,-14.5
10.9,-12.4
12.8,-9.1
13.7,-8
14.9,-5.5
9.3,-6
8.5,-5.4
2.3,-5.4
4.2,-12.2
8.2,-7.5
11.2,-13.4
16.3,-9.7
7.8,-3
8.7,-9.5
9.1,-9
13.1,-6.4
9.4,-4.4
0.2,-6.3
-5.5,-6.9
2.7,-12.5
6.5,-14
10,-9.5
13.9,-5.8
15.3,-4
15.2,-4.2
14.7,-3.5
20.5,-2.9
13.4,4.5
16.2,3.5
18.1,2
13.4,2.4
2.9,-7.5
8.4,-12
10.3,-7.2
9.5,-0.7
17.8,-6
14.6,-0.7
13.8,2.8
17.9,-5
19.2,0
14.3,0
13.4,2.7
14.4,-4
16.1,-1.5
18.9,-4.5
17.1,1.7
18.4,-3.4
14.5,-4.5
22.2,-5.9
24.9,0.2
25.3,2.2
19.1,7.5
26.2,-4.7
22.5,4.3
17.1,10
16.3,-2
20.3,3.3
24.8,4.5
26.6,4.1
23.6,7.4
26.5,5.9
23.1,6.7
9.2,-3
9.8,-1
14.9,-0.4
17.9,1.3
22.3,2.5
24.9,4.5
22.9,7
18.4,3.5
20.3,-0.5
17.6,6.3
23,8.9
20.1,6.5
24.1,0.3
19.4,11.3
24.1,4.3
22.9,10
22.7,7.6
32.2,4.7
36.2,12.2
27.7,15
22.3,11.2
27.5,12.8
24.6,17.2
23.4,13.9
28,7.7
28.8,9.9
29.1,11
21.8,14.8
22,11.5
15.5,4.7
16,4.7
19.9,7.4
25.1,2.9
27.7,3.6
29.7,6
27.6,11.9
30.6,12.5
31.7,11
25.1,14.5
16.3,12.2
23.3,10.3
26.4,8.5
24.7,12.7
17.8,13.4
19.9,11.4
22.4,5.1
26.4,6
30.1,9.5
31.2,11.8
27.4,11.8
28.4,11
28.2,15.3
23.3,13.3
27.6,9.3
28,13.8
28.6,11.5
30.8,14
27.7,11.8
26.2,8
26.2,8.2
31.2,8.6
31.4,13
25.7,15.5
27.9,13.2
31.5,11.4
36.2,12.3
31.1,14.7
33.4,15.7
36.2,17.1
29.7,22.1
23.1,17.1
22,16.5
27.5,12.5
29.9,15.2
28.3,13.7
28.7,13.2
29.3,16.3
27,18.6
29,16.2
31.8,20.7
31.6,16.2
26.8,20.7
24.3,19.3
29.2,19.3
31.5,19.9
29.5,18
29.2,20.8
28.7,19.1
25,18.8
28.8,18.5
29.8,20.3
30.6,21.5
30.5,19.3
30.8,21.8
28.2,21.5
27.7,21.7
28,20.5
30.2,21.6
28.1,20.6
26.5,21.2
27.6,19.3
24.8,17.5
24.9,16.5
29.5,15.3
24.3,14.3
25.4,17.3
27.8,16.8
28.1,19.5
28.8,21
30.4,21
27.2,19.5
28.7,15.6
26.4,15.6
25.8,18.6
27.5,16.5
29.1,18.7
28.5,19.3
30.1,19
30.2,20.7
30.2,19.8
29.8,20.5
30.7,19
31.6,19
31.7,19.5
27.4,19.5
24.7,19.7
29.5,15.3
27.7,18.4
27.5,18.2
29.1,14.4
25.2,18
19.1,15.9
20.8,15.8
25.5,14.9
27,18.3
23.3,18.1
27.8,17.6
28,18.4
24.3,17.7
22,17.3
19.1,15.7
21.6,15.8
26.4,17.3
25.7,18.6
27.7,16.5
22.8,9.5
22.8,9.7
25.1,6.5
21,13.6
19.1,11.8
19.8,2
24.1,1.7
24.3,4.9
23.7,8.1
23.1,6.5
16.9,12.9
22.8,10.6
26.8,8.4
25,10.6
24.9,11.2
24.8,8.9
23.3,8.9
19.6,13.5
22.9,10.8
22.7,8
20.7,10.5
21.5,13.6
19.4,14.7
16.9,12.8
23.1,11.7
21.9,9.5
20.8,11
24.4,3.9
24.9,5.3
24.9,5.3
24.6,5.2
24.3,5.5
25.3,7
24.4,9
20.4,8.1
25.6,3.4
26.4,4
21.7,3.9
20.1,6.3
24.8,9.2
27.1,6.5
25.9,6.2
17.7,7.5
16.9,10.7
15.8,7.9
22.7,8.7
19,6
16.5,10.7
19.3,6.5
15.6,1
11,6.8
16.9,1.6
15.7,3.1
18.1,-1
19.6,0
20,-2.3
20.2,6.1
18.9,0.5
20.4,-1.1
20.1,-1.9
21.1,-1.7
20.3,-0.4
15.3,-1.7
14.7,-3.3
19.5,-4.9
20.6,-1.8
17.6,-3.5
17.4,-2.5
17.3,-5.2
18.4,-5.2
14.3,-0.7
12.7,-1.2
13.1,-9.1
13.9,0.7
14.4,-2.8
10.1,-4
12.6,0
10.4,0
14.9,-4.5
6.4,-4
0,-2.8
0.8,-2
1.8,-1.4
4.7,0.1
3.4,-0.5
3.4,-7.4
6.1,-6
6.2,-7.6
5.3,-8
2.8,-10.3
1.9,-11.2
2.3,-12.3
5.3,-9.8
1.6,-7.3
0.9,-3
0.7,-3.8
2.3,-10
4.4,-8.6
7.3,-8.4
5.5,-10.1
4.1,-6.5
5.7,-12
5.7,-11.3
1.4,-6.6
4.5,-14.1
5.6,-9.5
6.8,-11.5
5.3,-11.2
7.4,-12.5
8.3,-11.9
5.6,-8.8
6.4,-3.1
3.9,-7.6
-0.4,-5
1.1,-4.5
-1.1,-5.5
-1.5,-5.4
-0.2,-4.6
-0.5,-4.6
1.1,-11.8
-0.7,-10.5
4,-10
-0.2,-9.1
1.1,-11.9
-0.3,-9.7
1,-15.5
1.8,-15.6
4.3,-15.5
4.6,-15.3
3.1,-11
2,-13.4
5.4,-15.4
3,-14.3
3.2,-13
4,-10.3
5.5,-15.7
6.9,-14.6
5.6,-9.4
6.5,-13
8.3,-14.5
3.1,-8.2
7.1,-7.8
4.6,-11.5
5.8,-10.4
3.6,-13.5
1.6,-8.3
6.3,-14.7
10.3,-12.8
8.5,-13.9
4.2,-11.9
8.3,-14.8
12.8,-11.8
12,-11.9
13.3,-10.2
14.9,-8.5
12.6,-6.4
6.7,-0.8
6.5,-3.9
10.7,-7.7
9.8,-4.2
11.3,-6.4
12.2,-6.8
9.4,-3
9.1,-6.8
7,-9.5
9.1,-7.8
8.7,-4.6
6,-0.7
11.9,-3.7
14.9,-6.1
14.9,-4
14.7,-5.3
11.9,-5
15.1,2.1
16.5,-5.4
16.7,3.5
11.3,-0.8
5.8,-0.3
6.1,-0.5
6.8,2.8
5.3,0
3.8,-1
0.1,-8.3
5.2,-9.5
4.4,-6.2
6.7,-6.1
11.2,-4.5
3,-3.8
7.7,-9.6
11.3,-3.3
11.6,-4
6.7,-3.1
5.3,1.2
5.5,0.3
5,1.5
6.2,-0.3
11.3,-1.1
13.4,-1.9
16.8,-2.1
17.3,-3
15.9,6
17.8,-1.2
21,-2.7
19.8,-0.3
22.7,-1.3
21.6,9.5
24.2,6.8
17.5,7.5
21.4,6.7
16.2,9.6
10.4,-1
14.8,-7.1
18.4,-6.5
15.4,4.5
17.3,-2
15.8,-1.7
18.5,-2.5
21.1,-1.1
22.3,1.1
22.2,2.5
23.3,7.5
18.9,0.7
21.4,2.3
14.3,3.7
14.7,-1
17.4,3.3
24.9,-1
31.1,5.7
26.9,13.5
27.7,6.5
19.2,11.3
12.7,6.7
17.3,4.2
22.9,-0.9
22.5,5.3
22.9,4.5
24.2,5
24.9,4.5
24,4.7
23,7.8
27.7,1.6
25.5,9.8
29.5,3.6
27.2,9.5
28.2,5.8
31.6,9.7
32.8,9.6
21.6,8.8
25.6,4.5
22.4,13
24.7,7.2
28.5,3.3
30.6,8.3
30.7,14.3
26.5,15
28.6,9.2
24.6,5.5
27.3,4.7
30.5,10
20.9,13.2
18.4,12.8
27,11.9
27.2,14.5
30.3,12.3
31.6,12.3
32.9,10.9
33.5,8.7
29.1,16
23.5,16.5
24.3,15.2
31,11.2
31.9,12
31.5,11.3
27.8,12.3
29.8,10.7
32,14.8
32.1,11.8
33,13
33.1,12.7
32.6,14.8
32.4,14.4
31.2,13
27.7,12.6
26.1,15
27.8,12.7
29,11.6
29.8,14.1
24.7,14.7
18.6,14
18.3,10.9
20.3,15.4
21.4,16.2
28.6,16.3
30.5,15
33,15.8
32.8,15
27.6,16.2
31,18.8
26.5,19
26.2,15.8
30.7,14
28.8,15.9
29.6,17.4
28.3,14.7
30.7,16.7
31.8,18.4
31,16.4
31.7,18.3
33.6,15.3
31.7,16.7
34.1,17.7
29.6,12.1
25,19
27.3,17.5
27.7,17.7
31.1,17
31.8,17.7
32.6,22
24.6,19.6
22.5,17.8
27.2,13.8
26.1,18
25.4,16.1
22.6,16.9
26.5,14.9
26.9,16
27.6,15.7
28.3,17.3
25.2,19.7
24.9,19.3
27.8,18.4
30.8,17.7
25.2,19.6
26.7,17.9
29,16.5
28.5,18.5
27.4,20.4
29.6,19.8
30.2,18.7
28.3,18
25.5,18.5
28.7,13.3
28.4,11.4
30.1,11
29.2,11.9
27.6,16
26.9,15.1
26.9,13.7
29.5,17.2
28.3,17
30.9,16.5
30.6,17.3
28.5,17.2
29.6,13.7
31.6,17.6
29.1,19.2
29.9,19.7
22.5,17.3
21.9,18.6
20.7,15.4
17.5,15.5
19.6,13.7
25.6,11.3
25.8,12
19.4,14.8
21.8,13.6
22.6,10.2
24,9
21.9,13.3
25.5,13.3
28.2,8.9
28.8,11.8
26,10.1
22.1,12.6
19.8,15.5
24.6,11
27.4,10.4
28.7,10.2
21.6,15.7
21.4,5.8
23.5,3.6
26,4.3
27.9,5
25.2,5.1
23.7,5.1
23.7,5.1
24.8,12.2
25.2,16.6
20.6,9.5
12,9.4
11.7,8.4
12.7,8.5
12.2,10.9
18.9,11.2
15.6,13.4
15.4,14
21.6,14.7
18.4,15.2
16.6,8.2
10.5,7.6
10,7.8
9.6,6.5
11,6.9
13.6,7.6
18.5,5.6
16.6,6.2
17.1,0.7
19.3,-1.6
21,0.4
18.1,3.1
18.4,-2.4
17.9,-1.4
20,1.5
21.5,1.2
18.4,2.1
17.5,7.8
19.1,-0.1
18.8,7.1
15.3,9.5
11.1,1.9
13.7,-3.2
17.3,-2.8
13.4,-1.8
9.7,-1.8
14.7,-6.6
13.4,-4.1
13.9,-1.1
15.5,-2
16.3,-1.2
16.8,-2.5
14.9,-0.7
12.4,-3.3
11.7,-2.8
11,-3.9
11.5,4.6
10,-2.4
12.8,-0.8
6.3,0
7.6,0.2
11,-2.9
8.1,-6.1
10.4,-5.7
14.2,-6.5
15.1,-5.7
15.8,-2
15,-5.6
14.5,-5.2
11.8,-3
7,-5.1
9.5,-9.3
11.5,-8.6
6.7,-5.6
5.8,-2.4
3.6,-6.9
4.9,-1.9
6.4,-8.6
4.2,-6.7
3.7,-7.8
6.4,-6.8
4.2,-9.2
2.7,-8.7
0.8,-6.5
3.8,-1.2
2.8,-3.8
3.8,-3.4
3.6,-10.7
7.8,-10.6
4.7,-11.5
4,-7.6
8.5,-8.9
6,-10.2
8.8,-9.9
9,-8.4
7,-9.4
6.9,-5.9
6.5,-7.8
2.1,-2.8
6.6,-1
1.3,-6.1
4.3,-0.1
2.1,-3.8
2,-12.4
-1.3,-12.3
1.3,-14.5
1.4,-13.2
5.9,-14.2
6.4,-10.8
5.4,-10.2
8.3,-13.4
10.5,-9.7
7.1,-10.5
11.2,-8.2
3.5,-9.5
-3.8,-8.3
-0.6,-5.5
-2.4,-7.9
-7.9,-9.7
-7.3,-17.9
-3.5,-15.3
-5.7,-14.7
-4.5,-12.2
-6.9,-14.3
-6.4,-8.3
-5.2,-10.9
-5.9,-13.5
-4.2,-11
-7.5,-17.5
-5.4,-15.1
-3.3,-11.4
-1.2,-14.5
-2,-13.6
-1.1,-9.3
-2.8,-10.4
-2.7,-10.4
-0.7,-16.4
0.2,-13.9
1,-14.6
0.8,-15.4
1.4,-14.4
-1.5,-11.2
1.5,-16.5
2.2,-12.6
-3.2,-12.1
-0.8,-14.7
2.8,-12.7
1.5,-9.7
-1.3,-12.1
2.2,-13.1
3.9,-13.2
4.6,-13.4
5.5,-11.4
2.9,-9.8
1.4,-3.6
7.4,-10.3
8.6,-10.1
14.6,-9.7
11.6,-7.5
2.9,-6.5
-2.6,-6.4
2.7,-8.7
3,-9.7
9.3,-11.1
10.6,-6.6
11.9,-6.9
9.6,-2
7.2,-2.3
10.5,-8.9
13.9,-8.3
15.4,-5.2
9.5,0.8
12.6,-6.4
13.7,-1.6
16.7,-2.2
19.4,-3.3
21.6,-2.2
12.6,0.4
12.8,-1.3
17.1,-2.9
16.1,0.6
15.1,2
22.5,-0.5
20.6,1.2
11.9,1.1
10.7,5.6
15,4.8
13.9,-1.3
15.4,-2.6
18.2,-2.9
14,-5.2
19.1,-3.3
17.3,-1.7
9,2.5
12.3,2.7
15.8,-0.9
13.5,0.9
13.2,5.4
14.5,-2.6
17.9,-2.3
18.3,1.7
19.9,-1
25.5,3.3
25.1,5.9
17.9,9.4
18.8,7.6
15.5,10
12.7,5.1
13.2,4.8
19.4,3
20.3,4.7
22.8,5.6
23.1,6.1
24.2,5.5
17.8,11.1
12.2,9.2
11.8,8
15.9,8.6
14.4,6.7
16,-0.7
21.7,-0.2
20.7,5.3
25.4,2.5
21.7,8.5
29,4.7
29.5,7.6
30,9.1
33.3,9.8
29.6,15
25.6,14.5
25.4,4.2
29.7,6.7
32.5,9.3
24.4,16.5
18.6,11.5
19.8,7.6
20.1,3.9
17.8,11.5
17.7,6.6
21.2,2.4
28.2,7.6
26.6,10.7
25.2,13.1
24.1,14.4
24.1,11.3
27.4,5.3
30,7.4
27.8,7.6
30.1,10
31,13.1
32,11.7
30.4,11.3
25.1,17.2
29.4,13
29.7,14
24.4,16.2
24.9,6.6
31.5,6.5
26.5,13
25.7,6.9
20.2,10.6
24.7,8
27.7,12.7
21.6,16.9
32.2,8.7
34,11.8
32.5,18
29.5,14.7
29.6,15
30,15.3
27.7,14.7
26.3,16.2
25.7,17.9
17.9,15
23.8,13.6
26.1,15.7
23.6,16.5
31.6,15.2
30.9,18.5
32.3,14
32.2,14.2
30.1,15
34.4,15.1
33.4,18.7
30.4,20
30.6,15.3
26,18.5
23.7,18
29.1,17.6
32.1,15.4
34.2,18.8
34,19.8
25.8,16.9
29.4,15.2
28.8,15
27.9,17.7
29.2,19.5
30.8,18.7
31.4,19.8
29.4,19.9
29.2,17
26,21
23.7,18.8
30.5,16
25.7,17.4
21.7,16.8
24.4,18
26.4,14.1
26.2,15.2
27.7,17.2
28.4,13.5
31,15.4
32,15.8
30.9,17.9
29.7,17.7
30.8,19.3
32.3,20.6
27.9,21.2
30.9,21.7
31.8,21.2
33.2,20.3
32.8,20.8
31.3,16.9
31.4,16
28.3,19
31.2,17.5
31.3,20.3
32.2,20
30.3,20
30.6,17
30.3,19.5
25.1,18.6
27.4,17.3
23.5,17.5
22.9,14
27.2,14.5
32.4,16.3
30.5,16.5
26.8,20.7
27.6,19.1
28.4,12
30.4,11.9
28,16.5
28,16.3
25.4,13
28.9,14.5
27.4,12
24.9,15.5
21.8,16.7
23.1,10
26.3,6.3
27.3,9.5
28,15
30.1,10.7
31.1,10.7
30.1,14.3
24.4,16.8
19.8,16.1
18.6,15.6
21.6,13.9
27.2,6.1
28.6,7.4
27.3,8.7
26.7,9.3
28.2,9.7
28.6,11.3
29.6,12
24.1,12.5
22.4,14.3
27.9,11.6
21.5,16
26,17.5
20.7,13
14.8,10.6
15.7,12
14.5,7.1
9.4,6.9
13.7,8.5
21.1,3.8
23.8,6.2
24.9,2
25.6,4
24.6,4.2
20.9,10.7
13,7.1
16.9,2.4
13.3,4.1
20.7,8
18.4,5.8
18.9,4.2
17,5.6
21.3,1.7
22.8,3.5
24.4,2.7
23.6,5.3
24.4,9.3
23.1,4.7
20.4,8.9
21.2,2.4
16,7.9
19.5,11.5
18.6,8.3
13.5,1.6
15.2,-3.7
19,-3.7
17.9,-2.8
15.6,-4
13.8,4.4
19.2,1.6
16.7,2.7
17.5,-1.6
19.4,-2.3
20.7,-4.2
17.1,-1.7
18.4,-2.2
18.4,-0.8
17.4,0.2
13,4.6
12.4,0.2
11.1,-2.2
11.2,-3.9
10.2,-4.9
10.5,-1.7
13,3.7
7,3.3
11.3,0.8
11.9,-5.5
7.5,-2.1
3.6,-6.4
6.8,-10.9
11.9,-9.6
12.5,-10
12.2,-1.3
7,-3.4
8.1,-7.2
9.6,-9.7
6.3,-7.5
4.6,-7.3
10.9,-10.9
11.7,-10.1
13.4,-9.7
10.7,-4.9
14.3,-9.5
8.6,-6.1
4.1,-7.4
-1.1,-17.9
3.9,-16.4
8.6,-11.3
9.6,-5.7
13.7,-7.5
11.2,-8
12.2,-11.1
7.7,-8.8
3.5,-5.1
6.2,-13.7
8.4,-13.6
11.8,-11.7
8.3,-9.4
6.3,-11.7
10.5,-11.3
2.8,-3.5
-3,-14.3
-3.3,-21.1
2.6,-17.6
7.8,-15.2
3.8,-13.2
2.2,-5.6
6.2,-13
4.4,-2.3
0.1,-15.4
0.1,-17.7
0.2,-18.4
1.9,-17.2
3,-14.4
3,-10.9
0.6,-7
-0.8,-13.3
2.2,-12.2
2.4,-13.3
2.9,-14.6
-1.3,-17.2
3.2,-19.2
0.1,-15.5
-0.5,-15.8
4.7,-18.6
1.5,-15.1
5.3,-17.6
4.6,-16.3
7.3,-14.9
5.2,-6.4
3.6,-12.2
2.6,-9
10.8,-12.3
1.3,-10.1
-9.5,-18
-1.6,-20.9
2,-19.1
4,-17.4
10.9,-14.9
11.6,-12.6
12.9,-11.4
10.5,-11.5
9.6,-9.6
7.6,-1.6
2.6,-3.8
4.3,-0.4
5.7,-0.6
10.3,-5
8.1,-0.4
9.4,-1.8
4.1,-0.4
7.8,-4.8
12.3,-8.8
13.7,-5.5
8.2,4.2
14.1,1
13.1,0.1
7.3,-2.7
3.4,-6.5
0.5,-4.2
2.3,-2.8
5.8,-3.6
5.1,-9.4
12.9,-7.4
6.1,0
7.1,-4.9
3.4,-1.2
0.8,-3
1.8,-5.1
8.7,-1.4
10.9,-3.9
5.6,-3.7
0.3,-3.5
5.9,-3.9
4.7,-3.6
8.6,-6.3
8.7,-6.7
13,-4.2
15.5,-2.8
14.4,-5.5
7.9,0.2
9.7,0.7
7.1,0.5
4.1,-2.2
14,-8.7
17.9,-2.4
21.6,-2
27.3,0.6
29.1,1.6
19.2,3.7
16.3,4.8
15.4,8.1
14.3,3.5
17.2,3.2
12.9,2.1
15.5,-7
14.9,-4.8
11.5,0.5
16.3,2.5
17.1,1.7
12.7,1
10.8,0.6
11.7,-2.7
7.5,-3.1
13.4,1.1
20.3,1
19.6,1.4
21.3,-1.3
22.3,1.3
23.2,2.8
22.9,3.5
16.4,10.3
24.8,4.8
24.6,8
28,7
23.4,14.5
18.2,5.9
22.6,3.1
25.1,2.4
20.5,12.1
18.3,13.4
20,9.1
20.4,0.9
16.6,3.2
19.2,7.3
18.7,9.5
18.3,5.3
20.5,1.3
26.4,2.7
27.3,6.9
24.3,10.9
27.4,7.9
24.7,14.7
25.6,8.1
27.4,6.7
27.6,9
28,9.4
28.6,8.1
29,9.1
27.1,12.9
21.9,17.5
18.3,11.6
16.3,12.5
23.7,13.4
21.7,13.2
16,11.4
14.2,10.2
24.4,10.6
23.4,6.4
27.2,8.5
27.3,8.5
27.5,10.6
25.3,12.5
22.2,13.2
27.7,5.6
27.4,10.3
27,11.4
26.1,8.4
20.1,12.6
16,12.2
25,10.5
26,5.8
29.9,7.2
29.8,9.8
32.2,10.6
28.7,12.9
30.9,12.2
31.8,11.7
24.9,16.5
27.6,14.2
26.5,16.6
28.7,13.7
28.7,12.4
31,12.5
28.7,12.7
30.5,11.1
31.4,12.6
31.1,14.7
32.7,18.2
29.6,19.5
24.2,18.4
26.7,17.7
31.1,12.5
34.4,16.7
30.6,18
35.2,12.9
36.6,11.2
37.2,15.2
34.6,17.5
32.2,16.8
31,18.8
35.2,13.8
34.3,14.5
34.1,14.6
33.5,15.6
34.1,18.4
33.3,18.6
30.8,20.4
32.7,17.3
28.7,21.5
26,18.4
33.3,17.2
27.7,19.7
30.8,18.2
35.1,16.6
27.5,18.9
31.9,16.7
31.9,18
31.6,21.7
26.8,24.1
34.1,20
33.7,19.8
28.8,22.9
27.4,21.6
31.4,18.3
34.3,18.8
29.3,19.1
23.6,17.2
27.7,14.5
22.3,19.1
29.1,15.7
28.4,15.7
28.2,17
29.5,18
30.6,19.4
30.3,20.8
28.6,17.2
23.2,19.6
23,18.5
26.5,19
28.5,18.1
28.8,18.6
30.6,17.8
29.1,20
32.2,14.5
34,13.1
34.2,12.7
34.4,11.9
32.8,16.7
29.5,20.8
25.2,19.4
27.1,16.9
29.4,19.7
25.3,19.3
21.8,15.1
18.1,14.5
27.9,12.4
26.9,13.9
29.1,20
26.5,19
32.6,12.9
25.5,14.5
18.4,12.8
25.5,8.4
27.1,10.9
26.5,12.6
24.5,12.9
25.6,13.9
25.8,19.3
25.1,19
20.3,12.8
13.6,12
13.6,11.7
22.6,8.9
17.4,11.2
26.1,13.5
20.4,10.5
17.5,7.5
27.8,13
26.8,9.5
24.2,12.6
28.2,8.7
22.9,9.6
18.1,15.6
20,14.1
22.8,1.8
24.5,2.8
25.2,5.8
22.8,13.7
25,6.8
25.5,12.5
26.8,11.8
25.7,11.4
23.7,11.9
24.1,8.8
26.2,11.1
25.5,6.1
25.4,4.6
23.6,5.9
23.6,2.9
24.3,0
16.7,10.8
17.7,10.7
16.4,10.6
14.2,10.6
11,9.4
18,9
17.7,4.8
20.6,-1.2
23.1,-0.7
17.6,3
21.8,-3.4
20.2,1.5
19,-2.6
21.9,-0.5
22.8,-0.7
22.8,3.2
24.1,0.5
23.2,1.1
22.5,0.6
22.5,3.4
20.7,3.5
21.6,3.8
23.1,2.7
18.5,7.8
15,8.5
12,1.2
6,-6
13.8,-8.5
18.8,-3.2
18.1,-5.4
23,-3.3
24.7,5.2
22.5,1.2
12.1,1
1,-4.3
-4.3,-6.1
1.2,-7.5
-0.6,-13
3.7,-12.6
0.2,-6.3
-3.6,-10.5
-2,-10
-0.7,-17.3
1.4,-16.2
2.1,-11.9
2.4,-14
6.8,-13.1
6,-10.5
6.2,-7.2
5.5,-8.1
7.8,-5
2.7,-5.8
-0.5,-3.5
3.5,-2.7
5.3,-6.8
8.1,-7.4
5.2,-1.5
5.2,-9
3.4,-6.6
4,-11.3
5.9,-10.6
-0.3,-7.5
4.7,-8
-1.7,-6.6
2,-3.4
4.7,-1.2
1.6,-5.9
1,-6
0.9,-5.4
-1.9,-5.2
-0.3,-7
-2.6,-13.3
-2.9,-13.6
-2.9,-14.6
-1.7,-15.9
0.9,-18
6.7,-13.9
4.7,-11.4
7.2,-11.3
-0.1,-10.9
-2.4,-13.8
-2.6,-12.9
2,-17.5
4.2,-13.8
-1,-13.1
2.9,-18.1
10.3,-12.9
9.1,-10.3
4.1,-7.6
3.7,-9.7
-3.7,-14.4
-1.7,-13.7
-1.9,-13.9
-0.4,-14.8
3.9,-14.7
1.4,-12.8
1.6,-11.1
-4,-14.4
-2.1,-19.9
6.9,-16.5
5,-10.1
4.8,-14.1
9.2,-12.9
11.8,-9.6
2.6,0.1
2.3,-1.8
0.2,-6
-0.5,-8.7
2,-14.1
3,-12.5
3.1,-10.5
4.6,-12.3
8.7,-7.9
9,-7
7.2,-9.5
7.8,-3.3
6.6,-10.4
6.6,-9.9
5.6,-7.3
3.1,-11.6
7.9,-11.7
0.6,-4.7
1.4,-4.7
1.9,-2.8
6.6,-2.7
0,-2
-1.7,-8.6
-3.9,-9.2
-1.2,-8.5
0.5,-12.6
0.6,-6.5
-1.6,-6.2
2.4,-8.2
0.7,-7.2
3.9,-13.7
8.5,-12.9
14.6,-9.8
15.3,-5.9
16.7,-5.5
19.4,-3.8
14.5,-1.6
12.7,-0.5
9.2,-2.8
12.7,-2.6
2.8,-2.9
2.4,-4.7
10.7,-2.6
6.5,-0.7
7,-0.5
4.1,-3.1
1.6,-5
-0.6,-5
0.2,-5.8
-1.6,-10.3
9.4,-13.1
17.1,-6.4
18.8,0.6
11.7,0.5
4.8,1.2
6,-0.9
15.3,-8
13.3,2.1
8.9,-0.8
26.6,-0.3
18.9,4.6
13.3,-3.6
12,2.5
9.9,3.5
9.1,2.8
8.2,-1.2
14.5,-8.8
15.9,2.2
16.5,-3.6
13,2.1
11.6,6
10.9,-0.4
12.5,3.8
16.2,-6.3
18.6,-2.9
22.3,1.4
21.4,6.2
15.5,2.8
17.7,-0.9
23.3,1.1
21.6,3.9
12.8,6.3
7,4.4
6.2,3
8.6,-7.1
5.4,-1
14.9,-0.8
21.1,-0.5
17.5,9.1
24.8,8
24.2,8.2
12.7,8.4
9,5.5
14.8,1.3
17.5,-0.5
20.8,3.6
14.7,7
12,0.2
15.8,-3.3
13.6,3.2
20.1,-1.9
22.6,0.8
28,1.3
33.3,8.1
30.5,11.5
25,16.1
20.9,13
22.5,8.2
28.2,8
24.5,12.2
19.9,10.5
25.2,3.2
26.1,8.2
21.6,12.3
20.3,11.9
23.2,13.3
24.6,9.3
18.7,12.9
20.9,12.3
22.7,10.8
27.4,7.2
28.9,7.5
25.7,14.5
27.3,11.9
29.6,10.3
31.1,11.9
27.2,13.5
21.6,17
17.4,14.4
26.4,13.5
27.1,10.9
28.4,11.9
26.3,12.6
25.2,14.4
27.5,10.4
18.1,14.4
24.3,14.6
25.8,14
25.5,12.1
24.3,13.6
21.1,16.6
19.1,13.7
22.8,14.2
28.1,11.8
31.2,14.5
31.3,14.1
32.4,13.8
34.6,15.4
32.3,17.8
32.8,16.8
30.7,14.5
31.4,14.3
32.4,15.5
33.6,16.1
34,18.7
29,15.1
29.9,18.4
29.4,17.6
30.9,16.2
32.2,14.2
35.2,15.5
36.5,15.8
32.8,22.1
29,22.6
30.8,21.7
27.1,22
33.4,18.9
32,22.1
34.8,16.9
31.4,20.1
27.6,18.7
26.7,19.4
29,18.3
31.7,20
33,20.1
30.2,19.4
29.9,20.3
25.3,19.7
29.9,18.1
27.3,21.3
29.2,16.1
24.9,19.1
30.1,13.4
30.4,19.4
30.5,19.5
27.5,20
25.5,21.3
30.6,19.4
31.6,19.6
30.3,20.1
32.9,20.8
36.9,21.3
36.5,22.3
35.7,23.8
30.1,21.9
30.9,19.6
33.5,22.2
32.7,22.8
29.2,22.3
28.4,19.4
28.4,14.5
31.8,20.8
27.9,20.9
23.6,21
28.7,21.2
32.9,23.5
27.6,18.6
25.5,18.9
28.5,11.1
29.1,14.2
29.4,15.1
29.2,19.3
24.3,19.3
22.2,19.5
25.9,19.6
26.8,17.9
20,15
21.7,14.5
23.8,13.1
20.7,12.4
22.4,14.2
26.4,11.3
28.4,12.2
27.4,17.4
25.4,18.3
25.9,15.7
24.1,17.6
25,16.2
22.8,17.4
21,17.3
21,17
18,16.6
18.8,15.9
20.2,13.8
26.6,13.2
27.7,12.3
28.2,13
26.9,14.9
25.6,13.2
25,18
25,18.1
29.9,21
30,16.1
21.8,15.5
27.8,17.5
20.4,11.2
20.4,11.1
21,6.3
16.6,7.4
20.4,8.7
24.7,7
24.1,7.9
15.8,6.9
20.2,7.6
21.5,7.2
19.1,7.4
19.4,8.1
18.2,1.6
21,1.5
24.3,2.4
26.2,4.6
26.4,9.7
24.3,6.4
23.2,9.2
21.2,10.1
19.4,8
14.6,8.9
19.7,3.4
20.9,6.5
21.4,0.7
23,0.5
18.2,4.1
16.7,6.9
21.1,4.9
11.6,6.4
16.3,9
20.3,5.7
18.6,4.1
13.5,8
10.3,1.7
3.8,0
10.2,-0.9
11.5,-3.5
14.5,-3.8
14.7,-3.3
17.5,-0.8
13.6,0.6
9.3,2.7
14.5,0.2
17.1,-4.1
17.7,-3.7
18.4,-3.6
13,4.2
14,-5.1
16.2,-4.8
18.6,-2.8
11,1.3
16.5,-6.5
11.8,-1.7
8.7,-1.3
8.4,-9
11.9,-9.2
14.5,-7.3
12.7,-5.5
16.3,-5.5
18.8,-4.3
9.5,-2.2
8.5,-11
10.4,-5.9
11.5,-6.7
10.6,-9
14.4,-7.8
10.9,-5.1
13,-8.2
15.7,-7.4
15.6,-6.9
17,-6.8
6.9,-5.3
11,-10.9
14,-7.2
15.2,-8
7.2,-2.3
6,-12.3
9,-8.7
13.4,-9.1
7.3,-6.2
8.4,-11.1
8.7,-8.7
-0.8,-6.9
-0.2,-10.9
-3.8,-11.4
0,-18.5
7.4,-15.9
5,-13.7
8.8,-11.1
9.8,-12.2
11,-8.1
10.4,-10.7
2.1,-10.5
-2.8,-8.6
-0.7,-11.9
1.9,-17.5
5.5,-14.6
3.4,-14.2
-1.1,-13.1
-6.4,-14
-3.9,-18.7
-2.2,-18.9
-4,-16.1
-4.7,-12.8
-0.9,-16.1
-2.4,-16.6
-1.7,-17.2
1.4,-15.5
0,-14.2
-3.8,-11.8
-1.6,-16.8
-1.6,-13.6
0.9,-19.7
3.9,-17.6
1.8,-13.1
-1.9,-13.6
-2.4,-20.7
-1.3,-16.2
-1.9,-19.3
-1.3,-16.4
-0.6,-12.1
1.7,-17.3
5,-15.8
-1.1,-16.2
2.4,-19.2
1.2,-15.8
-2.2,-15.4
-2.3,-8.3
0,-13.3
-1.5,-19.6
1.3,-19.8
5.1,-18.2
4.5,-17.2
7.2,-17.1
5.7,-14.6
9,-11.9
10.1,-12.3
11.8,-12.1
9.1,-4.6
13.2,-9.2
0.2,-4.3
1.3,-5.3
4.3,-8.6
-1,-7.2
-2.3,-10.1
0.7,-17.3
1,-15.4
4,-5.6
6.6,-9.3
4.9,-7.5
8.7,-8.2
8.3,-8.3
6.9,-7.6
11.6,0.5
17.8,-8.2
11.8,-5.2
5.5,0.5
1.3,-2.7
0.9,-3.4
-0.4,-4.7
2.9,-3.4
3.9,-11.4
3.5,-7
4.9,-10.7
8.9,-4.1
9.9,-2.2
11.6,-6.1
10.9,-5
8.9,-1.6
14.3,-8.7
15.4,-3.8
20.5,-3.2
21.2,-2
14.3,0.1
5.1,-4
11.8,-9.2
16.6,-7.8
11.5,-2.5
10.1,1.4
4.9,0.1
6.1,-2.6
6.9,-7
11.2,-9
7.6,-5.1
10.2,-8.6
12.3,-8.3
13,-7.7
14.3,-6.2
18.3,-4.8
19.9,-2.3
22.2,1
16.5,3.2
5.4,-1.9
12,-1.7
14.8,-3.7
13,-2.8
15.1,2
14.6,2.5
18.2,0.1
21.9,1.4
16.9,3.1
18,-5.3
24,-1
28.2,5.1
25.1,9.1
25.8,6.5
22.6,8.4
22.3,6.8
20.7,5.2
24,3.2
24.6,4.6
21.5,9.6
18.3,6.8
19.7,2.4
22.4,1.5
28.9,8.8
23.9,12.8
21.6,8
26.8,7.1
32.7,10
24.5,15.2
22,6.4
23.4,8.9
22.4,5.8
24.2,10.5
26.4,10.3
27.3,8.8
24.2,14.6
23.7,15
18.1,13.2
16.1,10.6
23.2,8.6
20.1,8.6
22.2,4.2
26.1,7.6
28.1,8.6
27.3,14.6
32,12.4
33.1,11.3
26.8,17.3
19.6,8.8
17.9,8
19.3,7.4
24.3,4.6
22.3,11.1
24,10.1
26.7,12.7
25.8,11.9
29.8,10.7
24.8,15.9
28.8,12.1
27,10.2
27.5,10.1
30.7,11.2
31.6,13.5
30.2,14.6
29.3,15.9
31.3,16.9
34.1,12.8
33.9,15.9
27.4,19.2
30.8,17.7
31.9,17
30.4,13.4
30.5,14.5
32.1,18.5
32,17.3
29.4,18.1
25.1,17.4
29.6,17
30.9,12.2
30.8,16.2
30.4,15.5
27.2,22
30.4,18.4
27.1,16.8
21.7,14.5
27.9,12.4
25.6,14.9
30.1,12.8
31,16.8
34.1,19.1
31.5,20.9
26.3,20.5
24.1,19.6
27.5,18.8
26.1,19.1
24.7,20.3
27.1,15.8
31.1,12.1
30.5,14.5
30.2,20.5
31.3,16.7
28.9,17.6
29.3,16.7
30,16
30.3,16.3
30,15.8
28.6,17
26.5,16.9
26.9,15
26.7,16.6
29.1,16.8
30.1,21.6
31.3,19.3
31.4,20.9
32.1,18.1
32.4,17.3
34.2,16.1
32.2,20.1
26.9,21.2
29.7,18.7
30.3,18
24.5,17.2
18.1,16.3
27.6,16
28.2,18
26.9,20.3
26.2,18.4
27.3,18.2
31,18.5
33.5,16.5
28.6,18.8
29,19.7
30.3,19.8
31,21.1
31.9,22
33.4,23.1
29.2,21
21.3,17.4
18.5,15.5
16.8,15.2
23.2,14.5
23.8,13.8
23.4,14.5
24.6,14.8
25.9,13.2
25.8,15.4
23.4,16.4
24.6,15.7
26,15.3
27.2,15.9
28.9,17
30.5,18.3
25.9,16.5
22.3,18.1
20.6,16.4
24.8,14.7
22,16.8
18.7,14.5
19.6,12.6
23,9.7
21.4,12.4
16.6,13.4
17.2,13.2
20.7,14.2
16.1,12.3
21.8,10.9
22.6,12.5
20.6,14.1
16.8,10.3
11.2,6.4
16.4,4.6
20.2,6.6
21.3,4.1
22.4,3.8
23,4.8
23.6,5.4
24.9,6.6
23.3,7.4
19.2,8.7
16.2,12.5
21.7,10.9
19.6,5.2
17.9,10.5
13.9,10.3
16.6,3
16.4,7.2
23,4.8
23.4,1.6
23.8,3.8
24.2,5.7
20.2,13.3
15.2,12.4
16.2,12.2
14.1,10.8
18.3,8.3
16,2
18.2,4
21,0.6
21.9,0.9
22.2,2.5
20.1,4.4
20.5,7.8
20.3,2.6
12.6,3.3
15.8,8.3
10.9,3.7
11.1,1.2
7.1,3.6
14.6,0.2
16.1,-1.1
17.1,-1.9
15.7,-1
17.5,6.4
14.4,6.8
12.4,8.9
11.1,8.4
11.8,8.4
10.6,8.7
10.5,7.2
8.8,6.9
9.7,4.5
11.4,0.8
8.7,1.7
7.4,-1.5
10.3,-1.2
13.5,-3.5
13.6,-3.1
11.6,4.2
8.4,6.4
9.3,6.6
12.8,7.4
9.3,0.5
9.3,-6
9.5,-2.1
10.5,-1.3
7.3,-3.8
7.2,-5.9
2.8,-3
6.6,2.2
6.3,2.2
6.3,3
3.8,-2.8
1.6,-5.4
-1.9,-8
0.1,-5.8
-1.5,-9.2
2.3,-3.6
1.5,-1
1.9,-1.9
4,-3.4
-0.3,-6.6
-1.4,-10.6
0.6,-12
5.9,-10.6
6.2,-8.2
6.1,-7.1
4.3,-6.8
1.7,-5.4
-0.5,-10.7
2.6,-12.1
4.7,-8.6
4.4,-8.4
3.7,-7.1
3.2,-7.1
0.8,-10.6
2.2,-11.8
3.4,-12.5
4.3,-12.3
2.5,-11.5
3.2,-9.8
6.1,-9.8
1,-6.9
-2.3,-4.5
4.5,-6.2
4.7,-11.6
0.8,-9.2
-2.7,-9
-0.8,-16.2
2.6,-17.3
1,-15
-1.2,-12.2
1.8,-9.4
4.4,-10.3
3.1,-12
1.3,-12.8
4,-14.5
4.3,-11.8
2.7,-10.6
1.2,-9.1
-0.3,-5.3
3.7,-9.7
2.1,-5.8
0.7,-7.1
-1.9,-6.5
-6.4,-10.2
-3.9,-15.3
-3.3,-17.5
-3.2,-18.5
0,-19.5
5.9,-16.6
3.8,-13.5
5.7,-12.3
-1.4,-8.6
1.6,-6.1
9,-11.1
0,-11
1.1,-15.1
4.9,-14.5
1.5,-7.3
6.5,-4.5
2.1,-9.1
-2.3,-13.2
-3.3,-12.3
-0.8,-14
2.9,-11.6
5.2,-15
1.7,-4.2
2.7,-9.8
8.2,-8.9
4.7,-5.6
2,-9.2
0.4,-13.8
3,-15.3
6.8,-15.6
9.4,-10.2
9.5,-6.2
13.3,-6.6
7.4,-1.8
4.8,-2.1
0.1,-3.1
1.9,-5.2
5.9,-6.4
6.9,-6.7
8.4,-3.3
3,-1.6
2.6,-2.1
1,-3.8
3.8,-4
8,-1.8
6.9,-5.7
10.9,-7.6
5,-0.9
7.3,-3.5
11.2,-5.4
7.1,-6.8
9.1,-5
15,-6.7
13.6,-3.8
8,-1.9
16.7,-2
18.3,-2.9
11.6,-1.6
1.8,-3
9.7,-0.3
3.7,-0.9
3.8,0.3
8.3,0.3
15.8,-5
17.2,-3.6
19.3,-2
20.9,-1.8
20,-0.1
19.9,7.2
14.6,6.8
18.7,0
23,-1.3
11.9,2.8
16.8,-3.7
20.5,-1.4
20.2,-0.6
20,1.2
22.6,0.1
23.8,1.3
21.2,5
19.8,8.9
18.3,5.4
15,6.1
21.3,1.3
20.5,2.6
24.9,3.8
19.8,6.7
21.9,5
22.1,5.5
22.8,6.1
19.5,11.8
20.8,5.2
27.1,11.3
26.8,8.3
20.2,10.6
15.9,6.2
25.7,0.5
27.3,7.7
23.8,8.7
23.6,7.2
25.3,7.1
22.4,11.3
26.6,9.5
26.8,10.5
29.3,9
28.6,10.5
31.8,11.5
28.3,17.2
28,13.9
27.7,15.2
29.9,12.2
24.8,17.2
19.9,15.1
25.8,4.4
23.5,5.8
24.1,5.3
25.4,6.1
28.7,4.7
29.5,12.2
30.3,12.5
28.1,13.1
22.1,16
22.7,13.7
24.5,11.4
22.8,12.3
26.3,9.7
26.4,11.1
29.6,10
29,13.3
26.6,15
25.6,9.4
24.8,16.2
26.5,16.4
26.8,12.7
26.5,12.8
29.6,12.9
29.8,13.1
24.6,19.1
28.8,11.1
28.6,12.7
31.8,13.2
28.9,14.9
29.4,11.3
32.1,9.3
35.2,12.3
29.3,17.8
28.3,11.4
30.5,12.3
32.3,14.4
34.4,15.3
33.9,16.5
32.2,15.3
31.6,14.8
32.3,16
28.6,19.3
23.9,16.5
24.2,16.6
25.7,18.4
22.1,19.1
23.6,18.2
22.7,18.4
30,15.9
31.6,16.7
32.4,18
32.4,17.4
27.7,19.4
27.5,19.2
29.6,17.3
25.8,19.6
27.1,19.1
22.6,21.1
30.9,20.3
32.4,16.9
32.6,19
26.4,17.6
22.2,17.9
25.5,16
26.3,17.3
27.1,15.4
28.7,17.9
28.8,17.8
28.8,20
27.6,22.5
29,20.4
27.4,15.9
29,19.4
30.8,21.6
31.9,24
32.1,22.2
32.2,21.7
35,22.8
29.3,22
24.9,21.2
26.1,19
26.4,20
27.2,20.2
27.4,18.5
25.4,20.8
27.6,20.2
29.7,20.2
31.1,20.4
25.8,19.8
27.5,14.6
28.6,16.2
24.5,19.8
20.7,18.1
19,15.4
28.3,16.9
26.8,15.7
24,18
22.2,20.1
26.5,18.4
27,16.6
26.9,18.3
25.1,10.3
23.9,10.6
25.5,8.9
25,12.7
26.6,12.9
26.5,15.5
29.2,16.5
32.2,13.8
30.6,13.5
24.2,18.6
21.4,18.3
23.4,16.3
25.6,9.7
23.5,10.6
22.4,14.2
22.2,15.1
25.5,11.4
25.6,15.1
25.4,10.5
19.4,11.9
24.6,14.2
20,13.6
20.7,5.1
21.6,5.8
21,7.6
20.8,7.8
22.8,7.7
23.4,8.2
21,8.3
22.2,6.9
17.2,13.3
23.9,12.5
24.7,11
21.5,12.5
19.1,11.9
16.6,14.5
23.6,12.7
17.5,4.7
20.6,1.7
22.6,2.4
22.5,3.2
25.1,4.5
25.6,8.2
22,7.8
20,11.1
20.2,3.8
18.8,8.7
20.4,6.5
19.9,9.8
20.1,1.4
22.6,2.7
23,7
24.2,4.6
19.3,6.6
16.8,9.7
14.2,8.8
17.3,-3
20.6,-1.6
20.8,5
22.9,2.9
16.8,6.8
14.8,-0.3
13.9,-2.8
20.6,-1.7
20.6,-0.8
14.5,3.1
21.4,-0.2
17.4,2.7
18,6.3
14.6,-0.8
15.2,-3.8
17.7,-3.3
17.8,-1.6
9.1,-1.3
3.8,-2.1
11.2,-4.2
15.2,-5.4
11,-2.8
11.6,-3.6
7.8,0.5
6.3,-0.4
6.5,-3.6
10.2,-7
9.6,-4.2
10.7,-6.6
5.6,-4
7.9,-2.5
11.3,-7
15,-5.2
10,-6.1
8,0.3
10.9,0
7.6,-0.9
5.6,-3.7
7.5,-9.9
5.9,0.6
6.3,-8.8
13,-9.5
4.2,-3.9
4.5,-9.8
6.1,-10.9
-2.1,-6.7
3,-9.3
3.3,-4.4
8.4,-10.9
3.7,-5.1
7.3,-10.5
3,-5.9
1.3,-11.5
4.7,-13.8
3.7,-11.9
0.4,-12.9
1.9,-12.7
-0.7,-5.3
2.3,-3.5
-1.1,-7
1.2,-2
2.3,-4.8
2,-10.7
-1.3,-4.8
-2.6,-5.1
-0.2,-7.6
-2.2,-14.3
-7.6,-20
-2.4,-19.1
-0.9,-15.7
-2.6,-14.9
-2,-12.6
-1,-5.3
-1.8,-10.7
-1.2,-18.4
0.4,-17.5
0,-12.5
-5,-12
-4.7,-18.4
-2.2,-20.5
0.2,-17.5
0.4,-15.6
4.9,-9.6
3.2,-14
1.3,-16.2
3.4,-15.6
4.6,-13.6
6.5,-15.7
9.2,-12.7
9.3,-13.8
6.6,-7.7
6.9,-11.3
4.3,-12.4
4.4,-14.5
5.6,-11.3
-1.9,-3.2
2.5,-4.9
-0.3,-6.3
3.3,-6.9
6.1,-9.6
8.6,-14
8.8,-11.1
9.9,-11.5
10.8,-10.6
12.8,-8.6
11.7,-4.3
5.2,-0.3
11.3,-1.3
9.2,-7
2.2,-2.3
1.2,-3.1
4,-5
9,-7.7
0.9,-8.9
-0.7,-7.9
7.6,-8.5
0.3,-8.4
-2.8,-6
0.9,-14.1
6.9,-11.7
7.4,-9.4
8.8,-9.9
7.8,-5.8
10.8,-4.1
1,-3.4
4.6,-10.5
9.1,-8.2
10.1,-9.1
11,-9.1
13.2,-6.7
12.1,-0.5
9.3,-2.7
15.6,-2.9
17,-3.4
15,0.7
6.3,-3.1
10.6,-6.3
13.9,-6.4
16,-5
21.2,-3.9
18.2,-0.7
21.9,-3.4
27,2
24.2,1
9.8,-0.6
8.2,2.4
14.3,2.9
11.2,-0.3
9.7,-0.8
18.3,-3.8
13.4,0.9
19,3.8
19.9,2.5
23.5,1
15.8,-2.7
19.4,-0.8
16,2.5
23.2,0
13.4,0.6
9.7,-2.9
16.9,1
24.9,0.3
16.4,6.3
12.1,0.4
17.3,4.2
18.5,-0.1
16.2,4.6
19.5,-0.8
20.7,8.1
18.4,6.2
10.3,6.8
12.6,-2.6
20.9,-2.1
14.8,5.5
9.4,-3.3
12.5,-0.7
18.9,-1.1
24,0.2
26.3,4.4
27.6,6.5
30,7.6
26.8,14.3
29.1,8.8
14.1,4.8
4.9,-2.2
12.7,-2.6
17.8,0.3
12.4,4.3
21.9,2.5
23.6,2
23.5,2.8
29.2,3.7
28.3,10.3
28.6,12.9
23,12.5
27.5,4.3
24.6,9.5
26.5,8.9
25.2,6.9
26.9,7.7
27.4,10.3
20.5,14.7
22.2,13
17.5,10.8
24.8,14
26.7,5.1
30.3,6.6
33.8,9.4
34.8,11.6
26.9,14.6
24.9,13.6
23.3,13
21,13.3
26.1,13
30.3,11.8
31.4,6.8
35.9,13.5
28.7,17.2
23.1,15.9
26.3,13.3
22.5,16.9
20.8,15.5
27.6,14.4
20.4,14
25.1,13.9
28.3,9.2
28.6,14
31.5,15.2
31,16.4
31.1,13.9
32.6,16.2
31.5,17.2
30.4,18.8
29.7,18.5
25.4,19.1
21.8,14.1
20.1,12.5
24.1,9.4
27.9,8.8
26.7,11.2
27.6,13.7
31.1,16
33.1,19
32.4,21.6
26.6,19.8
25.1,21.3
24.6,20.2
22.3,17.7
22.5,17.1
30.4,17.2
27.7,17.6
31.4,18.2
29.3,17.4
32.5,15.1
32.9,16.9
31.1,18.5
29.2,21.2
31.5,23.6
31.9,20.6
31.4,20.3
30,19.2
32.7,20.9
31.3,20.1
31.2,19.7
29.9,21.9
27.3,21.5
22.6,20
21.9,19.8
22.8,20.6
21.6,19.4
25.5,20
27.2,19.9
29.3,17.5
28.8,19.3
24.8,18.7
27.4,18.7
28.7,20.6
28.1,19.5
23.9,18.2
29.8,17.6
31.5,17.2
27.4,20.2
32.2,22.7
32.7,24
31.9,20.6
28.1,21.4
32.1,16.2
32.7,18.6
29.7,20.2
29.1,20.4
31.3,18.3
33.3,19
33.4,22.5
33.5,22.9
31.3,21
28.7,19.9
32.8,17.8
31.8,18
31.5,21
28.3,19.8
31,19.5
32.1,21.9
32.5,21.6
34.3,20.9
32.4,22.1
28.8,18.4
27.9,17.7
28.8,15.2
29.5,17.3
29.9,18.5
28.5,18.6
29,15.7
23.7,19.1
30.9,13.2
24.4,19.4
26.5,20.9
29.5,14.6
24.1,11.8
25.4,11
27.2,12.1
26.5,17.1
27.3,11.8
22.6,16.4
25.2,16.2
27.7,11.4
27.4,12.5
22.4,14.9
26.1,13.5
27.4,13
25.9,15
27.8,17
32.4,13.4
31.5,11.7
26,18.9
29.5,17.2
29.2,18.8
28,17.6
23.7,14.4
20.7,17.5
19.9,15.1
20.3,16
18.4,15.2
19.7,9.9
17.2,5.9
23,2.8
20.4,5.8
25.4,5
24.9,9.1
23.3,12.5
23.3,14.3
23.8,6.4
23.5,9.8
26.8,7.2
25.2,8.1
24.2,6.8
26.3,6.9
23.8,8.9
26.1,7.4
23.2,8.8
27.7,3.7
28.6,6.9
26.7,9.1
16.1,8.9
14.9,6.6
16.2,6.9
17.8,1.7
16.5,2.7
17.3,1.8
14.7,-0.4
16.7,6.5
20.9,2
19.6,2.3
17.3,-1.4
14.4,-1.1
16.7,-1.8
18.5,1.6
19.8,3
13.9,3
13.2,2.4
10.6,7.3
10.2,7.9
14.6,4.1
15.3,0.4
13.5,-0.7
14.9,4.6
16.9,-1.9
16,-3.3
10.2,4.2
10.9,7.4
13.7,0.4
11.9,-1.7
13.2,-3.7
9.5,1.6
10.6,-2.2
13.4,-5.6
9,-2.8
10.3,-7.3
11.6,-6.9
12.1,-6.2
12.5,-5.2
10.8,-4.8
11.7,-5.5
11.2,-0.1
8.1,-0.3
7.5,-4.5
9.2,-7.1
3.7,-6.8
2.7,-10.2
9.6,-9.6
9.4,-9.3
10.7,-9.5
10.6,-8.3
11.2,-4.7
12.1,-8
10.4,-5
10.3,-8.3
11.5,-8.9
8.6,-6.8
4.3,-5.3
5.4,-11.4
6.4,-11.8
7.5,-12.2
7,-12.8
9.5,-11.7
6.7,-6.9
7.2,-10
-0.1,-8.4
-0.2,-6.9
3.2,-10.9
4.2,-14.1
2,-12.3
4,-12.4
5.8,-12.5
2.8,-12.2
5.4,-11.7
-0.4,-10.3
1.2,-17
0.8,-16
5.1,-17
7.6,-15.3
8,-9.6
9.8,-11.3
8.4,-10
6.5,-9.1
8.6,-11.2
7.4,-12.5
3.8,-9.5
3.8,-3.4
1.4,-6.8
1.8,-16.1
4.8,-12.9
5,-10.8
2.9,-12.5
2.6,-16.3
4.2,-14.9
4.9,-15
6.3,-10.7
3.7,-13.4
8.7,-15.3
5.6,-6.4
3.3,-10.3
5.6,-14.6
10.6,-14.8
13.2,-11.7
8.4,-4
9.2,-9.7
7.7,-9.8
11.7,-9.1
9.5,-8.3
12.8,-6.5
17.1,-7.2
11.5,-7.5
16.1,-1.1
20,-6.9
4.5,-7
-1,-11.6
-5.3,-7
-3.9,-10.8
-1,-7.9
0,-12.4
-4,-9.7
-4.2,-17.2
-0.7,-15.3
-2.1,-13.4
0.1,-12.8
3.2,-13.5
4.6,-10.7
2,-2.8
0.2,-3
2.3,-6.3
5.6,-7.2
5.1,-6.2
6.7,-1.2
7.5,-5.6
9,1.7
7.3,2
12.6,1.6
11.7,-2
6.8,0.4
0.6,-0.9
8.6,-5
11.6,-5.8
10.3,-4.8
10,-2.1
4.6,-3.8
7.4,-3.7
4.3,0.1
8.8,-0.1
14.2,-5.9
15.9,-3.4
16.7,-2.2
12.1,-0.2
10,-4.6
17.6,-5.4
23.1,-4.1
25.5,-1.2
22.7,1.6
15.5,6.8
16.2,5.7
15.4,0.2
18.8,-3.1
20.8,-2
18.6,-0.3
21.4,-0.1
22.3,4.5
24.7,3.8
25.6,6.1
22,10.6
22.3,4
18.8,5.3
15.5,8.3
21.2,4.6
22.1,5.3
18.2,8.3
22.3,0.5
19.3,6.4
20.3,4.4
22.6,1.8
24.7,4.1
27,6.3
21.7,9.8
11.2,8.2
15.4,8.2
23.1,7.7
23.2,9
17.4,9.7
16.6,8.9
20.7,9.8
16,10.6
14.2,9.8
18.4,8.5
13.7,10.3
20.7,4
21.4,7.6
23.3,9.6
18.3,9.3
19,7.4
21.9,8.6
19.7,6.3
23.8,5.5
27.1,7.9
25.8,8.9
19.2,6.8
22.5,3.3
18.5,3.6
21.9,0.3
25.9,5.9
27.9,10.1
25.4,16
25.8,14.8
18,9.3
19.8,9.1
26.8,6.4
25.6,10.5
21.1,14.2
25.6,5.2
25.8,8.3
25,9.9
27.3,11.6
24.4,15.5
31,10.5
31.1,12.9
30.2,13.4
26.5,15.9
27.8,16
24.9,17.3
29.9,8.4
30.8,12
33.1,11.6
35.3,13.8
33.2,16.3
27,18.5
24.3,19.4
26.2,11.7
27.1,15.4
26.5,16.2
31.3,13.6
29,18.5
29.3,11.8
32.4,13.1
31.3,12.4
30.8,11.6
25.9,15.4
30.9,17.3
28.4,17.6
27.1,16.5
26.2,17.9
29.9,15.5
31.2,15.6
30.4,18.6
21.3,16.7
26.1,13.6
25.7,16.2
29.3,15.1
27.7,19.1
28.8,20.1
24.5,18
33,15.1
31.6,19
25,18.9
24.1,18.2
30,13.9
26.5,17.7
30,15.7
26.3,17.8
27.8,18.8
26.2,18.1
29.6,18.4
31.2,18.8
31.8,20.8
22.7,17.9
27.6,16.5
30.9,16.6
28.4,17.1
29.9,13.6
28.9,14.8
31.4,13.8
33.1,17.5
32.7,18.1
32,18.2
31.7,20.3
32.4,21
35.5,22
29,21.4
25,17.5
24.6,18.4
29.4,15.3
31.3,16
31.2,15.5
31.5,15.8
29,18.4
31.5,18.7
29.5,19.8
29.7,20.5
31.1,19.9
33.4,20.2
33.2,22.9
26.4,18.9
19.5,15.3
23,14.9
21.8,16.1
24.9,13.4
29.2,13.9
29,17.2
26.3,16.8
25.2,17.1
28.4,13
30.2,13.1
28.1,15.7
19.4,16.2
25.9,13.1
27.5,13.7
30.5,14.5
30.6,15.3
26.7,17.7
29.4,18
27.5,16.5
28.2,13.9
27.9,14.6
26.5,15.6
26.9,14.8
28.6,13.6
23.4,16.2
26,11.8
22.3,15.5
24.2,15.9
26.9,10.8
28.5,9.9
28.7,10.6
22.8,17.3
24.2,17.2
25.5,14.4
28.9,18
25.6,17.9
21.3,15.2
16.9,12.6
19.2,13.3
17.8,14.3
15.3,10.3
12.9,10.3
17.2,9.7
21.9,12.1
23.7,13.2
27.9,9.5
25.5,13.6
24.8,15.5
20.2,15
23.1,11.9
22,13.8
25.4,15.3
25.8,14.3
18.9,14.6
24.4,12.6
18.6,10.7
14.1,10.6
24.2,8.9
22.6,8.1
21.8,12.9
22.2,4.7
20,5.2
22.5,4.9
21.5,8.3
23,9.6
20.6,9.8
21.2,11
14.5,6.7
15.3,5.4
19,-0.3
21.6,0.6
20,1.7
23,3.4
22.4,4.6
20.2,10.8
17.1,6
17.7,8.9
21,10.5
24.6,5.5
26.1,3.7
27.6,4.1
20,4.7
13.6,5.4
13.9,5.9
11,8.5
15.8,9
12.5,7.9
14,7.1
11.2,-0.9
15.6,-4.5
17.9,-4.3
19,1.9
12.5,-3
7.1,5.5
5.7,2
11.3,-0.3
8.9,-1.9
13,1.7
9.5,0.3
10,-6.9
12.2,-6.5
8,1
8.5,-4.4
10.7,-7.1
13,-7.2
13.3,2.2
14.6,-2.8
15.3,-4
7.7,-2.9
6.9,2
8.7,-0.3
5.1,1.7
7.6,1.8
6.1,-1.1
9,-5.7
6.2,-3.1
4.1,-3.1
-0.4,-8.5
2.5,-11.5
1.2,-6.9
1.9,-11.2
4.2,-13.9
7.2,-12.5
5.1,-7.7
4.8,-12.4
0.4,-4.6
1.3,-6
1.7,-8.1
1.4,-7.6
4.8,-14.6
4.4,-13.9
-0.5,-6.3
-1.6,-12.7
5.5,-14.1
6.3,-13.5
4.8,-12.1
-0.3,-13.7
1.3,-14.1
6.6,-14.8
9.7,-7.3
7.9,-11.2
4.4,-13.5
2.1,-7.5
5.5,-11.4
6,-11.6
11.3,-12.5
11.5,-11.2
4.4,-9.4
